time,baro_altitude,accl_x,accl_y,accl_z,gps_altitude,gyro_roll,gyro_pitch,gyro_yaw,At,T,P,rho,a
0.0,0.45923329307200034,0.9901331624010821,-100.20047371104924,-1.5235616830220973,0.0,0.007956895,1.498896599,0.011074275,100.2169473482401,288.147014983595,101319.48322966072,1.2249582582600804,340.29052427515126
1.239,163.0556849007029,-0.7100023678592886,12.765129464963422,-3.7321932430840463,0.0,0.065480672,4.198809624,-0.088527121,13.318479643839433,287.09013804814543,99381.43929561763,1.205950430291631,339.66588550722633
1.269,183.62263009714596,-1.469105033883386,11.895691903090675,-5.599431829375663,0.0,0.089449123,4.143415928,-0.101842925,13.229489493765957,286.9564529043685,99138.44863298911,1.203562290133472,339.58679262992337
1.32,183.34799928248106,-0.11040278061482,13.072104759419968,-4.590919648662527,0.0,0.076665945,4.07417345,-0.113028206,13.855275343193052,286.9582380046638,99141.6901198222,1.2035941551621754,339.5878488799831
1.37,183.23365626102193,-1.1875439627863345,11.994963577248454,-5.668060830834041,0.0,0.076665945,4.07417345,-0.113028206,13.319771974966477,286.95898123430334,99143.03974385552,1.2036074224130753,339.5882886505798
1.42,183.49730569371442,-1.278295450040528,11.90421208999426,-5.758812318088235,0.0,0.076665945,4.07417345,-0.113028206,13.285639768416296,286.9572675129908,99139.92783509717,1.2035768312683783,339.58727463708885
1.472,232.55742546691047,-1.7694092175438256,12.621974199762052,-5.271312722086185,0.0,0.069211118,3.828629971,-0.18067582,13.792453715442209,286.63837673446506,98562.23615157149,1.1978947489781395,339.3985333767361
1.52,232.4398234135109,-1.6007911228544347,12.493170244621231,-5.045129290583749,0.0,0.030861598,3.942080736,-0.146054715,13.56816732424851,286.63914114781215,98563.61767007536,1.1979083449165866,339.39898593406446
1.569,255.61275162997873,-1.3308081200647714,12.288237639550571,-4.252258814804409,0.0,0.022872113,4.042215824,-0.122086257,13.07109557636924,286.4885171144051,98291.69866965762,1.1952316088590713,339.30979999517547
1.621,255.88286272389922,-1.3945531172015035,12.282059009446765,-4.0521617441042,0.0,0.025002642,4.057129383,-0.117825203,13.008219198207359,286.4867613922946,98288.53267991431,1.1952004349680243,339.30876027701
1.669,279.0668346835257,-1.6848574799845673,11.895811340318428,-4.164972557876591,0.0,0.042046875,4.15406847,-0.086932532,12.71597690231362,286.33606557455704,98017.09936913032,1.1925270580801273,339.2195080953441
1.872,302.18381807020637,-0.7110194176748568,11.512061581962834,-4.021037600307997,0.0,0.065482698,4.146611691,-0.100248337,12.21482107369183,286.1858051825436,97747.0550094078,1.1898659630083073,339.1304904143961
1.92,327.5209132621208,-0.7715302476420531,11.158926599510036,-4.321404635197537,0.0,0.110754155,3.944211006,-0.134865716,11.991306842766804,286.0211140637962,97451.76842340511,1.1869545221760016,339.03289679442287
1.97,352.5682567496157,-0.20132879125053205,12.189651523070824,-2.8493433662192347,0.0,0.05322988,3.774833918,-0.151909947,12.519860029357629,285.8583063311275,97160.56908482203,1.1840817362023588,338.9363916213339
2.019,352.6671003274201,-1.5182357932854087,10.32587272344638,-4.92419658175439,0.0,0.041511968,3.788682461,-0.149246782,11.54020794442581,285.8576638478717,97159.42133102567,1.1840704099611041,338.9360107314421
2.0700000000000003,377.433612198455,-2.457276610733957,9.660269266442127,-5.465075456507357,0.0,0.051099349,3.759920359,-0.157236263,11.36776408917539,285.69668152071,96872.1828597991,1.1812350876698126,338.8405604450679
2.12,377.59910987953555,-0.6876580101170215,11.405901194399656,-3.311687015803836,0.0,0.054827776,3.804128647,-0.152442575,11.896836826901902,285.695605785783,96870.26575679565,1.1812161586350998,338.83992252556754
2.171,402.1653148504564,-1.2606484204206225,10.698590689764501,-4.316418843703624,0.0,0.058023568,3.902665615,-0.1114299,11.605194906648677,285.53592545347203,96586.03465366793,1.1784089364597994,338.7452174747074
2.221,401.59735936768635,-1.4904391807038606,10.310496241124039,-4.056902702260196,0.0,0.067078315,3.925568819,-0.0933204,11.179722770499106,285.53961716411004,96592.59826638571,1.178473780009432,338.7474072959687
2.274,425.1032173853023,-0.2968478865523513,10.918837002503953,-2.901688239187818,0.0,0.070274107,3.920242548,-0.089059345,11.301721762299804,285.38682908699553,96321.25302639861,1.1757923935802808,338.65676577501137
2.326,425.19236883901215,-1.125860403254505,10.53115926684846,-3.4668587992927256,0.0,0.076133057,3.897871971,-0.09545093,11.144145866129804,285.3862496025464,96320.22506247212,1.1757822326893919,338.6564219497031
2.371,448.0191451145905,-0.8985816643274688,9.894955056336949,-4.477239085576583,0.0,0.061219361,3.864316225,-0.092787772,10.897855495638044,285.2378755567551,96057.31229415888,1.1731827979947864,338.5683757381855
2.483,448.13744996097176,-0.5500941649353993,9.955614852467667,-3.9032866049773545,0.0,0.040446702,3.610250711,-0.165225759,10.707591559336134,285.2371065752537,96055.95120552764,1.173169337308676,338.567919359465
2.519,448.1141032098845,-0.2687449880178328,10.208181719250703,-4.058476237912239,0.0,0.035653014,3.56870532,-0.174280494,10.988649928700397,285.2372583291357,96056.21980695968,1.1731719936848988,338.56800942311395
2.57,517.8614018608077,-1.4166575952774447,10.12043510730989,-3.6233362617701417,0.0,0.029794058,3.690145493,-0.146583632,10.842448578129677,284.78390088790474,95256.49432533569,1.1652566996413392,338.29884163239797
2.621,517.5527524401936,-2.228927085280887,9.792674684824545,-2.718234132320669,0.0,0.027130896,3.919177294,-0.072015114,10.40448894623928,284.78590710913875,95260.02139681151,1.165291636567721,338.3000332396519
2.672,540.1807603585466,-1.191412091313039,9.832387772473234,-2.9615523868991107,0.0,0.032989852,3.990550041,-0.03526349,10.337606329318016,284.6388250576694,95001.72143990171,1.1627324298321033,338.21266183560545
2.92,540.2175700660704,0.11174471908487793,10.564686189788452,-1.4281334235128424,0.0,0.133119822,3.553790808,-0.123672448,10.661362307243136,284.63858579457053,95001.30171759501,1.162728270194517,338.21251968734697
2.973,607.1808580955187,-1.75197276295921,8.489894732783796,-5.359413108666578,0.0,0.061214473,3.403055906,-0.115150325,10.191713791372289,284.2033244223791,94240.23537051879,1.155179989345642,337.9538281860726
3.024,628.8966354087072,1.094517075370467,9.897246262253715,-2.6616338397705523,0.0,-0.01388667,3.310378075,-0.132727191,10.307169635791603,284.0621718698434,93994.48922119586,1.1527401973685285,337.86989361192565
3.076,628.7576128544023,-0.10719213390850627,9.122481883048678,-2.232319875265242,0.0,-0.027735107,3.200655699,-0.181196719,9.39225307823567,284.06307551644636,93996.06081503238,1.1527558041597714,337.8704310202275
3.121,628.688711261009,-1.452122321402539,8.597860838556116,-2.747346721508535,0.0,-0.006962451,3.230483055,-0.183327243,9.142197998494458,284.0635233768034,93996.83972760792,1.1527635391716822,337.8706973672561
3.173,651.5164597081845,-1.2640440161573672,8.608445522635137,-3.451534504622281,0.0,0.043104976,3.367369652,-0.16202195,9.360354268272028,283.91514301189676,93739.06445519804,1.1502030284855715,337.782442590184
3.223,651.4635745884323,-0.6433917039870446,9.051603699531526,-2.432720322914015,0.0,0.070801854,3.490940332,-0.125270337,9.394871504584351,283.91548676517516,93739.66098176935,1.15020895539611,337.78264707696417
3.27,672.6674714953275,-1.5883609210248224,8.58155015850091,-3.228978367218171,0.0,0.093705043,3.595336199,-0.07786607,9.305492723884575,283.7776614352803,93500.73439540598,1.1478344771674929,337.700649689923
3.33,672.3247512058717,-0.75197143151368,9.365170679248347,-2.363806428272339,0.0,0.093705043,3.595336199,-0.07786607,9.688109398412434,283.7798891171618,93504.59226027787,1.1478728262077886,337.70197517857935
3.369,693.0831655957736,0.271561132280082,9.290161595183655,-1.8151893941704647,0.0,0.065475538,3.663513184,-0.044310242,9.46972863655023,283.6449594236274,93271.1555161949,1.1455518096742119,337.62168153655824
3.42,693.5701955284053,-0.7221667055630895,7.5768649040595095,-3.504500735485635,0.0,0.066008165,3.628359318,-0.043777611,8.379256048720073,283.64179372906534,93265.68433937784,1.1454973975723837,337.6197974732813
3.472,714.2637288191897,-0.39797643927302584,7.387762608144509,-3.3338186874382982,0.0,0.061214473,3.515441418,-0.075735547,8.114910266985545,283.5072857626752,93033.45815740466,1.1431872947113664,337.53973533414745
3.522,714.0781035410143,-1.911702325200384,6.75190994131512,-4.34384597189808,0.0,0.100096628,3.267234802,-0.146042988,8.252992879154911,283.5084923269834,93035.53919111477,1.1432080009571761,337.540453592521
3.575,736.5193288116861,-0.2869983490786032,8.741195579495702,-2.4600971017248687,0.0,0.098498732,3.233146191,-0.151369318,9.085314852072225,283.36262436272403,92784.22500177952,1.1407067916083244,337.45360844514306
3.621,757.1510046292265,-0.8124088740257442,8.263756558900527,-2.9759135005782196,0.0,0.061747108,3.31304121,-0.115150325,8.820756305798895,283.22851846991,92553.66082175894,1.1384109632103667,337.37374633705974
3.67,757.0083832508658,-0.3563020813944899,8.523181625495484,-2.4862267941005336,0.0,0.045235507,3.327422142,-0.099703997,8.885544432734175,283.22944550886933,92555.2530576135,1.138426821527781,337.3742984678135
3.723,757.5446049984396,-0.7601629875196767,7.9178408684992,-2.300040910644484,0.0,0.02393022,3.359380245,-0.089583986,8.28011110898334,283.22596006751013,92549.26675253773,1.138367198982214,337.3722225855743
3.77,777.3542689451662,0.24766475800559795,8.431564613674254,-2.4579153000914244,0.0,0.028191278,3.361510754,-0.084257662,8.786009747851715,283.0971972518564,92328.33404783989,1.136166234377622,337.29552422112505
3.821,797.0990244046175,-0.5260044833444979,7.533170281978046,-2.0131139488069025,0.0,0.040441815,3.344999075,-0.090649247,7.8152391508294,282.96885634137,92108.55041302102,1.1339757225127458,337.21905980817036
3.874,797.1126179287725,-0.40298129498446156,7.531468249711248,-2.139541438210159,0.0,0.039909184,3.32049799,-0.101834521,7.839837082894923,282.96876798346295,92108.39924629506,1.1339742155412644,337.2190071593152
3.922,817.0267940674679,-0.6905890477037469,7.6947902930478165,-1.8179139497309038,0.0,0.10488838,3.366304159,-0.079993427,7.9367198523960445,282.8393258385614,91887.15934762149,1.1317681842693763,337.1418690621838
3.969,817.458968732061,-0.6374812980603612,7.503244227041841,-2.148576625435205,0.0,0.108084179,3.355651379,-0.065612361,7.830800588150612,282.83651670324156,91882.36280529088,1.1317203457154539,337.140194826324
4.0200000000000005,817.4342959423207,-0.4074569679778114,7.426252742979937,-2.455830481958372,0.0,0.118204191,3.314638853,-0.061883938,7.832391355102642,282.8366770763749,91882.63663374896,1.1317230767700122,337.1402904084334
4.073,837.1141153152473,-0.5975632288467557,6.986695950662975,-2.8666046785253703,0.0,0.098496795,3.25711441,-0.079460792,7.575514801148745,282.70875825045084,91664.43199107627,1.129546300195166,337.0640423986348
4.12,836.9383780020797,-0.6185108947736134,7.200807446153675,-3.285713793083215,0.0,0.062277801,3.206514359,-0.083721854,7.939149748782495,282.7099005429865,91666.37866149435,1.12956572424069,337.0647233562272
4.171,876.9857766936793,-0.2773562628679739,7.028669012770224,-2.7142973108413693,0.0,0.033515662,3.13354373,-0.092243969,7.5396634194948735,282.44959245149107,91223.63171382654,1.1251459321235566,336.9095096884039
4.221,876.5487929226135,-0.23097396093387557,7.166196959212451,-2.197796476620837,0.0,-0.001638066,3.063769102,-0.114614524,7.4992024363596315,282.452432846003,91228.45345763866,1.1251940879004887,336.9112037137133
4.271,895.9982267899002,-0.30802364784582437,7.640816883053288,-1.8766844593511465,0.0,0.017536694,3.046724796,-0.119408213,7.873938389900858,282.3260115258656,91014.04523133284,1.1230522790853246,336.8357971651761
4.32,896.5188023859107,-0.17398120387178928,7.79884555472795,-1.339683338844004,0.0,0.020732487,3.058442593,-0.122604005,7.9149866010105665,282.32262778449154,91008.3120803669,1.122994995197462,336.8337786323599
4.372,914.5713840124712,-0.9718488300938857,6.674772839971212,-1.89289744104513,0.0,0.031917762,3.137804985,-0.106625043,7.0057221851917175,282.2052860039189,90809.67802618361,1.121009880250473,336.76377222972616
4.42,933.5430494046195,-1.9373755284319853,6.025856155028994,-1.7598819052615153,0.0,0.089207761,3.16385746,-0.099265933,6.569745098535774,282.08197017886994,90601.30968124018,1.1189265943654618,336.6901860104961
4.473,933.124151811828,0.3619703607364386,6.881267073655612,-1.7199831953669593,0.0,0.100393035,3.178771019,-0.07210169,7.102196932877408,282.0846930132231,90605.90630605278,1.1189725616692654,336.6918109803444
4.524,933.1486212177916,-0.6169556015924323,6.593127479095286,-2.363110035266065,0.0,0.095599346,3.170248985,-0.07796064,7.030949666205329,282.0845339620843,90605.637794474,1.1189698765040126,336.691716059874
4.571,951.8141695314577,-0.7056608411204689,6.403682459945896,-3.070644842518316,0.0,0.075891957,3.049874067,-0.085417494,7.136803627632886,281.9632078980455,90401.00165283911,1.11692303673722,336.6193018203019
4.621,970.5838894970824,-0.9133221639448565,5.817048150129421,-4.017063789929837,0.0,0.070565633,2.999274015,-0.09393961,7.1280437743074,281.84120471826895,90195.60098906777,1.114867663278546,336.5464677279064
4.673,969.9943560811414,-0.5966742746663873,5.701954777146412,-3.206311743964278,0.0,0.026357161,2.891149759,-0.113114372,6.568770316440871,281.84503668547256,90202.04661334571,1.1149321759380522,336.54875559536816
4.721,970.2390114848293,1.188668767700855,7.640805657937961,-0.6198483709902602,0.0,-0.005600774,2.767579079,-0.153061792,7.757516132416581,281.8434464253486,90199.37164453544,1.1149054029431753,336.5478061360003
4.772,989.2920648154775,-1.12774536242418,6.221454180644429,-1.4731384826713296,0.0,0.039672967,2.841614962,-0.142409146,6.492182892791489,281.7196015786994,89991.25002555194,1.1128219098861634,336.47385676517564
4.824,989.2504859684644,-0.5384579664414082,6.585276962210389,-2.169481360700764,0.0,0.061510887,2.920444489,-0.116310164,6.954312261113326,281.71987184120496,89991.70377872181,1.112826453378465,336.4740181601323
4.871,1006.7891372030164,-1.0379774904649925,5.735567182236201,-2.1461139599158736,0.0,0.051923506,2.981164455,-0.09393961,6.2112746921709,281.6058706081804,89800.46747630597,1.110911191718771,336.40593220291083
4.919,1024.6789676134938,-0.5906725063031286,6.062943698649785,-2.125753403962019,0.0,0.082814835,3.044014931,-0.080088966,6.4518995526244565,281.48958671051224,89605.74116894268,1.1089601795486073,336.33646875019895
4.97,1024.8465665117628,-0.5325479879762655,6.32254762789976,-2.038845924097004,0.0,0.076955877,3.062657118,-0.075295277,6.6644661128079425,281.48849731767353,89603.91851503849,1.1089419141095729,336.33581792169184
5.021,1041.7693916582537,0.4992878185495121,6.524480156310841,-1.7313766276785514,0.0,0.04979163,3.055732727,-0.061979473,6.768736563252955,281.37849895422136,89420.0356739672,1.1070987975687494,336.270095867493
5.073,1041.7666695745486,0.17618178237978838,6.186982846317962,-1.253362387358108,0.0,0.016768431,2.902867317,-0.097133197,6.315117895583521,281.3785166477654,89420.06522744447,1.1070990938506102,336.2701064401019
5.12,1059.3505047815993,0.31315329888790105,6.506245088628736,-1.2507104490694463,0.0,0.010376845,2.87144208,-0.102992155,6.632764639976412,281.2642217189196,89229.32364248668,1.1051864679021426,336.20180365694387
5.17,1059.304522849808,0.1749390050445451,6.03223183670976,-1.168256825253618,0.0,0.012507374,2.852799892,-0.10938374,6.146808000666073,281.26452060147625,89229.82200392344,1.1051914661421414,336.2019822876053
5.221,1076.829370554928,-0.7301708958218798,6.13451869983266,-0.8261134655799824,0.0,0.055650584,2.861854553,-0.112579532,6.232810976895937,281.15060909139294,89040.04736674247,1.1032877659697522,336.13389486268426
5.273,1076.8678485561875,-0.6862598246608411,5.66033990772888,-1.4250174953473078,0.0,0.073760085,2.876768351,-0.09340477,5.877165582150773,281.15035898438475,89039.63105260384,1.1032835889192778,336.13374535302864
5.321,1094.146584942398,-1.485909621204315,5.066967207997492,-2.152710290412408,0.0,0.085477993,2.949206352,-0.05718578,5.702301788204209,281.0380471978744,88852.84233612253,1.1014090859702215,336.0666005829942
5.37,1094.2387053458908,0.09942684321629713,5.7936175279704,-1.4164654785575208,0.0,0.070564292,2.953999996,-0.04227208,5.965087108291295,281.0374484152517,88851.84733586558,1.1013990987199092,336.06624256928455
5.42,1111.2733102404995,0.3149237204441192,5.6829093767931464,-1.2633314165847174,0.0,0.074289933,2.870908976,-0.057181232,5.830149415124091,280.9267234834367,88668.01015468783,1.0995534795177186,336.0000332831661
5.47,1111.2921064229272,0.0579154863107994,5.80967132949357,-1.6690504045490218,0.0,0.095062584,2.795275211,-0.095530748,6.044945360647973,280.92660130825095,88667.80747684078,1.0995514443475827,335.99996021985896
5.545,1128.9719573457253,-0.03198449791238822,6.055570706214089,-1.893269971000298,0.0,0.080148883,2.748403549,-0.100857072,6.344716760357106,280.81168227725277,88477.33300328035,1.097638421604011,335.9312292073477
5.586,1128.8689939651624,-0.8330114069574807,4.32869804951214,-3.2075896066045964,0.0,0.070028871,2.742012024,-0.091802321,5.451620483156299,280.8123515392264,88478.44132277418,1.0976495552313716,335.93162952164676
5.623,1145.6917583999414,-1.5947356481807256,4.593558932699019,-3.1633963123686133,0.0,0.033277251,2.673302412,-0.102987602,5.800951791289486,280.70300357040037,88297.50661650398,1.0958316232957794,335.8662174807654
5.673,1145.895432022437,0.3532542909385423,5.40942646729733,-2.4626597450291015,0.0,-0.054074433,2.589146376,-0.099259175,5.954105837063207,280.7016796918541,88295.31787267937,1.0958096276713003,335.86542545752667
5.756,1145.9924728052579,-1.0006150983032733,5.019779911339994,-2.0991573324249875,0.0,-0.066857614,2.580091715,-0.11257498,5.532258348949244,280.7010489267658,88294.27505592065,1.0957991479224012,335.8650480955102
5.773,1162.0686788310938,-0.9929619925355497,5.406406490147124,-0.6619600970057447,0.0,-0.025844926,2.688748598,-0.098193906,5.53655089612233,280.5965535875979,88121.65503473804,1.0940640844931948,335.8025267776405
5.831,1194.69643101937,-0.7287204175825657,5.752199118512476,-0.4217042376499238,0.0,0.027418297,2.845342636,-0.044398058,5.813489710154248,280.38447319837405,87772.15107364809,1.0905491174626563,335.67559971530636
5.877,1194.399867557205,-1.2967083132889727,4.88678938743797,-1.4358249219851378,0.0,0.036473047,2.903932095,-0.021494873,5.255830683490739,280.38640086087815,87775.32275758743,1.0905810270985274,335.67675360972066
5.917,1210.2835694657288,-1.66942407099121,5.046555081501766,-1.7701637403750266,0.0,0.039136205,2.931096315,-0.009776963,5.602515023377864,280.28315679847276,87605.58047109898,1.0888729776090076,335.61494636354064
5.971,1210.5786919266777,0.1082774954325681,4.766288351436773,-1.95448746273825,0.0,0.001315865,2.948140144,0.015795035,5.152596423848856,280.2812385024766,87602.42914145866,1.088841261075206,335.61379786443564
6.023,1226.543961454748,0.4276883746865894,5.507846500145685,-1.1073925460219676,0.0,-0.016793631,2.860255718,-0.006042886,5.634324153436164,280.1774642505441,87432.08808720286,1.0871265415566613,335.5516615342057
6.07,1226.7229268632402,0.6497699716545352,4.96718495335258,-1.1875299331536455,0.0,-0.017326264,2.751066208,-0.05664295,5.148335140510193,280.1763009753889,87430.18014140215,1.0871073318323097,335.5509649412136
6.12,1242.5202858856062,1.2057142735022373,6.1323646497292135,0.6060733107257181,0.0,0.010370612,2.637082815,-0.100851424,6.279089740125519,280.0736181417435,87261.8976662424,1.0854127034852536,335.4894706583538
6.17,1242.8662653785905,-0.08711551494134812,4.901897574320386,-0.08711551494134812,0.0,0.056176983,2.613646984,-0.121091448,4.9034455289128145,280.07136927503916,87258.21503262776,1.0853756118950377,335.4881237399619
6.22,1258.3595768189361,-0.02829403563898525,5.459620180656988,0.12041695470162184,0.0,0.109972842,2.637615442,-0.114167228,5.461021270098606,279.97066275067687,87093.43192755536,1.0837156067341154,335.4278018286715
6.274,1258.3377851920773,-1.0623365313285231,4.348823292234972,-1.9929793415311954,0.0,0.138202339,2.736685038,-0.044392407,4.900284643635577,279.9708043962515,87093.66352092665,1.0837179401969486,335.42788668016493
6.321,1273.1562810193934,-1.5248577418200182,3.8335344288150868,-2.5754286179050436,0.0,0.123821281,2.739348173,-0.04066398,4.863538826371528,279.8744841733739,86936.29309628958,1.0821320523572011,335.3701819702428
6.378,1273.1047326234075,-0.8613483903028942,3.8878080921705696,-2.6458798274270783,0.0,0.084406495,2.674899817,-0.025217645,4.7809677756924795,279.8748192379478,86936.84013391579,1.082137566030523,335.3703827220795
6.421,1288.6971026162175,0.5797684736944559,4.662124167702856,-2.183377103608626,0.0,0.034871694,2.530023813,-0.055045053,5.180605062609139,279.7734688329946,86771.4991117464,1.0804707686197912,335.3096537827617
6.471,1288.2499175260343,0.4934848240989347,4.168084997499166,-1.9050792013828808,0.0,-0.006673619,2.373962641,-0.092329308,4.609315196592138,279.77637553608076,86776.23749968453,1.080518544558494,335.31139562604307
6.525,1304.8418016406279,1.3591564348427374,5.139293230937224,-0.4349693568675841,0.0,-0.015728366,2.207781315,-0.141864091,5.333745351002932,279.6685282893359,86600.56961748697,1.0787469986142895,335.2467620479509
6.574,1304.8131252322853,-0.4416626070921191,4.556944708479348,-0.8206357133411787,0.0,0.019957993,2.101787567,-0.197257847,4.651263689434552,279.6687146859901,86600.87298260868,1.0787500585288805,335.24687376746533
6.622,1320.3231426462532,-0.3080678881922559,4.551422526052495,-0.5815041532763068,0.0,0.033273797,2.116168499,-0.194062054,4.598749820839454,279.5678995727993,86436.91949749526,1.0770960321415166,335.1864433435828
6.673,1320.68313633492,-1.352958654862344,4.283666734167251,-1.0363482035227964,0.0,0.088667549,2.365972996,-0.125885129,4.610240276831889,279.565559613823,86433.11705851615,1.0770576645828733,335.18504059997525
6.72,1334.7909060816646,-1.0006341586521073,4.247423779563885,-1.5906808019180685,0.0,0.073753849,2.508185863,-0.04971873,4.644582101358192,279.47385911046916,86284.21014544553,1.0755549039478713,335.1300639464091
6.772,1334.6104863533178,-0.5129506561064833,4.169046171045537,-1.7889867689493195,0.0,0.053513825,2.578493357,-0.015630266,4.565581891871533,279.4750318387034,86286.11315585062,1.075574112138543,335.1307670820746
6.823,1349.1039042932423,-0.9170180724904745,3.6786304573125084,-2.0443431569106454,0.0,0.025284315,2.580623865,-0.008173415,4.3072709608229625,279.3808246220939,86133.34940562765,1.0740319221282673,335.0742783188242
6.872,1363.5852439435191,-0.5656706916209032,3.4159455153966944,-2.05278037755838,0.0,-0.005075722,2.531621695,-0.023087116,4.025242150977552,279.2866959143671,85980.93176355709,1.0724927074507795,335.01782711835904
6.922,1363.2002371858518,0.6416788448763326,4.345061688186325,-1.224403874152566,0.0,-0.013065206,2.411246777,-0.052914523,4.559657625430471,279.28919845829193,85984.98117267777,1.0725336077854009,335.01932807590936
6.971,1363.4660305291707,0.28104096486775265,3.9844237710978465,-1.153300226327423,0.0,-0.029046699,2.25092411,-0.104043081,4.157489413536764,279.28747080156035,85982.18560527069,1.0725053716945585,335.0182918752692
7.021,1378.404858979347,0.26182032271308187,4.267421975746959,-0.8031421198256501,0.0,-0.005078249,2.133744955,-0.159436837,4.350227288902467,279.1903684166342,85825.17991893721,1.070919285383941,334.96004740206376
7.07,1378.3814901082733,-0.18863485944992095,3.9081124431028815,-0.8698269908871404,0.0,0.00663966,2.130549192,-0.165828422,4.00818225286863,279.1905203142962,85825.42534215757,1.070921765103108,334.96013852204294
7.123,1393.1561840136028,-0.9260733436767301,3.4680957381232433,-1.0460015919520975,0.0,0.036999699,2.173159838,-0.165295795,3.7389061524760856,279.09448480391154,85670.37275299418,1.069354868137717,334.90252403967924
7.172,1407.3523214783643,-1.0656193543430883,3.491652199067648,-1.6412746265764295,0.0,0.080142908,2.216302872,-0.14345786,4.002619403271828,279.0022099103906,85521.60555769745,1.0678509814810722,334.8471563216398
7.223,1407.610733353242,-1.0615271332381515,3.4285844451622864,-1.5220513650550562,0.0,0.079077646,2.260511398,-0.118956782,3.8985473589627655,279.0005302332039,85518.89949266102,1.067823621279513,334.8461483798457
7.272,1420.9727398410578,-0.3251629103684733,4.040223538601637,-1.505256380295569,0.0,0.066827103,2.319101095,-0.086466216,4.32376386156443,278.9136771910331,85379.06825985221,1.0664096058507262,334.7940254137766
7.321,1421.1159768207986,-0.6195700854735444,4.177557671857376,-1.4878503129221827,0.0,0.062033415,2.332416773,-0.077411473,4.477672804724655,278.9127461506648,85377.5703116571,1.0663944557644587,334.7934666261689
7.37,1420.780615340478,0.2232497118452117,4.531070385056452,-1.1247432551585639,0.0,0.011965982,2.36916852,-0.042257745,4.67391555959233,278.91492600028687,85381.07749891716,1.0664299269982218,334.79477491701584
7.421,1434.6928808518826,-0.9005223148579681,3.4648640980344028,-1.9702816605991675,0.0,-0.035438284,2.380353689,-0.033735629,4.086347204961704,278.8244962744627,85235.68191130202,1.0649591823859028,334.7404969791052
7.472,1434.634146517,0.4588677940491478,4.051916220542694,-1.08580733793675,0.0,-0.047690764,2.384081841,-0.031601928,4.219900743599286,278.82487804763946,85236.29531580325,1.0649653882624692,334.7407261463787
7.521,1461.3507293611601,0.10898185489481564,3.855538837358812,-0.308368237768085,0.0,-0.068996049,2.353721857,-0.037993517,3.8693859643543767,278.6512202591524,84957.64374353169,1.062145365626621,334.63646825405266
7.57,1461.5387277656137,-0.2814524475914273,3.210856455833577,-0.3869892637024505,0.0,-0.020526521,2.262109041,-0.089126207,3.246317198063727,278.6499982695235,84955.6855539091,1.06212554204396,334.6357345003271
7.625,1474.5980594989667,-0.39267252655578555,3.35868156455336,-0.20558455080349672,0.0,0.023681954,2.262109041,-0.108833596,3.3878014364350495,278.5651126132567,84819.74909437544,1.0607491870840424,334.58476027142876
7.679,1488.0764972820095,-0.9783891846460635,3.20470628798153,-0.7289384517640023,0.0,0.087597825,2.323894501,-0.094985157,3.4291017855002273,278.4775027676669,84679.63484964523,1.0593300927983975,334.53214200916824
7.72,1488.2111555078905,-0.9859010321021706,3.1636142330462813,-1.0002924031347904,0.0,0.098783098,2.335612297,-0.083267249,3.461364001719887,278.4766274891987,84678.23596478855,1.0593159224693869,334.53161627727246
7.774,1500.9208181550855,0.020427062029756082,3.81975221854504,-0.5984024325368212,0.0,0.111033641,2.408050299,-0.029471397,3.8663949290274147,278.3940146819919,84546.28698445697,1.057979114274175,334.4819915634504
7.819,1501.6966506425294,-0.6600097516850172,3.2976207407375764,-1.062968427215965,0.0,0.107837848,2.414974451,-0.022014547,3.527012517601822,278.38897177082356,84538.23785354733,1.0578975536710584,334.4789620970815
7.87,1514.6147784033046,-0.565599725054928,3.142580252956358,-0.9877469814817453,0.0,0.081738867,2.374494553,-0.00603558,3.3423581188555715,278.30500394037847,84404.30561774268,1.0565402220069628,334.42851543120526
7.923,1514.5935335177717,0.47831187810774756,3.826707037133134,-0.3755769051506337,0.0,0.059368316,2.343601942,-0.00603558,3.87472928247455,278.3051420321345,84404.52573878715,1.0565424531521934,334.4285984009948
7.97,1527.5435011246852,-0.18686286438921587,3.123155206002069,-1.040751649651916,0.0,0.051906493,2.320165396,-0.012419034,3.297298919891667,278.22096724268954,84270.43561440308,1.0551831114737016,334.3780197707673
8.022,1527.7745259957283,0.019159614556135462,3.348366188677015,-0.9162802632031493,0.0,0.045514908,2.194464207,-0.042779073,3.471525996595879,278.21946558102775,84268.04504005183,1.0551588732399277,334.3771173885074
8.072000000000001,1527.3918142184616,-0.470426295760374,2.8635774100553206,-1.4826203137079639,0.0,0.043917011,2.168365002,-0.048638027,3.258763489077025,278.22195320758,84272.00525374648,1.0551990261074555,334.37861225791664
8.139000000000001,1540.540017049875,-0.20646716068790757,3.3961759390784714,-1.2138640709925084,0.0,0.027405409,2.126287222,-0.064616993,3.612493000749561,278.1364898891758,84136.03698350591,1.05382022928983,334.32725164389916
8.173,1540.4204080732409,-0.10594331792996192,3.3671772621541436,-0.8303096536615479,0.0,0.009828546,2.074621916,-0.074204378,3.469657162076023,278.1372673475239,84137.27308338674,1.0538327659653794,334.32771890608984
8.223,1553.5955824596797,-0.5029237562469101,2.6152094782824733,-1.5534946964701382,0.0,0.000773798,2.046392441,-0.084857017,3.083115095460569,278.05162871401205,84001.20251570459,1.0524525111680494,334.2762450897461
8.272,1553.0856028945088,-0.22728027632400866,3.0203754698703724,-0.8509068705162999,0.0,0.000773798,2.030413389,-0.090715975,3.146167002130121,278.0549435811857,84006.46616537208,1.0525059117933497,334.27823766582696
8.32,1565.8756698236962,-0.8268830609402786,2.583874954428663,-1.3593642391167897,0.0,0.013024339,2.023489237,-0.102966517,3.034471372608952,277.971808146146,83874.53672407569,1.051167272959368,334.2282611325555
8.370000000000001,1578.3778871020609,-1.0784636552776725,2.4905995677221733,-1.3998712423206734,0.0,0.01781803,2.033609152,-0.101901248,3.0538188481914212,277.8905437338366,83745.73864867972,1.04986002041186,334.17940213352006
8.420000000000002,1578.2718256492572,0.5563593557358225,4.374873165302454,0.40285122969176246,0.0,0.025807513,2.077817678,-0.087520182,4.428469268095067,277.8912331332798,83746.83062177399,1.0498711051395553,334.17981665455375
8.471,1590.3829097276252,-0.8081890479293817,2.9719478213227424,-0.9185229887201043,0.0,0.025273111,2.149190187,-0.056624614,3.2139271725826815,277.8125110867704,83622.21345336833,1.0486059262393925,334.13247946052843
8.519,1589.837801100965,-1.286108860306495,2.5419992938246803,-1.3532686148417206,0.0,0.022077318,2.206714392,-0.032656163,3.1539138152904043,277.8160542928437,83627.81912720797,1.0486628456840352,334.1346102077202
8.571000000000002,1602.3837332432702,-0.8381813618176736,2.764461373162677,-1.0780377130552927,0.0,0.010892042,2.265836477,-0.005491921,3.083335854196959,277.7345057339187,83498.87896305828,1.0473534165095622,334.0855666132404
8.625,1602.8104858796357,-1.1254452521033687,2.376457850573064,-1.3413159969792012,0.0,0.002369926,2.280750275,0.000899666,2.951831217191232,277.73173184178233,83494.4958677739,1.047308897997637,334.0838982579931
8.671000000000001,1614.3130117486762,-0.22258123822803322,2.9243344176755754,-0.654322748022887,0.0,-0.007217454,2.298327208,0.010487046,3.004898076905986,277.6569654236336,83376.42577605083,1.0461095084798695,334.0389269154055
8.724,1614.4354694259284,-0.7755122904355192,2.1603298023950432,-1.173673876362347,0.0,-0.01094588,2.274891376,0.005160724,2.5779748904495112,277.6561694487314,83375.16951124441,1.0460967452485201,334.03844811093484
8.775,1626.5186248873918,-0.10810702360985075,2.8469238134685666,-0.4726887137291167,0.0,-0.012543776,2.2525208,-0.003361392,2.887922600821406,277.57762893823195,83251.2865798932,1.0448379561793575,333.99120009576194
8.82,1626.3995072615953,0.5761712564302922,3.300939712028011,0.16361827241254018,0.0,-0.006684822,2.225356579,-0.011883507,3.3548393759235764,277.5784032027996,83252.50710923113,1.044850359859373,333.99166590666465
8.874,1638.2541521850949,0.28016995619910284,3.177635117734592,0.06429917424337167,0.0,0.014087835,2.173691273,-0.030525636,3.1906103694473757,277.50134801079685,83131.11043807783,1.0436164916408743,333.9453049903516
8.921000000000001,1638.4128511859676,-0.3206985038513673,2.5144041210294215,-0.5365692397077652,0.0,0.03219733,2.145994425,-0.040113013,2.590942331126421,277.5003164672912,83129.48626478025,1.0435999813214898,333.94468430970767
8.969000000000001,1649.517534398439,-0.6263963494765832,2.213503402088224,-0.9669924422534972,0.0,0.051902868,2.116166592,-0.045436304,2.495404592660099,277.42813602641013,83015.90138319369,1.0424451968826403,333.90125040935897
9.02,1649.6528871502942,0.4971828820366997,3.2987057203453025,0.02706436879129459,0.0,0.061490249,2.100720406,-0.043305773,3.3360729499948305,277.42725623352305,83014.51769553532,1.042431127480265,333.90072096742455
9.071000000000002,1661.617755968517,-0.03789474455182311,2.7156565803853816,-0.6375357504211973,0.0,0.061490249,2.094328642,-0.043305773,2.7897452405766714,277.3494845862046,82892.27668899938,1.041187998883157,333.853916212852
9.12,1661.5909816727226,-0.7700568056378755,2.0074801066200867,-1.4368575480036057,0.0,0.05669656,2.066631794,-0.042240512,2.5860246471446358,277.3496586191273,82892.55007008648,1.0411907794181503,333.8540209571673
9.171,1684.4163405533163,-0.33406326040092993,2.342734294144795,-1.0776180116720815,0.0,0.038587064,2.021890879,-0.048099466,2.6002428375042013,277.2012937864034,82659.75475342508,1.038822406186921,333.7647134343922
9.22,1684.2029216590008,0.6852338587519423,3.3476397496344967,-0.09669790599135475,0.0,0.03272811,2.012303352,-0.048632096,3.4184189063858317,277.20268100921646,82661.92895333945,1.0388445315564598,333.7655485774016
9.271,1695.437472858972,-0.23271681152326779,2.45847172922586,-0.9666773825840206,0.0,0.01568388,1.972355962,-0.055556316,2.6519248706869205,277.12965642641666,82547.5401526472,1.0376803232911294,333.7215831019685
9.317,1695.5050322025263,0.5988585239920907,3.1509303407967204,-0.2742187710131604,0.0,0.00875966,1.956377029,-0.059284743,3.2190354888828563,277.1292172906835,82546.85265975278,1.037673325307004,333.721318696614
9.376,1706.2769390228316,-0.6866037818073518,2.0093819868438954,-1.1807079465117174,0.0,-0.004023514,1.91802752,-0.069937386,2.429632066219244,277.0591998963516,82437.29558563202,1.0365580030544144,333.67915826785884
9.422,1706.361785943699,-0.284048555883756,2.3159948444434315,-0.8117326524734225,0.0,-0.007751939,1.895656943,-0.078992136,2.4705112022979656,277.0586483913659,82436.43310662851,1.0365492216538872,333.6788261622817
9.47,1717.5673877394636,-0.14482659058641292,2.4456223729775646,-0.475828467075189,0.0,-0.008817204,1.893526435,-0.079524763,2.495687533051448,276.98581197969344,82322.59102271733,1.0353899756540228,333.63496258677594
9.52,1717.567228292264,-0.06716302030647262,2.499300337897878,-0.40296199541880323,0.0,-0.007222171,1.895123839,-0.081117973,2.5324674568619905,276.9858130161003,82322.59264169763,1.035389992142154,333.6349632109624
9.57,1728.4234346796652,-0.021737662089080956,2.5926971633873346,-0.3479423297167666,0.0,-0.004026378,1.896189094,-0.079520077,2.6160303843416193,276.91524767458213,82212.42164222711,1.0342678380980617,333.59246181978443
9.623,1728.9680777850438,0.06825806208432317,2.817012233279205,-0.10923563324162505,0.0,0.002897841,1.90950489,-0.07206323,2.819955586361938,276.9117074943972,82206.8976394153,1.0342115654703328,333.59032943233444
9.671,1739.1886729341247,-0.19565617661458498,2.4235756923666174,-0.3251786241413802,0.0,0.004495738,1.92601645,-0.060877953,2.4531085613311627,276.84527362592814,82103.29172779668,1.0331560059932907,333.5503112156422
9.72,1739.1116376265884,-0.2937896542490552,2.296659547828864,-0.3705436801911867,0.0,0.00982206,1.935603857,-0.057149526,2.3448368937960034,276.8457743554271,82104.07223707924,1.0331639589380257,333.55061286139994
9.769,1749.473897346025,-0.6872482170825103,1.9127949627696053,-0.9223075057743142,0.0,0.015681015,1.942528129,-0.049692675,2.231982485748376,276.77841966725083,81999.13743325147,1.032094603995759,333.51003509891285
9.821000000000002,1749.7424809514996,-0.36286285190682793,2.1988035339460548,-0.5835307705681714,0.0,0.012485221,1.962768078,-0.038507398,2.303674150219058,276.77667387381524,81996.41903017291,1.0320668982148187,333.50898328181523
9.872000000000002,1760.65420727463,-0.36747918470774615,2.2133755254881953,-0.5545671524427597,0.0,0.01461575,1.972888112,-0.033181075,2.3111938245400547,276.7057476527149,81886.0403577099,1.0309417785369186,333.46624838084665
9.920000000000002,1760.1523787005058,0.0007753432662370718,2.442513573042419,-0.23428392638453793,0.0,0.013017854,1.976083875,-0.027322123,2.453724131563241,276.7090095384467,81891.11401461782,1.0309935020189782,333.46821387235036
9.97,1770.5271613125776,-0.7635998053711424,1.5342242951762044,-0.979470550246975,0.0,0.013017854,1.971290231,-0.026256859,1.9739025835823003,276.6415734514682,81786.27320053561,1.0299245766121823,333.42757702826793
10.02,1770.0701692317316,0.8028068076194101,3.091036636759851,0.534167642161073,0.0,0.013546781,1.956375957,-0.026250795,3.2379532624921628,276.6445438999937,81790.88897621755,1.029971643156756,333.42936711857055
10.071000000000002,1780.4321280411643,-0.27475873626524533,1.9031373164386176,-0.6345433177393626,0.0,0.016209939,1.929744363,-0.033707645,2.0248627683038016,276.5771911677324,81686.28148020593,1.0289048481871275,333.3887757777346
10.119000000000002,1780.4540175680702,0.4651283925556157,2.6046474778866666,0.10054668439748032,0.0,0.019405734,1.907906413,-0.039033964,2.647761798456589,276.5770488858075,81686.06061271936,1.028902595489315,333.3886900237311
10.182,1791.0845707823582,-0.8312834370452878,1.2506699356629363,-1.1239082639841795,0.0,0.023666792,1.871687412,-0.043827657,1.8757337834908483,276.5079502899147,81578.85440912141,1.027809028419523,333.3470413593137
10.219,1790.9598668893732,-0.1853871500099178,1.7718408928360947,-0.50679469997302,0.0,0.028460482,1.842392683,-0.051817138,1.8521958354439068,276.5087608652191,81580.11135281814,1.0278218515766346,333.34752995770884
10.271,1801.5164853525466,0.7753483599306658,2.8141276666425235,0.46833217097858915,0.0,0.032188907,1.831207395,-0.05661083,2.9563177477706257,276.4401428452084,81473.76220609591,1.0267367599924737,333.30616586736573
10.321000000000002,1801.640621541316,0.3409172341062304,2.3269280961837575,-0.00927308999121279,0.0,0.042308923,1.791792631,-0.066198207,2.3517876000009,276.4393359599814,81472.5123054374,1.0267240055223648,333.30567943291595
10.368,1811.4888809434437,-0.9779978957686719,1.0128101260641342,-1.2658255779846759,0.0,0.052428935,1.769954681,-0.067796104,1.8932983466601971,276.3753222738676,81373.40175955376,1.0257125245770955,333.26708622694673
10.419,1811.457307355485,-0.3693472167465616,1.5974752448237914,-0.6907547667096638,0.0,0.052428935,1.759834647,-0.068861373,1.7791814612555366,276.3755275021893,81373.71935257982,1.0257157661734284,333.26720996417396
10.47,1821.6013831141117,0.2292763929131758,2.1625189306155033,-0.1688852290913912,0.0,0.055092096,1.742257833,-0.068328738,2.1811872937056433,276.30959100975826,81271.73355218045,1.0246746976281598,333.2274528592918
10.517,1821.2080491240918,-0.3932780920557173,1.7078639156649855,-0.8250196188872811,0.0,0.056682661,1.734799862,-0.070447281,1.9370400573221083,276.3121476806934,81275.68609621227,1.0247150497285924,333.22899451944494
10.572,1830.610720503634,0.25341718386345463,2.1482826629964626,-0.2598754875769836,0.0,0.041768957,1.710831404,-0.066718854,2.178732185986114,276.25103031672637,81181.2429092842,1.0237507632409544,333.19213909302067
10.62,1830.9794034147003,0.8024250212644808,2.6924932544564997,0.2699438070102308,0.0,0.031648945,1.688993454,-0.066718854,2.822459122642564,276.2486338778044,81177.54156140522,1.0237129672896557,333.19069389236137
10.672,1840.8113620513673,-0.29606707677173494,1.6755523371068972,-0.8285482369093763,0.0,0.0225942,1.668220878,-0.066718854,1.8925177751392936,276.1847261466661,81078.88519259552,1.0227054265455429,333.1521512710982
10.721,1840.7755149958314,-0.5625956764392881,1.3802411056116406,-0.9463658823140615,0.0,0.012474187,1.647980809,-0.067784116,1.765555943032193,276.1849591525271,81079.24471462307,1.022709098633391,333.15229180455304
10.773,1850.3842078631717,0.050287908979265473,1.8060367553642822,-0.338279437609758,0.0,0.009278394,1.638926029,-0.069914646,1.8381323710293078,276.12250264888934,80982.9221322087,1.0217251677442747,333.1146201227277
10.822,1850.0509608206646,0.017264203239783917,1.6722733311351725,-0.5727825683025827,0.0,0.011408923,1.620816588,-0.070979908,1.767731885012751,276.12466875466566,80986.26122371256,1.0217592801394757,333.1159267168676
10.875,1869.2417714863086,-0.5234228498420894,1.0836150292519868,-1.233397796502186,0.0,0.007680497,1.593652368,-0.07524097,1.7232130268118466,275.99992848533896,80794.15338015331,1.019796257214442,333.04067508399504
10.923,1878.7291504392329,0.6081388040039304,2.1959879568890215,-0.06825619273199557,0.0,-0.006167941,1.519083858,-0.091752566,2.2796611194612275,275.93826052214496,80699.31724479297,1.0188268621778904,333.00346658260844
10.971,1878.3269718424053,-0.36236993683252944,1.2110879161732604,-0.7557344351595565,0.0,-0.011494263,1.503104806,-0.096546255,1.472813786025523,275.94087468302433,80703.33560414799,1.018867941398131,333.00504396910713
11.021,1888.179962743307,-0.5543892489539393,1.3020992527846622,-0.5352007432200259,0.0,0.004481587,1.499375939,-0.105063267,1.5130266815232825,275.87683024216847,80604.93626943602,1.017861904477515,332.96639735778183
11.071000000000002,1887.3969796079064,-0.3900789263969396,1.1929731819812055,-0.653920957153983,0.0,0.00767738,1.499375939,-0.101867475,1.4152594108327041,275.8819196325486,80612.75216941217,1.017941822946947,332.96946863448653
11.128,1887.5670956903705,0.003240394318598405,1.9460771032118895,0.2814738231665659,0.0,0.016199496,1.484994888,-0.108791694,1.9663301108737878,275.8808138780126,80611.05398323115,1.017924458924765,332.9688013510529
11.172,1896.5007053442039,-0.4807381309198416,1.457301479349895,-0.3656070905034052,0.0,0.04549427,1.537725449,-0.087486409,1.5774996978960283,275.82274541526266,80521.91479451963,1.0170129093766789,332.9337572251147
11.232,1905.261692557097,-1.28746695831898,0.6457755523250429,-1.2538870444725485,0.0,0.054016385,1.595249772,-0.061387427,1.9096674980320378,275.76579899837884,80434.57555915522,1.0161195801632041,332.89938666732104
11.27,1905.2567746371801,-0.3568275587734184,1.5332408758526435,-0.27047926042222153,0.0,0.054549016,1.596315026,-0.051267415,1.5972828554780556,275.7658309648583,80434.62456490693,1.0161200814589573,332.89940596199267
11.321000000000002,1913.7441663072918,0.5164894103608288,2.3393980904516654,0.5308808184733471,0.0,0.055614281,1.609630823,-0.03582108,2.4538498690927906,275.7106629190026,80350.08596085961,1.0152552221671685,332.8661053746079
11.371,1913.5987834971488,-0.3539799623632901,1.29143496728283,-0.6130248744535908,0.0,0.057744808,1.616022348,-0.022505276,1.4727204708207058,275.7116079072685,80351.53343940184,1.0152700318318704,332.8666758173518
11.425,1922.175354221508,-0.37635213944365814,1.427367886593671,-0.26601819965509504,0.0,0.048157431,1.621881366,-0.011319999,1.4999285646624776,275.6558601975602,80266.17842209306,1.014396647682697,332.83302200592044
11.471,1922.5853527464994,-1.1249627936039517,0.525249124428187,-1.3312392861139073,0.0,0.052418489,1.62667501,0.001463175,1.820336772852444,275.65319520714775,80262.09990919061,1.01435491040599,332.831413117657
11.52,1922.3734199789083,-0.45386953235283667,1.3258648512449667,-0.4058982665148143,0.0,0.05081857,1.623479009,0.001999116,1.4589957364313138,275.65457277013707,80264.20811662012,1.0143764847014318,332.8322447707478
11.572,1930.868776814135,-0.5510898506822038,1.012773751962028,-0.7093950763519776,0.0,0.039100658,1.624544263,0.007325438,1.353754804438605,275.5993529507081,80179.73542282698,1.0135119507807278,332.79890620358276
11.625,1930.5447489107921,-0.36053459134937893,1.3616343451978439,-0.19263511331372812,0.0,0.039100658,1.625609517,0.015314922,1.421668586015467,275.6014591320798,80182.95603939582,1.0135449152864453,332.80017785663654
11.673,1939.0071275906078,-0.4702235355077582,1.0792487141427232,-0.561368988603437,0.0,0.041231189,1.626142144,0.022771772,1.3042327636161357,275.54645367066104,80098.8801087298,1.0126842765177084,332.7669655128474
11.721,1939.1458489139304,0.047855458905593895,1.6788789253204277,0.10062387948809814,0.0,0.041231189,1.626142144,0.022771772,1.682572362769392,275.5455519820594,80097.50247127611,1.0126701729747931,332.7664210448978
11.771,1947.6644780643064,-0.8135858109559091,0.7790606069111997,-0.7176432411978064,0.0,0.039100658,1.628272653,0.030761257,1.3356156343299237,275.490180892582,80012.94096788537,1.0118043874460936,332.7329845315939
11.823,1955.2248272072254,-0.27189764958818347,1.2200090988951087,-0.27189764958818347,0.0,0.0348396,1.644784331,0.039283372,1.2791711633280405,275.441038623153,79937.95254272308,1.0110364705201138,332.70330655328104
11.871,1955.5385205503999,-0.6497831067914465,0.9332691118242347,-0.5778261794728694,0.0,0.032176439,1.644784331,0.044077061,1.2755753269176042,275.4389996164224,79934.84235961073,1.011004617815263,332.70207510000847
11.919,1963.450256111373,0.4117115457543364,1.9707781219304916,0.6131909205997087,0.0,0.029513279,1.647447467,0.045142327,2.1046320124651765,275.38757333527604,79856.43207483989,1.0102015068829906,332.6710148123028
11.972,1963.671716626885,0.26416887943224165,1.6937128808073556,0.4512568672104435,0.0,0.0364375,1.634664297,0.047805488,1.7725916844208147,275.38613384192524,79854.2381579916,1.0101790337119263,332.67014534979614
12.026000000000002,1971.58757061983,1.005992656781231,2.3012171480837345,1.1834863891870777,0.0,0.039095942,1.618684649,0.047813207,2.776375626878226,275.3346807909711,79775.85114215128,1.0093760069292,332.63906590998533
12.071000000000002,1971.4455234064098,0.35938342519288224,1.6450136450884798,0.5320800309147107,0.0,0.043889634,1.608031988,0.043019515,1.7658809410967815,275.3356040978583,79777.2572203365,1.0093904126576017,332.63962364517903
12.119000000000002,1979.388944609852,-1.1093354510922449,0.07555505231804327,-0.975015868864156,0.0,0.064662293,1.559029818,0.035030033,1.478847407110599,275.28397186003593,79698.65874169106,1.0085850715231315,332.60843310324026
12.171,1979.3530576574044,-0.39894325214405224,0.7235846204085503,-0.5956254862751744,0.0,0.074249677,1.541452885,0.028638445,1.018577508697103,275.28420512522683,79699.01369446426,1.0085887088042003,332.6085740230924
12.221,1986.8564555846428,0.39411751040607673,1.4207028352480835,0.22621803637906357,0.0,0.081706524,1.465286493,0.012126846,1.4916097874691712,275.2354330386998,79624.82648713492,1.0078284287490238,332.57910859713104
12.271,1986.9852002280977,-0.5641880517162539,0.2561208908533332,-1.13504626140378,0.0,0.084369689,1.445046544,0.011061583,1.293149675775231,275.23459619851735,79623.55405789845,1.007815387555043,332.5786030013028
12.333,1987.0924879744784,-0.29032571064325796,0.6882884205162046,-0.6501102931195346,0.0,0.084902316,1.393381119,-0.00385212,0.9902895340743391,275.2338988281659,79622.49370740744,1.0078045199369587,332.57818166872437
12.372000000000002,1994.631782577468,-0.1267712144038125,0.9477854825051151,-0.5729041172787932,0.0,0.074249677,1.295909524,-0.028353203,1.1147140392243493,275.1848934132464,79548.00968114834,1.0070410581898988,332.5485725664468
12.420000000000002,2002.3207924829012,-0.0365712585402758,1.0283910627371664,-0.40115295567465764,0.0,0.067325458,1.26395154,-0.03740795,1.1044678939269408,275.1349148488611,79472.10467334068,1.006262891432327,332.5183727710573
12.471,2002.4301089363605,-0.6568279028000961,0.5088742231526842,-0.8679015209919105,0.0,0.054009646,1.250103116,-0.040603742,1.2015110981701718,275.13420429191365,79471.02593707453,1.0062518313710658,332.5179433937233
12.521,2017.1625471260022,0.0037290819914233622,1.0734885379701593,-0.3560555185237228,0.0,0.051346485,1.252233624,-0.041669007,1.131002687652424,275.038443443681,79325.75446650882,1.004762131715659,332.46007168788265
12.572,2017.4644074175312,-0.19088308187886505,1.099544255681316,-0.36837677720481316,0.0,0.038029332,1.230395436,-0.046460494,1.175217159138326,275.03648135178605,79322.78017638855,1.0047316261646086,332.4588858202504
12.622000000000002,2024.641770578135,-1.1014232065263228,0.17461274196236876,-1.1973657572433964,0.0,0.02790932,1.224536538,-0.041666802,1.6362479781956631,274.9898284912421,79252.08676986866,1.0040065012350186,332.4306880776434
12.672,2024.852336779823,-0.28620917176062566,0.9994210661738414,-0.43012298931788123,0.0,0.016724043,1.230928063,-0.035275217,1.1250617509504584,274.98845981093115,79250.013569564,1.0039852338980153,332.42986078903755
12.721,2031.6604714719363,-0.006094322532872842,1.4474354114761145,0.06106550515999032,0.0,0.010332455,1.230395436,-0.033144686,1.4487357961625056,274.9442069354324,79183.005451862,1.0032977931183271,332.4031113589977
12.776000000000002,2031.9136127788888,-0.19057353546446387,1.2053905701030878,-0.267327634564233,0.0,-0.005646511,1.260755539,-0.016100455,1.249299308858602,274.9425615169372,79180.51482871569,1.0032722395152764,332.4021167152994
12.824000000000002,2038.7823920449546,-0.3675571793143093,0.9276672558672665,-0.44431124333849875,0.0,-0.031212857,1.295376539,0.004672201,1.0922807782941153,274.8979144517078,79112.95804586304,1.0025790537373025,332.37512674793794
12.872000000000002,2038.4507416403724,0.10251532511814904,1.49847946676344,0.1888635873916068,0.0,-0.036539182,1.301235557,0.005204834,1.5138096177651106,274.90007017933755,79116.21886777847,1.0026125149234242,332.3764299750666
12.922,2038.7078504561264,0.08500996547557768,1.2459149106277312,-0.1116722917052112,0.0,-0.045593929,1.317747116,0.010531155,1.2537947836425865,274.8983989720352,79113.69093718068,1.0025865743833133,332.37541966109916
12.97,2045.6965810469292,-0.2965377751085879,0.9171355715850409,-0.39727740741250617,0.0,-0.062638156,1.37154305,0.015857477,1.0425457530359872,274.8529722231949,79045.00178712294,1.0018816553903795,332.3479561353362
13.024,2052.209972426488,-0.9371936979067264,0.23810263531475706,-1.0571219111065142,0.0,-0.070098042,1.367814064,0.016395072,1.4326659161442368,274.8106351792278,78981.02802046353,1.001225022958301,332.32235850071277
13.075,2052.274524683643,-0.39124992613990295,0.8368148286662442,-0.3288872521893623,0.0,-0.076489627,1.381129861,0.017460337,0.9805622809556079,274.8102155895563,78980.39420564006,1.0012185169204426,332.3221048004105
13.122000000000002,2059.0037176494575,-0.5290121018114238,0.7518209633396916,-0.2891557505738045,0.0,-0.082348585,1.408826828,0.019058233,0.9636906209307334,274.7664758352785,78914.34532859278,1.0005404781556402,332.2956569742123
13.171,2058.9046958655954,-0.9005789700813995,0.20755749936948165,-0.7422737353921909,0.0,-0.085544378,1.422142625,0.020123497,1.1853661439194485,274.76711947687363,78915.3169302559,1.0005504531209894,332.29604617595317
13.22,2065.865955201683,-0.2914746449265183,0.8454446387450806,-0.04682111589475046,0.0,-0.078087524,1.433327913,0.023851924,0.895503390675585,274.721871291189,78847.036650365,0.9998493955433092,332.26868407328146
13.27,2065.6500089547967,0.2587751012985602,1.3429260014675535,0.5082257499992303,0.0,-0.067967512,1.437056303,0.02544982,1.4590093253409973,274.7232749417938,78849.15406371212,0.9998711375036461,332.2695329109467
13.321000000000002,2072.4374746214917,0.5923317081341894,1.508583138284807,0.6738828727862521,0.0,-0.064239085,1.43386054,0.02544982,1.7552202322822785,274.6791564149603,78782.62308073103,0.999187932947286,332.2428518245052
13.37,2072.360709941317,-0.5157296373582508,0.5300441581420896,-0.3046560071405233,0.0,-0.053586446,1.414685726,0.013731912,0.7998369528329109,274.6796553853814,78783.37527666193,0.9991956578368371,332.24315359345366
13.425,2078.910700847157,0.5009498692752261,1.455578266798656,0.668849340295761,0.0,-0.045596961,1.388054132,0.007872957,1.678397540011758,274.63708044449345,78719.21463965884,0.9985366915026587,332.2174039965826
13.47,2078.771301331427,1.074771326324449,2.010211263211139,1.1851052691194903,0.0,-0.036009584,1.371009946,0.003611899,2.56915496331477,274.6379865413457,78720.57969109881,0.9985507124231239,332.21795203054666
13.527,2085.035914337087,-0.3940181657669464,0.4838562148337866,-0.2117273116878787,0.0,-0.026958538,1.355562925,-0.002773623,0.6589352063004408,274.5972665568089,78659.25321280239,0.997920761071251,332.1933224963813
13.571000000000002,2085.5087119714135,-0.4870553324578232,0.39081906618177936,-0.34314149385521975,0.0,-0.012577469,1.350236654,-0.009697841,0.7125366826851727,274.59419337218577,78654.62640259012,0.9978732302515276,332.1914636026644
13.624,2091.3423869257754,-0.5696518702575819,0.4089621877442432,-0.3010127298532303,0.0,-0.009381675,1.345975637,-0.010230473,0.7631264559863014,274.55627448498245,78597.55603672989,0.9972869075759452,332.16852654530635
13.670000000000002,2091.549057678689,1.3219294628036007,2.1998038524237686,1.4658432973975666,0.0,0.006064659,1.333192468,-0.008099944,2.955559349140538,274.5549311250885,78595.53480878945,0.9972661406420376,332.16771392060264
13.721,2097.370395163957,-0.763123702712779,0.11475068690738888,-0.6431955085540201,0.0,0.014054143,1.317213416,-0.008099944,1.0046023929952803,274.51709243143426,78538.6197536379,0.9966813300407317,332.1448237372073
13.771,2097.4798199886363,0.37496133572365814,1.1808788070446836,0.4565125124016339,0.0,0.022576259,1.295375466,-0.010230473,1.32040691992817,274.5163811700738,78537.55022981246,0.9966703397537184,332.1443934508267
13.821000000000002,2104.0720451586676,0.0772711186500487,0.8448115945377983,0.06767686528201233,0.0,0.024706786,1.286853433,-0.012893635,0.8510332626503659,274.47353170646863,78473.13923750944,0.9960084083033832,332.1184701080001
13.87,2103.6971161866472,0.18702688806990775,0.9545673278799183,0.1534469922623457,0.0,0.03003311,1.271407127,-0.015024164,0.9847455609198152,274.47596874478677,78476.80142763289,0.9960460462469589,332.1199445373124
13.919,2110.008432050969,0.019886895092837496,0.7106733520535715,-0.14801256791042205,0.0,0.031631004,1.251167059,-0.017154694,0.7261954435101686,274.4349451916687,78415.1728873746,0.9954126180287497,332.09512405962226
13.976,2110.080823199758,0.6045847233275905,1.3145596469380205,0.4031053615102906,0.0,0.027369948,1.230394363,-0.019817855,1.5020265262362227,274.43447464920155,78414.46623194333,0.9954053543594994,332.09483935658295
14.02,2115.7712359416564,0.3427313636776171,0.9471694531381544,0.04530942107846092,0.0,0.019913098,1.18725121,-0.028872602,1.0082894942648242,274.39748696637923,78358.93467374708,0.9948345098125113,332.07245909165493
14.069,2116.123123655296,0.48694233011585203,1.0482062363273705,0.12236059890805001,0.0,0.011386602,1.130258918,-0.03738755,1.1622483654105018,274.3951996962406,78355.50172027237,0.994799217753523,332.0710750756955
14.121,2121.9327078832994,0.15767564234055997,0.6949539341730167,-0.21650033321584372,0.0,0.00392975,1.090844154,-0.045377035,0.7447784724954348,274.3574373987585,78298.84205819336,0.9942166925080966,332.04822446060314
14.171,2121.669799830921,0.171325461180818,0.675023870233785,-0.27480744670495977,0.0,-0.004059733,1.030124068,-0.056029677,0.7486846945134628,274.359146301099,78301.40542862471,0.9942430485796822,332.0492585807453
14.22,2133.83272332168,-0.16444615583911448,0.3872235010130055,-0.5482163707333226,0.0,-0.015777642,0.968871355,-0.067747585,0.6910323921836423,274.28008729840906,78182.88726618986,0.9930242963240846,332.00141367562225
14.27,2133.5001785819304,0.7404148459650753,1.1721563186800306,0.351847504386849,0.0,-0.018440804,0.95342505,-0.072541282,1.4303710168659953,274.28224883921746,78186.12572155535,0.9930576028491098,332.00272188796333
14.323,2139.00448175055,-0.21004025480329733,0.21210701866023013,-0.7377243343562538,0.0,-0.02483239,0.907086015,-0.083193921,0.7958288066563959,274.24647086862143,78132.53656609266,0.9925064209666951,331.98106760472484
14.37,2139.5423034512537,-0.01958139828387945,0.5992480912719007,-0.2882205697551729,0.0,-0.031223977,0.866605997,-0.092248671,0.6652464226749097,274.24297502756684,78127.30200175593,0.9924525779157368,331.9789517037613
14.423,2144.672528191574,-0.020990081514410522,0.6602020509249684,-0.19848379487922818,0.0,-0.047202941,0.822930157,-0.105031841,0.6897123664232618,274.20962856675476,78077.3843143124,0.9919390870208328,331.9587676686997
14.471,2149.8477291457616,-0.48925295644427785,-0.033525786171028915,-0.9401829539341753,0.0,-0.05412716,0.792570114,-0.11195606,1.0603944646197676,274.1759897605525,78027.05517243827,0.9914213003562012,331.938405438529
14.523,2149.5469263405566,-0.4115518568692335,0.15450918504573807,-0.7905249230319162,0.0,-0.06105138,0.770199537,-0.113553956,0.9045317424450229,274.17794497878634,78029.97977861855,0.9914513904695215,331.93958900472364
14.572,2154.8884856680406,-0.34735387912909776,0.13715600715324588,-0.702341331914878,0.0,-0.067447767,0.740904093,-0.121535584,0.7954557399127986,274.1432248431577,77978.05876907166,0.9909171638716068,331.9185709895121
14.62,2155.3088676758953,-0.9248044899852368,-0.33475774650333384,-1.1454723805861167,0.0,-0.069045663,0.729718804,-0.122600846,1.5097791455131673,274.14049236010663,77973.97376084716,0.9908751294592093,331.91691681015004
14.672,2155.085069220663,0.3693212916378697,0.9497737637128667,0.05750796798449953,0.0,-0.071708828,0.714805067,-0.126329273,1.0206740836702355,274.14194705006565,77976.14847205127,0.9908975071181069,331.9177974454065
14.721,2160.0415298314774,-0.40604151945696665,0.3614989113336091,-0.4684041563276089,0.0,-0.074904621,0.706282973,-0.125796646,0.7176026979347876,274.1097300560954,77927.99667901463,0.9904020000119136,331.8982934840778
14.772,2160.168741230655,-0.5307574507088056,0.1216519587063627,-0.6362942738349446,0.0,-0.085024633,0.714272439,-0.118872419,0.8374801928733266,274.10890318200074,77926.76114295266,0.9903892849339548,331.89779288472323
14.822,2164.657541811996,-0.9417589914941193,-0.3469151483865025,-1.061687194672313,0.0,-0.088220425,0.722261965,-0.114611365,1.4609722165637564,274.07972597822203,77883.17398530802,0.9899406987237385,331.8801281771298
14.879,2165.4647137415513,-0.24269691865271906,0.4049153360179673,-0.18513138040563135,0.0,-0.08768779,0.732914567,-0.1119482,0.5070817011852848,274.0744793606799,77875.3382778329,0.989860050861828,331.87695162616586
14.922,2170.1341140436975,0.2518019321074132,0.8130658523491637,0.28538183693441005,0.0,-0.086622529,0.75421989,-0.110882938,0.8977321906456048,274.04412825871594,77830.02210360678,0.9893936105418495,331.85857503359796
14.969,2170.0247192998213,0.20681303522663283,0.8496281361549967,0.3171469760173553,0.0,-0.08182884,0.759013534,-0.109817676,0.9301729977175316,274.04483932455116,77831.08352694068,0.9894045363850733,331.8590055721818
15.025,2174.8011173717687,-0.15358593603761672,0.4172722646304744,-0.10561466017800013,0.0,-0.076502517,0.786710441,-0.107154511,0.4570112022947687,274.01379273708346,77784.75053039177,0.9889275777027537,331.8402068575352
15.07,2179.3983029911083,0.02922764726607313,0.6096801103216354,0.1875328659207311,0.0,-0.065853328,0.799493074,-0.102355175,0.6385394804449873,273.98391103055775,77740.17706277876,0.9884686808539414,331.82211247270766
15.121,2179.704739076101,0.3792137101253982,0.8733178848513579,0.4991418972690411,0.0,-0.058929108,0.803221524,-0.100757279,1.0750022323500807,273.9819191960053,77737.20665019781,0.9884380978111879,331.8209063143832
15.171,2179.642850950202,0.1324617709876812,0.7177113707488558,0.36272390393284376,0.0,-0.045080669,0.819200456,-0.100224644,0.8149996091776225,273.98232146882367,77737.80655016794,0.9884442743335247,331.8211499116296
15.221,2184.1457206420423,0.7267495662955432,1.2928106583184857,0.9522145765653253,0.0,-0.032830127,0.846364737,-0.091169901,1.7624519653585224,273.9530528158267,77694.16868264442,0.9879949586550912,331.80342574346076
15.269,2184.2339926313307,-0.45947117440141927,0.0634157874869537,-0.4210941428904043,0.0,-0.026971173,0.850625753,-0.08690884,0.626462767756404,273.9524790478963,77693.31342614644,0.9879861520587343,331.80307827833377
15.333,2188.7494298127126,-0.1855895314506332,0.33250027569325796,-0.04167569886098629,0.0,-0.021112218,0.857017338,-0.083180413,0.38306235966968843,273.92312870621737,77649.57407600764,0.9875357423395044,331.7853036726726
15.37,2188.9578336152513,-0.16174510784886412,0.3227648135090591,-0.09938244692639588,0.0,-0.017916426,0.859147906,-0.081049882,0.37445356923076095,273.92177408150087,77647.55582783757,0.9875149580905321,331.7844832871675
15.421,2193.3601796594644,0.37760484923981913,0.85731763389213,0.48793879003054164,0.0,-0.008329046,0.860213161,-0.074658297,1.0562495966239682,273.89315883221343,77604.93204478071,0.9870759874050956,331.7671528947699
15.471,2197.7803638573473,0.9310085376521037,1.3147787565549496,0.9406027910201401,0.0,-0.003002723,0.857549965,-0.075190932,1.8655170024269854,273.8644276349272,77562.15461508084,0.9866353882320411,331.74975136938417
15.519,2197.864129206819,0.9013511890106641,1.3091070553638327,1.0644535363536591,0.0,0.003388863,0.853821576,-0.073060401,1.9129183410146169,273.86388316015564,77561.34413950538,0.9866270400456643,331.74942159041024
15.57,2202.387156088047,-0.5740463012308737,-0.24304448888030034,-0.5164807679945831,0.0,0.010843356,0.844766438,-0.073589176,0.8095382407522252,273.83448348542765,77517.59156146168,0.9861763483094198,331.73161422796113
15.625,2202.285152334196,-0.43827204529969066,-0.0736903321307581,-0.366315131009186,0.0,0.022561265,0.838374853,-0.07412181,0.5759335256320756,273.8351465098277,77518.57805364947,0.9861865106181771,331.7320158319128
15.670000000000002,2206.3411981474355,-0.6496905416986424,-0.3138915836230219,-0.5633422433474455,0.0,0.025757058,0.83517909,-0.074654438,0.9154125897002818,273.80878221204165,77479.35931618762,0.9857824814454906,331.7160462014962
15.721,2205.7101008306695,-1.7613356413762489,-1.4303338250170379,-1.636610316524834,0.0,0.037474968,0.823993802,-0.074654438,2.7976153096388483,273.8128843446006,77485.46046967611,0.9858453377323593,331.71853103431624
15.771,2206.2617657359506,-0.49709945474093165,-0.1948804095095833,-0.3867655119458903,0.0,0.044399187,0.818667471,-0.075187072,0.659297962339579,273.8092985227163,77480.1272101654,0.9857903926184023,331.7163589534348
15.821000000000002,2214.3347595842447,-0.6759807412073658,-0.3833559493440538,-0.5800381874838137,0.0,0.052388672,0.809612751,-0.079448126,0.9697195704533597,273.7568240627024,77402.11496682375,0.9849866007920915,331.6845713717752
15.871,2217.933965251442,0.37391634597116097,0.6329612420269108,0.3979019854042084,0.0,0.067835003,0.790970623,-0.080513395,0.8359302349366755,273.7334292258656,77367.3550535097,0.9846284056547316,331.6703984424878
15.918,2218.22713103639,0.07677095867718225,0.2974388402586273,0.08156808936983811,0.0,0.067835003,0.790970623,-0.080513395,0.31783171175019137,273.7315236482634,77364.52431413656,0.984599234007202,331.66924398944144
15.969,2222.1751682701088,-0.13778087316243753,0.10687264684989553,-0.06582394985249818,0.0,0.081150807,0.768600047,-0.084241822,0.1863816622639963,273.70586140624425,77326.41117072162,0.9842064464609561,331.6536966827407
16.02,2222.1542306909473,-0.1812458754101144,0.03942201519076541,-0.15726023798138578,0.0,0.093933985,0.747827411,-0.085839719,0.2431767774374061,273.70599750050883,77326.61325559516,0.9842085292102667,331.6537791365108
16.074,2225.6373945129853,-0.6488153207195736,-0.4233503054389945,-0.5912497894876019,0.0,0.101920433,0.733445823,-0.086900018,0.9745579075072279,273.6833569356656,77293.0004119398,0.9838620905889501,331.64006189200956
16.121000000000002,2225.581653502023,0.7633969402064176,0.9360935509390431,0.7921797143407585,0.0,0.11257308,0.714271069,-0.090095811,1.4445050101121815,273.6837192522368,77293.53822453285,0.9838676339056311,331.6402814133054
16.169,2229.6797061734283,0.7981024721688609,0.9851904489233091,0.8124938522209154,0.0,0.123225726,0.69403106,-0.09116108,1.5058931026565403,273.6570819098727,77254.00657488155,0.9834601555854336,331.62414192443913
16.219,2229.31293883394,0.6877293147583359,0.8700201648287659,0.7692804864255145,0.0,0.124823622,0.686574221,-0.09116108,1.3497033616249607,273.65946589757937,77257.54390955257,0.9834966188010748,331.6255864077141
16.27,2233.1820538966213,0.04470439606688113,0.24618375988849983,0.1358498190977773,0.0,0.134411007,0.666866839,-0.092758976,0.2847105547910754,273.6343166496719,77220.23433800631,0.9831120118400132,331.61034789644856
16.323,2232.734477686291,0.49079476040503955,0.6730856104754697,0.46201199328581455,0.0,0.145063654,0.649289966,-0.094356872,0.952564337884905,273.6372258950391,77224.54953372627,0.9831564969866441,331.6121107113541
16.37,2236.2195136724486,-0.5709413573164089,-0.46060742554512113,-0.5853327423792606,0.0,0.147194177,0.64662677,-0.092758976,0.9384815678865693,273.61457316112904,77190.95457666501,0.9828101556843729,331.59838436919887
16.421,2236.610641910328,-0.43393431473090327,-0.1892808017336861,-0.34758601437538755,0.0,0.157314181,0.626919389,-0.092226341,0.5873178430758704,273.6120308275828,77187.18492782582,0.9827712913631885,331.5968438159216
16.470000000000002,2239.9145359839417,0.40752955940133373,0.6425888140197173,0.4650950946419432,0.0,0.161042616,0.621593058,-0.094356872,0.8918038869331699,273.59055551610436,77155.34832524792,0.9824430479892599,331.5838303434847
16.523,2240.003674335541,0.5406422993003843,0.7037446516541763,0.468685381001242,0.0,0.167966828,0.607212007,-0.089563183,1.0036018218840297,273.58997611681895,77154.48952788765,0.982434193215736,331.5834792357213
16.573,2243.4001183088662,0.06500924433050569,0.2520972200827945,0.0794006273890385,0.0,0.17116262,0.604548872,-0.089030549,0.27218315497412626,273.56789923099234,77121.77248627771,0.9820968447299693,331.57010067851246
16.621000000000002,2243.292550480368,-0.4388377479741735,-0.2661411442566639,-0.47241764077525733,0.0,0.174885407,0.595493257,-0.087423414,0.6975586749721852,273.5685984218776,77122.80848627632,0.9821075274405563,331.5705243953388
16.67,2246.8492180030644,0.6367211551099171,0.8669832810399638,0.6942866883462078,0.0,0.182342261,0.584307969,-0.083694987,1.2802764719317747,273.5454800829801,77088.55972354794,0.9817543569654149,331.5565141585175
16.724,2246.795175470496,-0.2099588035970785,-0.02287081581887665,-0.18117603748001287,0.0,0.183407515,0.580046952,-0.082629725,0.27826341833071877,273.54583135944176,77089.08003141514,0.9817597225614078,331.55672704443634
16.771,2249.914151096489,0.4668154393237732,0.6395120430412828,0.4764096977026066,0.0,0.186603308,0.578449011,-0.07996656,0.9240446459186763,273.5255580178728,77059.05597449662,0.9814500927520512,331.54444046106784
16.821,2249.8453796364715,1.1400276780402534,1.312724278751285,1.159216188784964,0.0,0.189266473,0.568329036,-0.074640237,2.0896627266288856,273.5260050323629,77059.71788405222,0.9814569190899474,331.5447113774486
16.87,2253.1790488401825,-0.6695318635410448,-0.516023771570405,-0.6551404814846714,0.0,0.1897991,0.566198468,-0.074640237,1.0694683256658222,273.5043361825388,77027.63737824105,0.9811260568655801,331.53157855878055
16.924,2253.068872677522,-0.395854968232147,-0.22795549119865557,-0.4102463502885204,0.0,0.190331742,0.546491086,-0.07091181,0.6139763267152455,273.5050523275961,77028.69745069023,0.9811369903391945,331.532012600429
16.971,2255.987491871999,-0.10707912308594084,0.046428968884698954,-0.07829635696887521,0.0,0.191396996,0.541164756,-0.070379183,0.14054147881372228,273.48608130283196,77000.6196131324,0.9808473888679662,331.52051443789884
17.021,2255.984896564563,0.43335870278840516,0.582069659055592,0.4525472125309562,0.0,0.192994893,0.52944684,-0.065585494,0.8552215109812666,273.48609817233034,77000.64457694911,0.9808476463596112,331.5205246625228
17.105,2259.1575912964818,0.4531298664818038,0.6210293435152953,0.5106954027245727,0.0,0.192994893,0.52944684,-0.065585494,0.9229376554073787,273.46547565657283,76970.13186354504,0.9805329082392278,331.50802509457736
17.145,2259.198963189734,-0.6321607855000194,-0.47865269553369844,-0.5937837630084392,0.0,0.191393048,0.520924151,-0.061317954,0.9906133548858198,273.4652067392667,76969.73404288276,0.9805288045691043,331.5078620972798
17.173000000000002,2262.200824376211,0.6203107358718711,0.7930073415936996,0.6682820127336471,0.0,0.19458884,0.516663074,-0.057589527,1.2084067615677856,273.4456946415546,76940.87342018804,0.9802310855972751,331.49603512802616
17.223000000000003,2261.8324447903024,0.5123949951946383,0.6754973385289956,0.5699605264266101,0.0,0.19458884,0.512934685,-0.055459,1.0216165068873782,273.44808910886303,76944.41463925963,0.980267617071753,331.49748652166096
17.271,2264.351663662449,-0.41734203729214003,-0.20147128239471318,-0.3022109718217182,0.0,0.194056213,0.509206235,-0.052263208,0.5532599074669622,273.4317141861941,76920.20011778697,0.9800178119147736,331.4875608224324
17.328,2264.5626260263625,0.9555746310376254,1.13306834941324,1.0515171847611775,0.0,0.193523586,0.503879905,-0.046936885,1.8173208714403768,273.4303429308286,76918.17264518893,0.9799968951459986,331.48672961916907
17.488,2267.1847451220247,-0.4714396661731442,-0.3035401961547687,-0.4138741359433318,0.0,0.194056213,0.505477846,-0.044273723,0.6969101878477316,273.41329915670684,76892.97614723502,0.9797369424002149,331.4763981524262
17.521,2269.6786305325736,-0.20250924636060819,-0.015421260586725202,-0.07298679482517526,0.0,0.193523586,0.503879905,-0.033088446,0.21581214599386525,273.39708890153827,76869.018075441,0.9794897514886223,331.4665716431465
17.569000000000003,2274.040602560169,0.31514176428669777,0.5118239944091824,0.4734469759262398,0.0,0.199379161,0.510271013,-0.020832391,0.7651340875065002,273.3687360833589,76827.12834098983,0.9790575127985252,331.44938372218985
17.62,2273.961648973942,-0.19079835536672574,0.005883883775193624,-0.022898890359147328,0.0,0.197248623,0.511868954,-0.018701863,0.19225761799889127,273.36924928166934,76827.88639906101,0.9790653352093697,331.449694838937
17.669,2276.398340450248,0.4174218359970421,0.5997126860674722,0.5709299209525659,0.0,0.198846519,0.511336267,-0.01071238,0.9272848913016469,273.35341078707336,76804.49375300981,0.978823939432072,331.4400929172588
17.721,2278.949599431327,-0.3152201111407248,-0.1569149035098204,-0.14732064613314638,0.0,0.200977057,0.515597343,-0.004853426,0.38169277984808,273.33682760369635,76780.0074206711,0.9785712425903943,331.4300392376911
17.779,2278.8817950817356,-0.026714842266364863,0.17956165926302564,0.17956165926302564,0.0,0.20417285,0.520391047,0.005266587,0.2553398945560576,273.3372683319687,76780.6581077294,0.978577957823109,331.43030643646375
17.821,2278.7235980054593,-0.7438620150481194,-0.575962545029744,-0.6143395675213241,0.0,0.203640208,0.525184751,0.006331851,1.1235998642447746,273.3382966129645,76782.17626944103,0.9785936255418177,331.4309298479127
17.872,2280.9086651984803,0.5538010524789947,0.8032517031839836,0.7744689340604398,0.0,0.200444415,0.521988928,0.007397116,1.2456769381422805,273.3240936762098,76761.20909858709,0.9783772351208269,331.4223189914319
17.919,2281.010941428633,0.24445310122810823,0.5226865160458439,0.5754549236002758,0.0,0.208966538,0.539033175,0.023908716,0.8149275316566383,273.3234288807139,76760.22780382998,0.9783671074520753,331.42191593841903
17.977,2282.9357054364536,-0.7047770346953101,-0.4361378822650455,-0.42654362388621203,0.0,0.212694958,0.543826878,0.031365566,0.9321300252961147,273.31091791466304,76741.7624469472,0.9781765270744325,331.4143306834598
18.02,2282.381214446952,-0.7539677320370306,-0.5476912355184372,-0.5141113347000781,0.0,0.213760227,0.552881598,0.037757155,1.064304230417164,273.3145221060948,76747.0816257948,0.9782314270494686,331.4165158811134
18.07,2284.428731850949,-0.1987462470222553,0.021921638567827403,0.07948717280627747,0.0,0.214825496,0.558740556,0.045214005,0.21517165144057615,273.3012132429688,76727.44147187212,0.9780287147260879,331.408446732958
18.121,2284.2760003763087,0.01599012121970203,0.2414551294851653,0.2750350162732925,0.0,0.218019024,0.569925487,0.054805107,0.36633389647665554,273.302205997554,76728.90635906903,0.9780438346370343,331.4090486456835
18.17,2286.3757572497343,0.049848138411805715,0.30409590177058093,0.3664585626930492,0.0,0.220149547,0.585371792,0.068120912,0.47880166305876676,273.2885575778767,76708.7690305503,0.977835981319669,331.40077343576206
18.22,2286.103959566691,-0.37361874774504555,-0.16734225122645213,-0.07139969449642185,0.0,0.222812712,0.594426572,0.076110393,0.4155626476071873,273.2903242628165,76711.37541462886,0.9778628844589595,331.40184461088637
18.27,2288.123467525549,-1.0282113101014918,-0.7931520394485574,-0.7307893745174515,0.0,0.223877966,0.607742369,0.087828301,1.4900878382866025,273.2771974610839,76692.01120313606,0.9776630025954803,331.3938854953208
18.322,2289.949978180423,-0.2949269896183427,-0.021490701484625188,0.03607483275382488,0.0,0.224410608,0.621058166,0.104339905,0.29790128065158716,273.26532514182725,76674.50097047603,0.977482249662347,331.3866868399304
18.37,2289.896338584334,0.3160213992766251,0.5894576874103427,0.6326318325773034,0.0,0.226541132,0.625319242,0.108600959,0.9206263767881205,273.2656737992018,76675.01515172319,0.9774875575146231,331.38689824687583
18.431,2290.0515632969464,-1.2278336923977504,-0.9591945309480511,-0.8920347433415646,0.0,0.227073759,0.639167666,0.114992544,1.7953706324088619,273.26466483856984,76673.52719820109,0.977472197469747,331.38628646743376
18.472,2291.013248830614,0.03191406138362851,0.2957560871298749,0.3773072638078506,0.0,0.227606401,0.661005616,0.136297837,0.48046950133233135,273.25841388260096,76664.30919123754,0.9773770393352023,331.3824961988802
18.53,2291.152256469361,-0.7881070694799437,-0.5098736496514109,-0.4283224779842323,0.0,0.227073759,0.676451921,0.146950483,1.0317674334459621,273.25751033294915,76662.97684095516,0.9773632852094251,331.3819483277601
18.574,2292.839642888844,0.019929915315432256,0.32694607620704524,0.3989029945061875,0.0,0.227606401,0.697224557,0.161864176,0.5161535985515037,273.2465423212225,76646.80519772333,0.9771963383865059,331.3752977556258
18.622,2292.647586553434,-1.009508732216647,-0.721681064030875,-0.6833040365284977,0.0,0.22920008,0.709474444,0.171458468,1.4166283369107566,273.24779068740264,76648.64569579449,0.977215338976993,331.37605472264664
18.67,2294.1651550968722,-0.9520792304091155,-0.6402659147730206,-0.5922946298939693,0.0,0.226004288,0.74303031,0.18743743,1.2912041787408297,273.2379264918703,76634.10363671971,0.9770652100147366,331.3700733610202
18.719,2293.9198977483347,-1.0032637286689585,-0.6914504320738926,-0.6530734095823124,0.0,0.226536915,0.754748225,0.194361642,1.382442290868368,273.2395206646358,76636.45365719446,0.977089471467162,331.3710400283905
18.771,2295.7461395972164,-0.019300220208122332,0.326093004263607,0.3500786517139297,0.0,0.221743226,0.789369285,0.213536412,0.47881542196924876,273.2276500926181,76618.95627208508,0.9769088262499144,331.3638419362023
18.821,2296.674786283728,-0.21414799121760547,0.10725955874549681,0.16482508797314976,0.0,0.215884268,0.823990405,0.229515374,0.2907426434325912,273.2216138891557,76610.06006660125,0.9768169776893982,331.3601816356863
18.87,2296.574014215699,0.3426148964719806,0.6832109722121846,0.726385121387783,0.0,0.206829518,0.843165159,0.240700647,1.054418107018828,273.22226890759794,76611.02539762037,0.9768269443136892,331.3605788350455
18.92,2297.811871311179,-0.8860065350360667,-0.5693961017353885,-0.5598018443587144,0.0,0.199905306,0.875123084,0.256146997,1.19272696194288,273.2142228364773,76599.1682124836,0.9767045223615513,331.355699711496
18.969,2297.4935665746757,0.3427195304266877,0.6593299767554384,0.6833156151863263,0.0,0.188187391,0.906548381,0.274256498,1.0095013247845115,273.21629181726456,76602.2170478513,0.9767360010351102,331.35695434471285
19.023,2297.9144913160935,-0.5159463606651957,-0.20893016770448142,-0.17535027590555705,0.0,0.184991598,0.917201042,0.280115426,0.5836096138009019,273.21355580644536,76598.18530272014,0.9766943739452632,331.3552952224186
19.071,2299.010906018594,-0.42197758203357094,-0.11496141713332035,-0.15333843661842234,0.0,0.177002117,0.937973678,0.292365968,0.46345861013987244,273.2064291108791,76587.6843160853,0.9765859510688615,331.35097354133273
19.12,2299.5799201139343,-0.32334330043492326,-0.0019357133919225555,0.02204992403680603,0.0,0.161552504,0.96726799,0.306752414,0.32410004022294353,273.2027305192594,76582.23500424348,0.9765296857111132,331.3487306657063
19.172,2299.5113360383198,0.31348243640579,0.6492813704295844,0.625295733000856,0.0,0.145573542,0.991769075,0.321133494,0.9543753400161318,273.2031763157509,76582.89180088468,0.9765364673230037,331.34900100349
19.221,2301.7113824168414,-1.338030141236903,-1.0022311881720793,-1.026216827605127,0.0,0.127464041,1.017335415,0.333384037,1.9616097957196266,273.1888760142905,76561.82529038195,0.9763189441025997,331.34032897288995
19.272,2301.5863604028646,0.46309759000614725,0.7893022947137314,0.7749109146616768,0.0,0.114148229,1.033846974,0.34190613,1.1991432007778138,273.18968865738134,76563.02231100173,0.9763313042990299,331.3408217843703
19.32,2302.6815423750268,-0.49890248023343886,-0.1343207720753034,-0.19668343500209048,0.0,0.099767163,1.049826026,0.350960881,0.5528382477707237,273.1825699745623,76552.53702949783,0.9762230341216822,331.33650477373806
19.371,2302.1159515143795,-0.4719369551596729,-0.1505294051965706,-0.2224863184849158,0.0,0.077396609,1.069000721,0.361080915,0.5430320003344073,273.1862463151565,76557.95185600514,0.9762789475389628,331.33873423835
19.42,2302.2869913448644,-1.003476741762369,-0.6964605808707559,-0.7444318557282131,0.0,0.061417643,1.080186009,0.368005127,1.4304550673781409,273.18513455625833,76556.31433041215,0.9762620385536237,331.3380600295166
19.471,2303.1622025101874,-0.9100032131294199,-0.5598128659823101,-0.655755421710181,0.0,0.036916561,1.090838671,0.374929339,1.2535994040870846,273.17944568368375,76547.9355524387,0.9761755187471787,331.33461008005486
19.52,2302.7397760551476,-0.7499306020233041,4.234285342515543,-1.661384868410005,0.0,0.310156882,0.631177068,0.280653447,4.6099639858327235,273.18219145564154,76551.97953230843,0.976217277371344,331.3362752254553
19.569000000000003,2302.4476007982735,-2.998932351376639,1.9037323212790875,-1.6269536316958013,0.0,0.026263917,0.599219143,0.191171214,3.9070155002129483,273.1840905948112,76554.77669047522,0.9762461609185836,331.3374269341403
19.62,2304.3188683537887,0.7431719329583288,3.007416429326504,0.5512868225047466,0.0,-0.061090969,0.613599718,0.291843951,3.146549739315649,273.17192735570035,76536.86342529916,0.9760611844782481,331.3300506238987
19.673,2304.2924985950262,-0.4252225448675537,0.6733196561828998,-0.4396139299304053,0.0,-0.096244693,0.614664972,0.24017863,0.909633981035643,273.1720987591323,76537.11583407734,0.9760637909657682,331.3301545714373
19.72,2305.484798048201,0.38089282497441934,3.048095906679195,-0.5449528124449013,0.0,-0.12181104,0.632241845,0.205024898,3.119766268203928,273.1643488126867,76525.70393285996,0.9759459448634225,331.32545458710894
19.771,2304.936910223834,0.9922701323082386,6.365053454503051,-1.3199454485071047,0.0,-0.195314288,0.69509244,0.087313183,6.57577078989124,273.16791008354505,76530.94778137388,0.9760000963877726,331.32761434156714
19.819000000000003,2306.393802518314,0.5352261760313161,4.02753540816461,-0.9758691523456864,0.0,-0.253371209,0.697222948,-0.02453959,4.178496036378241,273.15844028363097,76517.00446939081,0.9758561067660174,331.32187129252844
19.877,2306.2301368254653,0.15951789393084997,0.9366525961283316,0.2938374681416634,0.0,-0.229935378,0.776052535,-0.07727018,0.9945373306226271,273.15950411063443,76518.57074329548,0.9758722815928836,331.32251646536287
19.921,2307.1440628332307,-1.6791466771054402,3.2187210422398476,0.940085155798023,0.0,-0.196379557,0.924656928,-0.068748064,3.7501278393067623,273.153563591584,76509.82484150436,0.9757819623265019,331.31891373803256
19.969,2307.393530705512,-0.7427617361100683,0.7059708631976255,-0.12393228664066488,0.0,-0.178802699,0.940103292,-0.060758583,1.0322059232465328,273.15194205041416,76507.43767562608,0.9757573096308156,331.3179303204098
20.021,2307.83780812945,-1.605276589646738,0.6733590031623767,-0.914490240919221,0.0,-0.15856266,0.877785325,-0.053301733,1.966371703708174,273.1490542471586,76503.18652039464,0.9757134068160765,331.3161789443818
20.079,2307.8589009238162,-2.245559802181706,2.7242644045341735,-0.4466369479255693,0.0,-0.165486887,0.861806333,-0.043181717,3.5586008394084527,273.14891714399516,76502.98469463165,0.9757113224960124,331.3160957947219
20.12,2308.5181162902404,-2.254071899794612,2.216851208949652,0.44191399713304075,0.0,-0.160696492,0.950755417,0.052164827,3.192265244763869,273.14463224411344,76496.67722969144,0.9756461827341159,331.3134970989589
20.172,2308.3333005469462,-1.52641877250773,3.16517221681582,0.2773013186699613,0.0,-0.146848053,1.020530224,0.061752208,3.5249348153551545,273.1458335464448,76498.44553012353,0.9756644447966705,331.31422566396054
20.231,2308.732567694009,-1.2403016239312543,1.2302192557115004,-0.42958695276857317,0.0,-0.134064883,1.061010361,0.080926962,1.7989809574975641,273.14323830998893,76494.62541940661,0.9756249926325354,331.3126517047534
20.275,2308.6978440784364,-0.6256059374157906,1.6194498157066894,-0.40973522861769696,0.0,-0.119151168,1.089239836,0.004227926,1.7837834655845188,273.14346401349013,76494.95764210074,0.9756284236747436,331.31278858972723
20.32,2309.3498317922686,-0.9508112561088894,5.208700948493804,0.04699130862900827,0.0,-0.138858572,1.09935987,-0.035719492,5.294980245352222,273.13922609335026,76488.71986009587,0.9755640022763534,331.3102183605792
20.371,2308.8723637466087,-1.280157990032504,6.265724377439124,-2.2971490975842137,0.0,-0.126075387,1.09030509,-0.125734329,6.7952189390784845,273.142329635647,76493.28791436803,0.9756111794709077,331.3121006101007
20.422,2308.9236548536646,-0.9084055675430341,0.6458638729296683,-0.5917951532833848,0.0,-0.102106936,1.078054547,-0.231195509,1.2619676386296907,273.14199624345116,76492.79718913647,0.9756061114658126,331.31189841349754
20.471,2309.4197736050646,-1.4582247645864859,0.9931075712402977,-1.2807311424181753,0.0,-0.076540589,1.10308826,-0.266881883,2.180127145665564,273.13877147156705,76488.05072811303,0.9755570916808413,331.30994263873015
20.525,2308.91195069612,-2.2508709353534946,2.181675233076261,-2.0733772400275465,0.0,-0.020081572,1.111077785,-0.38938731,3.758326751321886,273.1420723204752,76492.90916788363,0.9756072679360569,331.3119445529083
20.57,2309.174461087187,-7.239371113466728,5.257146845751491,-1.5931515983433424,0.0,0.08964067,1.267671585,-0.283926129,9.087585988126621,273.14036600293326,76490.39764911332,0.9755813299302528,331.31090969903
20.621,2308.664135844982,-1.0977913289464702,3.5362340309334845,0.4037096548659891,0.0,0.103489101,1.311347485,-0.200302839,3.724658160002627,273.1436831170076,76495.28015111244,0.9756317543958241,331.3129214718796
20.669,2309.459111501757,-1.1106725459477245,0.8609470874038206,-1.4704571093829721,0.0,0.123724923,1.24743104,-0.232786521,2.033978245253879,273.13851577523855,76487.67438529183,0.9755532049193953,331.3097875623283
20.724,2309.0440080317912,-0.40018278068709134,0.9046359269035498,-0.6832133171780481,0.0,0.199358702,1.174460411,-0.43039307,1.2022033334559215,273.14121394779335,76491.64572582726,0.9755942196097169,331.31142396422086
20.77,2308.765307413032,-0.8440772606580087,1.472935492940686,-1.9138367527144835,0.0,0.239838749,1.1856457,-0.509755254,2.5582760805599283,273.14302550181526,76494.31217897002,0.9756217576277,331.312522640504
20.82,2308.836415254874,-0.5780846285655333,3.772910121665827,-3.446766791482972,0.0,0.269133508,1.119066596,-0.677001774,5.142881870976819,273.1425633008433,76493.63185137542,0.9756147315048861,331.31224232392907
20.871,2308.867658405941,0.07083196213962056,0.5841246155411892,-3.114460653119525,0.0,0.250491381,1.004550695,-1.00883162,3.169555787988498,273.14236022036135,76493.33293261913,0.97561164440028,331.312119159195
20.92,2309.6196253674375,-0.6034182790221498,0.883691296677791,-2.9971852048782512,0.0,0.330918849,0.960874796,-1.228276134,3.1824743643308757,273.13747243511165,76486.13877625398,0.9755373455489997,331.3091547897497
20.97,2309.274391737407,-3.073831077993003,-0.10920616192228819,-3.913328564378561,0.0,0.631323457,0.829847276,-1.251711965,4.9773993143627315,273.13971645370685,76489.44159896867,0.9755714561672383,331.3105157571235
21.02,2310.2273837869297,-1.8523238900400931,0.6805594711385936,-3.2962593897220733,0.0,1.035058618,0.813335657,-1.168088675,3.841821306581117,273.1335220053849,76480.3246803265,0.9754772985308613,331.30675889318053
21.069000000000003,2310.0836650405313,-0.5850323927061359,-1.6212120671234833,-7.392156673595139,0.0,1.524547696,0.767529309,-1.218156099,7.590426322287795,273.13445617723653,76481.6995274953,0.975491497802726,331.307325460736
21.119,2311.1562802537314,-1.0854627664362808,-1.6371324693877338,-7.326525950291545,0.0,1.56928885,0.801085114,-1.420556426,7.585276174269366,273.1274841783507,76471.43912195762,0.9753855282802452,331.30309697730536
21.17,2311.255947502157,-0.9430358244609643,-1.4947055274124172,-7.184099008316228,0.0,1.56928885,0.801085114,-1.420556426,7.398293028880663,273.12683634123596,76470.48578317725,0.9753756820549488,331.30270406450427
21.222,2310.911454222374,-3.409361319726284,-2.3683844955752518,-5.160312925181108,0.0,1.849450588,0.826651037,-1.603244781,6.622825621524259,273.1290755475545,76473.7809767372,0.9754097152069968,331.3040621397446
21.271,2311.305050885061,-3.5123712684024206,-3.555545308342643,-8.573340946252848,0.0,2.759186506,1.312944293,-1.635202765,9.923750770120735,273.1265171692471,76470.01610224172,0.9753708311115165,331.30251048672324
21.32,2310.3831015575306,-1.2763127945960946,-3.022467593055756,-5.819192975972052,0.0,2.915247917,1.871675491,-1.318286538,6.680366127116418,273.13250983987604,76478.83507027192,0.9754619139455925,331.3061450220188
21.369,2310.28217789185,-2.385124657102474,-3.3397531097446715,-6.117290095160271,0.0,2.97117424,1.874871254,-1.198444366,7.366410833799141,273.13316584370295,76479.80051236249,0.9754718849684134,331.3065428837905
21.422,2308.8721980171504,-2.366782583048183,-4.458330574912631,-8.36319304761649,0.0,2.99674058,1.796574354,-1.050372601,9.768386215866048,273.1423307128885,76493.28949998092,0.975611195846445,331.3121012634288
21.471,2309.1070765301415,2.3083762944804835,-3.083595425215025,-4.920894816917583,0.0,2.91471529,1.422133923,-0.47939083,6.249189360428504,273.14080400255403,76491.04233181295,0.9755879879821957,331.31117533899516
21.522,2306.2343694906826,2.876837852002091,-2.922889935480629,-3.781575233103624,0.0,2.90406251,1.302291632,-0.415474951,5.578511705219295,273.15947659831056,76518.5302365376,0.9758718632825542,331.32249978014335
21.57,2306.419244307664,0.8456007997681974,-3.9707154282210566,-4.944532862622893,0.0,2.739479065,0.764865696,-0.271131605,6.397657927244866,273.15827491200014,76516.7609948514,0.9758535924118101,331.3217710004664
21.621,2303.8522038759816,1.9125704161107469,-2.9996883084789725,-1.9731032221509075,0.0,2.575961113,0.966200709,-0.13744095,4.068069796582867,273.1749606748061,76541.33039209025,0.976107312161633,331.3318901741641
21.67,2302.5678218508388,1.0691146133194622,-4.346842456185022,-2.049018465875211,0.0,2.42522192,0.496418446,0.010637708,4.923060234123025,273.1833091579695,76553.62573665945,0.9762342761559354,331.3369530422365
21.722,2302.9994469970334,1.732590825425118,-3.601815264826796,-0.40213109614201614,0.0,2.326152325,-0.489483804,-0.069257125,4.017045380471945,273.1805035945193,76549.49362570205,0.9761916076494289,331.3352516402827
21.77,2302.419187727878,1.0099424158253307,-4.866538666023145,-0.5155440991869585,0.0,2.290465832,-0.891621113,-0.140097201,4.996895835354978,273.18427527976877,76555.04870920398,0.9762489697822119,331.3375389337596
21.82,2301.4143510580166,1.3478087182037881,-3.084737596541243,1.1367350348716114,0.0,2.20524478,-2.613088369,-0.501221895,3.5530776687100083,273.1908067181229,76564.66923559157,0.9763483100541261,331.34149980920296
21.869,2299.934024980371,1.8368335526864006,-4.284301493131031,0.8965966173920978,0.0,1.991659284,-4.327631474,-1.225601673,4.746902387730159,273.20042883762756,76578.84398515124,0.9764946722996735,331.3473348873918
21.922,2299.5702387566052,3.350091878526418,-4.190992584585483,1.7238655848949356,0.0,1.873947501,-4.859731197,-1.452502966,5.635534313035839,273.20279344808205,76582.32771766072,0.9765306430041532,331.34876882671637
21.99,2299.7096629139087,3.3370306836026407,-3.5180655175344846,1.6916156266822744,0.0,1.712559938,-5.594763756,-1.70443809,5.135574183809085,273.2018871910596,76580.9925324476,0.9765168568066162,331.34821925803544
22.055,2299.602555944933,1.9856990283622569,-4.7158885346273465,-0.23537115447617607,0.0,1.170872927,-6.791055679,-2.132141829,5.122304645628559,273.2025833863579,76582.01823279946,0.9765274474819484,331.348641442025
22.076,2299.02451400022,-2.7313083192381784,-4.46786862782018,-4.774884733593026,0.0,-1.040616035,-10.79698277,-2.233874559,7.0867072346259095,273.20634065899856,76587.55399203676,0.9765846054529415,331.3509199031018
22.128,2299.1618164235533,-2.014023105610641,-2.1867197023130345,-3.563495520617426,0.0,-1.825183272,-11.64280319,-1.518549442,4.640746971326706,273.20544819324687,76586.23905265325,0.9765710284764391,331.35037870118714
22.181,2298.9783339885184,-6.622468660109442,-1.6430498151963087,-4.583688760119209,0.0,-2.161809444,-11.87875938,-0.545958817,8.219909153937866,273.2066408290746,76587.99626012445,0.9765891719374529,331.35110192963026
22.222,2296.921671287636,-9.371460033891266,-1.3170830266131728,-2.0654348955489077,0.0,-1.765530944,-10.70696831,0.836754441,9.686330170583952,273.2200091366303,76607.69511009521,0.976792560437732,331.3592085211118
22.273,2295.697781991239,-10.250642220922835,-1.73094249220701,-3.083732668071876,0.0,-0.767378271,-8.286687851,1.496685743,10.84348813900893,273.2279644170569,76619.41954889815,0.976913609279486,331.3640325386608
22.321,2295.966426485102,-8.444570459540802,-0.9226734418781504,-1.1481384230853093,0.0,-0.094663732,-4.969453812,1.489761472,8.572066166628746,273.2262182278468,76616.84590252824,0.9768870379972587,331.36297366969774
22.372,2296.151420554179,-9.31887019101052,-0.52093856073768,-1.086999634721753,0.0,0.020384829,-4.132155895,1.437563539,9.396503968330622,273.2250157663978,76615.07367792842,0.9768687407926926,331.362244509
22.422,2298.015164435681,-7.90847330987302,-1.4131628426933436,-0.39617175318050357,0.0,0.198816627,-0.20505856,1.466325641,8.043502431836593,273.21290143116806,76597.22105043984,0.9766844181410018,331.3548984067438
22.472,2298.79557358355,-10.24408978211124,-0.19410691678745495,2.439516360306266,0.0,0.105073348,2.612033129,1.718260765,10.532345086983362,273.2078287717069,76589.74658518276,0.9766072442576659,331.351822310495
22.521,2298.912740376508,-14.312398895366302,-0.8516584275632553,0.2037096203029622,0.0,-0.111707963,3.730028152,1.895094633,14.339162521804614,273.2070671875527,76588.62445670649,0.9765956581530029,331.3513604780608
22.581,2298.559146816044,-13.510630070163579,-0.687907679827298,-2.510816139443062,0.0,-0.710386634,5.17292881,1.91213882,13.759162022262165,273.2093655456957,76592.01092946509,0.9766306237726258,331.3527542240274
22.628,2298.9929490910404,-10.749882910578766,-0.9349601707498991,-1.4818327740756383,0.0,-0.894144714,5.718344212,1.836505055,10.891738221347719,273.2065458309082,76587.85629039435,0.9765877267294844,331.3510443216787
22.677,2298.935535356264,-19.50922158227472,2.480810910394843,-7.665114966639349,0.0,-1.200940847,7.482422352,1.687900662,21.107300560972412,273.2069190201843,76588.40614643267,0.976593404070742,331.3512706277757
22.721,2296.6248047706467,-40.68881104299653,15.58149794852283,-29.90006976338399,0.0,-2.427063465,13.93739223,1.647958517,52.84294271014557,273.22193876899075,76610.53885583166,0.9768219209836285,331.360378640981
22.771,2296.9047072638004,-27.325884874944215,14.380342493098844,-20.964895302821468,0.0,-4.455859661,17.45276451,1.100945234,37.32325105716,273.22011940278526,76607.85760968381,0.9767942381870657,331.35927538609405
22.825,2292.9924283748214,-7.6474981951406,-4.8028018209779635,3.640143150219355,0.0,-4.517644882,17.45276451,-3.672504663,9.736620364908806,273.24554921556364,76645.34106230154,0.9771812231565004,331.374695568715
22.872,2289.7428743507926,-18.744656518254065,0.4198701303488004,5.888595345844108,0.0,1.376463294,17.45276451,-5.358285904,19.652327955252034,273.26667131671985,76676.48625262515,0.9775027435352742,331.38750308671905
22.925,2289.661672647043,-18.832158673511017,1.5556337482168956,-3.10717464535669,0.0,3.226827621,17.45276451,-4.228572845,19.150058248988046,273.2671991277942,76677.26465757172,0.9775107789056465,331.38782312192257
22.971,2288.5136644593044,-2.9864972626491677,-1.0532547890850434,-6.4260377454916675,0.0,4.391161919,17.45276451,1.253810644,7.163970453388623,273.2746611810145,76688.27022533285,0.9776243862519028,331.3923476618226
23.02,2288.251855346658,0.40261913238659164,-3.2288067465249255,-1.6025803055760082,0.0,3.439347982,17.45276451,2.605631351,3.6270592506862496,273.2763629402467,76690.78028020456,0.9776502964001113,331.3933794975345
23.07,2286.3682613896913,2.920057656332411,-6.995605409294692,9.693602146640591,0.0,-1.489630699,16.77206039,3.369958639,12.305736643379532,273.288606300967,76708.8409105925,0.9778367232689776,331.4008029775571
23.121,2286.606421859296,-0.41834557560047686,-6.409958429441765,11.795141850133264,0.0,-3.001773596,15.49161339,1.780051351,13.43085817632519,273.28705825791457,76706.55714533376,0.9778131500676899,331.39986436646006
23.173,2285.1005212627115,-6.105219195731219,-5.212953179527779,12.104678321767524,0.0,-2.932643414,14.12740517,-1.155876756,14.524869002966684,273.2968466117924,76720.99843420685,0.977962211918838,331.4057992067746
23.284,2285.325488399188,-7.483250627729577,-2.8396307769698037,11.647694626837396,0.0,-2.932643414,14.12740517,-1.155876756,14.132633619640254,273.2953843254053,76718.8409039976,0.9779399424004508,331.4049126051855
23.333,2283.6046954063813,-10.306922882624942,-1.931138031751038,-0.3864629368450384,2398.0,1.642667294,11.60326195,-1.87546289,10.493393493413263,273.3065694798585,76735.34528772006,0.9781102937295819,331.4116942367465
23.377,2283.2000552899553,-8.030041888719904,-3.8085691109917743,-6.101596001675871,2398.0,2.075697422,6.245514393,-0.459726423,10.780363870271911,273.30919964061525,76739.22666925723,0.9781503547099745,331.4132889000893
23.424,2282.9790074011876,-6.665759914696499,-4.252805104445324,-7.126284366988476,2398.0,1.956387639,4.130964279,-0.090079658,10.644371065307487,273.31063645189226,76741.34706792196,0.9781722398600193,331.41416003381926
23.472,2280.0634434623043,-13.532712318829558,-5.900481947641602,-2.057982203004894,2398.0,0.992855966,-12.32417583,0.361059844,14.905880741054203,273.329587617495,76769.31901256705,0.9784609343319364,331.425649845999
23.521,2280.1334767439726,-39.59899970085414,-5.088462148384874,16.292335661288945,2398.0,0.547575414,-17.41933632,0.208194375,43.12091633585607,273.32913240116414,76768.64701592238,0.9784539989845654,331.425373859721
23.569000000000003,2278.8825248857993,-39.061977586296905,-5.539648037534558,37.63450192676332,2398.0,0.827740014,-17.4528923,0.408464104,54.5241371193316,273.3372635882423,76780.65110411283,0.9785778855443121,331.43030356050264
23.626,2278.949832349072,-6.355365753074116,-7.49708151403043,10.175537386936202,2398.0,1.397656441,-17.4528923,-2.460825682,14.147030296012678,273.336826089731,76780.00518547466,0.9785712195226596,331.4300383198243
23.684,2277.4034525190323,-4.426576689323074,-4.815144213294315,0.9174236723357455,2398.0,-2.266855001,-17.4528923,-2.808098793,6.6046847900442724,273.34687755862626,76794.84618923679,0.9787243792346629,331.43613213481285
23.73,2277.0394917613967,-6.9858530972233535,-3.0186284797091285,-0.6296587997940161,2398.0,-2.985375881,-17.4528923,-2.010215759,7.636146384050938,273.3492433035509,76798.33955163076,0.9787604300459439,331.4375663777388
23.773,2273.293209698641,-17.45576723462883,-3.1555294327684584,-5.165526152749786,2398.0,-3.074858189,-13.61474419,2.574149847,18.475492853652145,273.3735941369588,76834.30453627802,0.9791315634601814,331.45232881339
23.82,2273.4609184636065,-16.680724572460814,-5.421866113477057,2.1911754232686977,2398.0,-1.530757308,-10.23838806,4.102804184,17.67609838596475,273.37250402998654,76832.69421028966,0.9791149467324658,331.451667961606
23.927,2273.438143395513,-7.895288607902648,-7.27645914941381,3.723354485669678,2373.0,-0.724352181,-8.025834084,4.444221497,11.364233743685572,273.37265206792915,76832.91289304664,0.9791172032930109,331.45175770621387
23.973000000000003,2271.325908366131,-0.6419678091077126,-6.187447728004918,5.608689938785007,2373.0,3.125513554,-5.888381004,2.936339617,8.375800551836937,273.38638159562015,76853.19644513485,0.9793265014663962,331.46008081190087
24.028,2271.4252271469936,-0.9985530367167564,-6.222625478808498,5.074610357431276,2373.0,3.347088575,-5.737113476,2.51183176,8.091343911638024,273.3857360235445,76852.24260107304,0.9793166593518654,331.45968945828366
24.078,2268.3369203953043,3.1155396882414603,-4.478313305690481,1.7483583608168871,2373.0,3.838175535,-5.239102364,0.797821283,5.728755062905937,273.4058100174305,76881.90676469401,0.9796227342474593,331.47185834050043
24.123,2268.5561743785242,3.1476240045916923,-3.860979957803465,-1.2993133885554087,2373.0,3.668798447,-5.161337852,-0.055455536,5.148098521835147,273.40438486653954,76879.80045510152,0.9796010020823182,331.4709944268371
24.194000000000003,2266.0931727563584,0.6167762321980212,-2.8467502588721922,-3.312071371844058,2373.0,3.294890642,-5.217264175,-0.785161734,4.410693452188926,273.42039437708365,76903.46448523745,0.9798451527504213,331.4806991188455
24.239,2266.3910863418096,-0.9749271401174797,-1.7472647607281169,-2.821821425567943,2373.0,2.8069942,-5.376522064,-1.299143076,3.459204132515777,273.4184579387782,76900.6018771937,0.9798156189103943,331.47952529810465
24.274,2260.7084040920863,-3.31133178859977,-0.9703333935637088,-3.8438128755797734,2373.0,2.11031127,-5.658284664,-1.75134778,5.16540051993348,273.4553953734014,76955.22081585269,0.980379092401064,331.5019151358086
24.321,2260.7702504810386,-3.5748041683927965,1.1407723170550037,-3.2006283802402042,2373.0,1.458902001,-5.770669937,-2.057611465,4.931998413434111,273.45499337187323,76954.62621201861,0.9803729586107375,331.5016714684176
24.371,2257.993137219677,-7.004117870317261,1.5491602359346073,-4.821425286212075,2373.0,1.032796144,-5.724863529,-2.370266676,8.643130588416662,273.4730446080721,76981.32961423698,0.9806484156042337,331.512612786672
24.42,2258.2508791565238,-9.484512513035128,3.7171826899175033,-1.2862216521220398,2373.0,0.50229454,-5.63325119,-2.544970036,10.267803606347844,273.4713692854826,76978.85097435782,0.9806228481412566,331.51159734578954
24.476000000000003,2257.5835717656755,-11.458322025298925,4.252271138915447,0.2994380156994506,2373.0,-0.236466393,-5.273724079,-2.546567917,12.22557224016732,273.4757067835231,76985.2684359261,0.9806890446927606,331.5142263690873
24.542,2257.866407416316,-11.041566015492972,4.932870094449991,1.1911100181949414,2373.0,-0.437268734,-5.021789074,-2.461346626,12.151877654035724,273.4738683517939,76982.54836682598,0.980660987123632,331.51311207030017
24.574,2257.4050243577944,-10.893972150381124,2.8066245914932657,13.796844905216977,2373.0,-0.276413798,-3.714176893,-2.254685402,17.801929674882604,273.47686734167434,76986.98559081573,0.9807067570839082,331.5149297974356
24.625,2257.8387546045383,-10.611613236052232,1.7457878168284742,14.573307817891772,2373.0,0.449031293,-2.493383884,-2.419801474,18.111747881636692,273.4740480950705,76982.81430426311,0.9806637302821252,331.5132210153405
24.675,2256.4394972559057,-7.60991566876319,0.9241752846699796,10.787070329576187,2373.0,0.510284007,-2.308027744,-2.485847712,13.233510597634524,273.48314326783657,76996.2719509117,0.9808025442531403,331.518733686417
24.731,2256.5486259015292,-12.670947148226704,1.1303892610271828,12.024666563040487,2373.0,1.046640635,-1.832387924,-2.490102291,17.504950370306794,273.48243393164006,76995.22231512917,0.9807917175550503,331.51830375426965
24.782,2254.600590695274,-15.77955386649325,3.7159729769748853,18.332820497596273,2373.0,1.423211694,-1.768472075,-2.320725441,24.472333006647645,273.49509616048067,77013.96091145645,0.9809849966857025,331.52597830941147
24.826,2254.496372152705,-14.836827058045936,2.634312505155222,12.295727700192492,2373.0,2.280216932,-1.929859638,-1.614987493,19.448803541669655,273.49577358100737,77014.96351751687,0.9809953378072371,331.52638888782207
24.869,2252.954825347198,-12.404009638872132,2.5006672004915886,9.993781402931363,2373.0,2.430951834,-2.014015436,-1.452534676,16.124157599652268,273.5057936352432,77029.79478246138,0.9811483080713069,331.53246189203736
24.922,2252.8985497068347,-8.806384280574571,1.296367410204125,7.657358586784104,2354.0,2.764912367,-2.318148613,-0.989144683,11.741725302781807,273.5061594269055,77030.33625572383,0.9811538927423141,331.5326835907593
24.973000000000003,2251.703951632213,-4.551482630022559,9.120331515099709,11.048776820891279,2354.0,3.049337864,-1.893640637,-1.103660583,15.03236210030155,273.5139243143906,77041.83117311334,0.9812724477701235,331.5373896926622
25.021,2251.212408820811,-6.669966107348781,9.74580488986974,3.063406017011385,2354.0,3.162256002,-1.387107372,-1.276233435,12.200558071238051,273.5171193426647,77046.56140493194,0.9813212329427579,331.5393260990869
25.08,2248.6676940689786,-4.008385475531591,3.8732949350441093,0.28024639931518625,2354.0,2.58807826,-1.237970352,-1.543614864,5.581048809911994,273.5336599885516,77071.05355245805,0.9815738232139744,331.54935068493086
25.196,2248.8727694212553,-6.022654838849088,5.130667142753532,-2.894927707720422,2354.0,2.234943151,-1.293364048,-1.56811583,8.424768428305342,273.53232699876185,77069.07952765028,0.9815534654400947,331.54854282743037
25.223000000000003,2246.0322335917976,-7.110541203917692,2.2534519392850454,2.7859328799497742,2354.0,0.265798479,-0.592420578,-0.788336813,7.962365469310238,273.5507904816533,77096.42574676304,0.9818354734019034,331.55973243272774
25.271,2243.2701061043035,-8.585367641365924,2.759840065014003,2.759840065014003,2354.0,-0.261507422,0.080293976,-0.147047609,9.430905147774844,273.568744310322,77123.02465245486,0.9821097564339542,331.57061280515967
25.321,2243.3683451127295,-8.511439457584114,3.0928124854306653,4.7670102112586346,2354.0,-0.545933008,0.573511422,0.262546599,10.233986372103475,273.56810575676724,77122.07849696389,0.9821000001609972,331.57022583530033
25.373,2240.364862549973,-6.701089821083513,1.266939398944687,6.303923289042475,2354.0,-0.875099719,1.190299511,0.794646144,9.287044151125777,273.5876283934252,77151.00976393002,0.9823983143367159,331.58205654478013
25.424,2237.682348928802,-2.990606604148127,2.204682730090187,7.793336249981789,2354.0,-1.143546343,1.691506386,0.723273456,8.633680773946448,273.6050647319628,77176.8567030059,0.9826648075928337,331.59262260164036
25.471,2237.93727091761,-6.009789080709432,1.7279780594880547,3.819525613408837,2354.0,-1.201603293,1.89443934,0.865486264,7.327499497111724,273.6034077390355,77174.40014072301,0.9826394800907001,331.59161851302304
25.526,2237.964082361509,-7.924920277864979,1.2423907725111139,5.833242238766122,2354.0,-1.510529995,2.07446909,0.862290442,9.918397615454902,273.60323346465015,77174.1417752361,0.9826368162973309,331.5915129077325
25.572,2235.5493503228813,-7.680554642093386,0.057212097240331994,4.811165485922742,2354.0,-1.563260555,2.163951159,0.83352828,9.063195141184323,273.6189292229013,77197.41388025892,0.9828767489655104,331.6010239531949
25.625,2233.309627623614,-8.954856706707641,-0.1857071280122017,2.7981063358831215,2354.0,-2.119861364,2.525075912,0.707294464,9.383674378513494,273.6334874204465,77219.00440311836,0.9830993324133664,331.60984543534715
25.674,2233.213774198511,-8.092041781806408,-0.9443212838727233,2.3225228227424557,2354.0,-2.254617214,2.624678135,0.641248047,8.47154030550733,273.63411046770966,77219.92852194291,0.9831088591788709,331.61022296313257
25.721,2233.4443961612483,-8.665933987244149,-0.640339209927832,2.338677041097763,2354.0,-2.489512444,2.851578712,0.360025585,8.998769720222985,273.63261142495185,77217.70512048337,0.9830859380374877,331.60931463598155
25.79,2231.32419936908,-9.467806965106481,-1.9698965409326425,3.278161324125711,2354.0,-2.575798988,2.95757246,0.215682253,10.211082350930816,273.64639270410095,77238.14766148606,0.9832966763431968,331.6176651446618
25.823,2231.792650298649,-11.073641920143487,-0.6446862011148138,2.540606742852621,2354.0,-2.63012743,3.678756475,-0.398975343,11.37962425984686,273.64334777305874,77233.63056810797,0.9832501113916315,331.61582014367036
25.87,2230.8053159054502,-12.9345601094062,0.6748918197523792,0.18078767308688326,2354.0,-2.377127171,4.373841763,-0.793655813,12.953416861004321,273.64976544661454,77243.15130623174,0.9833482563579545,331.61970876296084
25.921,2231.5328932696475,-12.323294612326121,2.2407856913062227,1.4300711674609763,2354.0,-1.876452804,5.022055149,-1.085538387,12.606736856163531,273.6450361937473,77236.13527949655,0.9832759315471649,331.61684320188147
25.971,2231.9459484383083,-11.187367465433262,1.4962379484143475,-1.641083674596297,2332.0,-1.414128065,5.375722885,-1.140399456,11.405659754347237,273.642351335151,77232.15241915823,0.9832348736188521,331.61521637442564
26.034,2231.1388302689643,-11.277810006981632,3.924288301962,-3.343360481326951,2332.0,-0.800003052,5.661213875,-1.056776166,12.400286147447954,273.6475976032517,77239.93516398499,0.9833151028652959,331.6183952208001
26.07,2231.2597672262177,-9.611177212413754,3.940707843621394,-5.701519249552209,2332.0,-0.496935338,5.653757095,-0.788862109,11.849524356285993,273.64681151302955,77238.76897276322,0.9833030811579762,331.61791891081697
26.124,2231.284777972925,-9.59658458357394,1.5999111453383519,-8.152649961783611,2332.0,-0.379223615,5.578656197,-0.514556527,12.693299521481293,273.646648943176,77238.5277967096,0.9833005949851249,331.6178204059519
26.178,2227.6968516565685,-4.5360053624003935,4.32428972851813,-9.045305849402832,2332.0,-0.45645529,5.175985813,-0.190716133,11.004198481176791,273.6699704642323,77273.13203189791,0.983657299012196,331.6319511604107
26.228,2223.977121400643,0.9596428241829895,4.687011162615073,-10.990002161912663,2332.0,-0.650867999,4.546947002,0.067081034,11.986206051429669,273.6941487108958,77309.02072057269,0.9840272112148564,331.6466003782455
26.273,2224.4602369677405,1.2491197791088882,3.949902592267081,-9.41969240039278,2332.0,-0.733425975,4.149603367,0.046308376,10.290414745236303,273.6910084597097,77304.35876412613,0.9839791613037068,331.6446977862054
26.325,2224.1044199960857,0.6948463484054958,0.46938125896511956,-6.899006937154837,2332.0,-0.932097793,3.375688553,0.160824299,6.949778912531729,273.6933212700254,77307.79229569924,0.9840145501234654,331.64609905558234
26.422,2221.3305339181534,-10.5079246285183,7.740349686988312,-12.767371677511443,2332.0,-1.255938172,3.464638233,0.726479709,18.257471698655397,273.71135152953195,77334.56373363151,0.9842904684780911,331.657022900425
26.471,2219.27170781442,-4.020046528614398,0.8778208620226002,-5.320068466289774,2332.0,-2.501765013,4.761065006,2.317985058,6.725657740625641,273.7247338992062,77354.4388099818,0.9844952981068855,331.66513053390764
26.523,2219.4572072274723,-6.071501839909055,0.8411596258856373,-2.8142517120702317,2332.0,-3.118020535,5.106743336,2.51772213,6.744679147826776,273.7235281530214,77352.64790398467,0.984476841702234,331.6644000474798
26.577,2218.4436081573244,1.4264492452048396,-2.344093133167466,3.019095698147528,2332.0,-4.088476181,5.68411684,2.337159634,4.079763338807931,273.73011654697734,77362.43411616536,0.9845776937382469,331.6683915249293
26.627,2218.2833837607236,4.770623180596056,-2.7128960920180747,6.5791405618097505,2332.0,-4.411251545,5.025250435,1.090267539,8.567598337304199,273.7311580055553,77363.98116074601,0.9845936366197675,331.6690224722419
26.671,2218.560238746906,6.293374131052978,-3.7374201934613147,7.790078454185548,2332.0,-4.339346409,4.899016857,0.632736444,10.68925581966608,273.7293584481451,77361.30800677637,0.9845660887154781,331.66793224482234
26.723000000000003,2217.092112522007,2.0481242567762816,-0.3216568803250191,11.53684256047629,2332.0,-3.773162365,4.420712471,-0.379257888,11.721647170303026,273.7389012686069,77375.4842502608,0.9847121784205586,331.67371353909715
26.77,2217.389388272029,1.5449442030727707,-2.7436882570351067,8.073834730414154,2332.0,-2.916689873,3.874231577,-0.904965878,8.666111301872501,273.73696897623176,77372.61358241644,0.9846825958876699,331.6725429131544
26.823,2215.6052395980946,1.2233614842836622,-1.937945781166508,7.805020688760361,2332.0,-2.480463982,3.414037466,-1.089256644,8.134531032822178,273.74856594261234,77389.84365597594,0.9848601504663699,331.679568552779
26.872,2214.9292034068867,0.9241099013288482,-1.2825690567922396,7.68806019338776,2332.0,-1.870599985,2.58579421,-1.17927146,7.848900052384945,273.75296017785524,77396.3731574152,0.9849274345097047,331.68223061640595
26.923,2212.8984845785194,-4.7786016970194884,-0.1301848197916386,12.457478393092533,2310.0,-1.660742879,2.317347527,-1.147313595,13.343191154308967,273.7661598502396,77415.9895555142,0.9851295675789371,331.6902269573461
26.97,2212.8319835491657,-3.5262952266830614,-0.9838176391946427,8.3226098004047,2310.0,-0.893219829,0.12290296,-0.269535661,9.092221349192432,273.7665921069304,77416.63201220527,0.9851361874746525,331.69048881451533
27.021,2212.458999621923,-0.023028793927774016,-0.8721204304589487,5.67595915280187,2310.0,-0.893219829,0.12290296,-0.269535661,5.742615839044867,273.7690165024575,77420.23543523354,0.9851733170750474,331.69195748742925
27.075,2210.090508088494,2.8248104021819262,-0.8210068106823116,4.964329093664325,2310.0,-0.482560426,-1.917611122,0.389863044,5.770456597329541,273.7844116974248,77443.12076224996,0.9854091193625512,331.70128358033844
27.12,2208.0519462723305,0.13039429478177983,-0.7378857763299894,8.165583207211322,2310.0,-0.399469793,-2.499778271,0.51609689,8.199891902026105,273.7976623492298,77462.82256042252,0.9856121090791118,331.7093103430849
27.17,2207.8745853430883,-0.6460126378148165,-1.8644830841341593,6.986217662219821,2310.0,0.232764661,-4.497148991,0.973627985,7.25953626088823,273.7988151952699,77464.53686724244,0.9856297712995603,331.7100086860858
27.227,2206.232275919914,2.4791411307471933,-2.5002772762222736,3.8463226034848823,2310.0,0.639157414,-5.366405487,1.084957361,5.2145685127568,273.80949020652054,77480.41229752862,0.9857933297068217,331.7164750646166
27.273,2206.176954993913,1.4691659132953603,-3.05452587158206,2.2079237292949427,2310.0,1.008271456,-5.591709137,0.967245638,4.045182811114575,273.8098497925395,77480.94710467939,0.9857988395066606,331.7166928813319
27.333,2204.8373145673413,0.9305367813184542,-3.7946340486938896,0.6954774555467518,2310.0,1.433844686,-4.953083038,0.531552494,3.968480207342261,273.81855745531226,77493.89879981348,0.9859322709054189,331.7219674434696
27.372,2204.537229276237,1.6992112613052703,-3.5872235440675913,0.11615896953195187,2310.0,1.59310174,-4.056130409,0.178417295,3.9710180775038313,273.82050800970444,77496.80027626037,0.9859621620140455,331.72314895686725
27.421,2202.2215406617315,2.7146770113130527,-3.0514704965350483,0.3353016759624837,2310.0,1.687377572,-2.81722784,-0.152879953,4.097971532463186,273.83555998569875,77519.19325593884,0.9861928480868377,331.7322662802832
27.472,2202.2937532647593,6.649945714628786,-3.548748106962186,3.4454644112427135,2310.0,1.874864101,-0.786301136,-0.605617344,8.287738904147352,273.83509060377907,77518.49487248684,0.9861856537317963,331.7319819687886
27.525,2199.1891157125287,7.898706576783086,-6.060935570244039,3.096781428198061,2310.0,2.424540758,2.50856185,-1.111618042,10.42662748863688,273.85527074786853,77548.52508241413,0.9864949969957593,331.74420515729577
27.573,2199.0967619423923,9.526841844878257,-5.411413811969491,4.2835812257608925,2310.0,2.617353678,3.558912754,-1.129194856,11.764063205346558,273.8558710473744,77549.41853645562,0.9865042001782985,331.7445687540466
27.642,2198.9287363626704,6.834776292320851,-6.2853677840617745,8.149189966817035,2310.0,2.990196228,4.915526867,-1.085519075,12.354323626255878,273.85696321364264,77551.04408035446,0.9865209443311076,331.7452302696552
27.685,2195.615475530879,-0.33239030973566647,-5.244649316934342,8.091365541404015,2310.0,3.422160864,4.530966282,-0.068191424,9.648161799029197,273.87849940904925,77583.10347286172,0.9868511631518347,331.7582742864368
27.721,2192.778683454953,-0.8720725741248809,-5.851491035210956,10.348408599801532,2310.0,3.090861797,4.08994627,0.980564475,11.920151779995978,273.8969385575428,77610.56104026674,0.9871339615187131,331.7694420800682
27.774,2192.541394358863,-2.1559007536070953,-4.305013936971473,10.839519471098463,2310.0,2.916691065,3.932287693,1.184030056,11.860701303938352,273.8984809366674,77612.85813949256,0.9871576195582353,331.77037621526506
27.825,2190.4811999886706,-5.521201762901802,-2.4558367745791845,17.936753626670413,2310.0,2.656766415,3.963712931,1.800818086,18.927280148872942,273.9118722000736,77632.80435731077,0.9873630419187036,331.77848646505635
27.87,2190.6554147728584,-8.520969957004471,-3.0810263671688114,13.056511409650904,2310.0,2.284456491,4.127763271,2.47300005,15.892518449689039,273.9107398039764,77631.11749851792,0.9873456696647662,331.77780065131543
27.923,2190.038875227102,-7.651990224106318,-2.9939789291562877,11.771580567930574,2295.0,1.891906619,4.16984129,2.766480446,14.355729632635576,273.9147473110238,77637.08736146071,0.9874071504663336,331.78022771389067
27.973000000000003,2189.708661897728,-8.130581148598479,-3.3094676015105975,7.009154139647453,2295.0,1.177114129,4.08621788,2.911356211,11.233306163936346,273.91689369766476,77640.28492206984,0.9874400802643682,331.7815276206325
28.024,2188.8149819673113,-11.028094406885936,-1.8607839387644638,6.8795825010106055,2295.0,0.651406109,3.768769503,2.768610954,13.130500314236468,273.92270261721245,77648.93924368311,0.9875292047437214,331.7850456255965
28.07,2188.994704698058,-5.470566226067918,-1.8151545213217017,3.9030218469604634,2295.0,0.022367442,2.549574375,2.499099016,6.960995640561792,273.9215344194626,77647.19876106211,0.9875112809479152,331.78433814324245
28.131,2186.5086203126616,-5.668647668917895,0.2462109204673198,3.412315156264639,2295.0,-0.249274999,2.430264711,1.761403322,6.621033222795293,273.9376939679677,77671.27746609325,0.9877592408971009,331.7941245334329
28.17,2186.2548474889663,-8.69390769755001,0.4638094472073655,0.8571740708043198,2295.0,-0.299342424,2.239049673,1.505739808,8.74836542700963,273.9393434913217,77673.7356957504,0.9877845546624016,331.7951234856496
28.225,2186.368250907852,-8.685707093902966,0.6782872929796102,1.7096696984063022,2295.0,-0.37817198,1.912013412,1.06152463,8.878319201884025,273.9386063690989,77672.63717929268,0.9877732426430383,331.79467708441285
28.271,2183.230210600568,-9.614432246793918,2.9156658457436437,6.489525984974029,2295.0,-0.943300009,1.848096848,0.319043785,11.960449918873447,273.95900363109627,77703.03939692069,0.9880862995217601,331.8070294451711
28.325,2180.73678551747,-7.220912890854595,2.728329869146029,6.575626419775741,2295.0,-0.836240947,2.128793955,0.022900263,10.140228284641188,273.9752108941364,77727.20327024088,0.9883351024709943,331.81684406013295
28.373,2180.630472631399,-8.27047258952971,0.10051559966214796,2.4559053657308287,2295.0,-0.751552403,2.158621311,-0.290287495,8.627994634059712,273.9759019278959,77728.23368752531,0.9883457118195006,331.81726252225565
28.424,2179.230882854694,-7.698276865128857,1.728079372931377,5.143634286491988,2295.0,-0.696158648,2.103227615,-0.617323697,9.418423365112922,273.98499926144444,77741.79997470282,0.9884853900835255,331.8227714506596
28.472,2178.985618898149,-17.3017608024585,-0.10405743619455143,8.017480203510416,2295.0,-0.013324141,1.200416088,-0.931044042,19.069392848992287,273.986593477162,77744.17752677604,0.9885098688419702,331.82373682524144
28.531,2177.174103775522,-9.317924665833404,0.3290995991213907,-1.8248107560241784,2295.0,0.097463362,-0.731973648,-0.895357668,9.500629501227271,273.99836832545907,77761.73990661599,0.9886906828692001,331.8308669773688
28.571,2177.2984309257004,-20.13378721164477,0.8056750563433908,9.003965845101002,2295.0,-0.016519934,-1.534650445,-1.087638021,22.070113291960006,273.9975601989829,77760.53447002522,0.9886782725076922,331.83037762863916
28.626,2175.0607435884585,-16.795769073416682,-0.4951301728906236,8.686571846652162,2295.0,0.450598508,-3.253987312,-0.912401915,18.915589948576727,274.012105166675,77782.23269104128,0.9889016571458321,331.8391850028138
28.67,2175.144450236704,-12.636293485058184,0.15764637967929052,8.005747826455687,2295.0,0.585887134,-4.044413567,-0.923054576,14.959704665612549,274.0115610734614,77781.42092309696,0.9888933001539971,331.8388555437593
28.723000000000003,2173.086172365051,-12.373554014131848,-1.8966266063538795,10.988458218416842,2295.0,0.499068052,-4.389026642,-1.416804671,16.65677776289461,274.02493987962714,77801.38362116076,0.9890988074036448,331.8469565770127
28.773,2173.0179261372,-6.784633918732199,-2.1793910082869337,12.902778352874055,2295.0,0.486814141,-3.965584517,-2.125200033,14.739833506576955,274.0253834801082,77802.04559450445,0.9891056219579587,331.8472251792247
28.827,2170.884283239703,-8.567723399786987,-3.1325782254123555,12.477276000994575,2295.0,0.486814141,-3.965584517,-2.125200033,15.456433838327012,274.0392521589419,77822.74375990746,0.9893186895840298,331.85562262091327
28.871,2170.583059417938,-5.6413235440435745,-3.554572943433231,13.412867539268152,2295.0,0.401593,-3.385015488,-2.99339056,14.97880288156304,274.0412101137834,77825.66624837749,0.9893487729120833,331.8568081393331
28.973000000000003,2167.2225347418334,-5.17190649489262,-3.7279709952106397,15.954644333106772,2295.0,0.299860239,-2.990334988,-3.319894075,17.181299727581155,274.0630535241781,77858.27625204217,0.9896844371399783,331.8700337779256
29.024,2163.7173466973354,-3.891357174780908,-4.7020714791532425,13.579781794139715,2273.0,-0.066590734,-1.056347132,-3.804589272,14.888338068207402,274.0858372464673,77892.30183440677,0.990034643815902,331.8838281902838
29.074,2163.219113305364,-4.374948311281261,-4.979386618210392,14.746403037666994,2273.0,0.121961072,-0.262725204,-3.895136833,16.1675869061932,274.0890757635151,77897.13926579298,0.9900844304831988,331.88578890498434
29.123,2159.0855931688448,-4.904184321679209,-5.422273379207856,15.565159659551576,2273.0,0.490009934,0.309854448,-3.896202087,17.19669351030023,274.1159436444025,77937.28168636105,0.9904975521206079,331.90205523975897
29.172,2159.3448862560153,-5.136727789972394,-6.1249363759339355,13.154720562467963,2273.0,1.182964444,0.939958394,-3.813644171,15.393098813238705,274.11425823933587,77934.7630855526,0.9904716333871579,331.90103488636777
29.246,2156.817246391348,-5.326634901491834,-5.696014028964538,17.915449113848428,2273.0,2.026121378,1.625456095,-3.680485964,19.53921523866412,274.13068789845624,77959.31771054496,0.9907243164092817,331.9109813575812
29.28,2156.4818079902543,-5.738375061451259,-7.249470535141376,14.966029856021413,2273.0,2.026121378,1.625456095,-3.680485964,17.591640657911732,274.13286824806335,77962.57678008935,0.9907578532110015,331.912301312936
29.325,2153.0632468119634,-7.417928994451052,-7.609814719228358,15.061411130519396,2273.0,3.748117685,2.136782408,-3.012026787,18.43315100220892,274.1550888957222,77995.79730316559,0.9910996871289228,331.925753105305
29.389,2151.3788113765117,-10.751432306189034,-8.06983759389235,16.923197737278667,2273.0,4.289804935,1.829986334,-2.599236965,21.612732290976016,274.16603772605265,78012.17034199357,0.9912681529124342,331.9323810371154
29.423,2151.224267057173,-13.221199531338895,-9.158031468179235,14.11763268649333,2273.0,4.609916687,1.627586007,-2.328127146,21.400402101137768,274.1670422641283,78013.67268210018,0.9912836104819569,331.9329891328749
29.506,2151.108586265717,-5.961603444942935,-9.199664004758862,10.454168137536687,2273.0,4.957725525,1.423055291,-1.85994339,15.14807462627177,274.1677941892728,78014.79724146679,0.9912951810303519,331.9334443090106
29.528,2148.7130407214354,-7.000587844577622,-8.626813115004339,8.64284593389619,2273.0,5.669322014,2.359955311,-1.171249866,14.075827525510702,274.18336523531065,78038.08783679032,0.9915348099430163,331.942870065188
29.569000000000003,2148.728574575178,-9.40567045163296,-10.55218404579568,2.985310738575729,2273.0,5.792892933,2.496841908,-0.735556722,14.447397862138422,274.1832642652613,78037.93679138714,0.991533255932732,331.9428089449756
29.624,2147.086674865457,-7.391977833279342,-11.690204487627849,0.662399759259852,2273.0,5.711400032,2.74185276,-0.237012967,13.847057113022787,274.1939366133745,78053.90332203507,0.9916975222657689,331.94926917650656
29.676,2145.339429599274,-6.536365263122799,-9.563353456444023,-2.444415627417941,2273.0,5.562263012,3.059834003,0.131568536,11.83879081432742,274.2052937076047,78070.89718277837,0.9918723509191103,331.95614376341206
29.723000000000003,2145.530089406239,-5.770859052292519,-8.409279721642505,-3.813631155761783,2273.0,5.463726044,3.234004736,0.436766803,10.888644646164705,274.2040544188594,78069.04266316003,0.9918532724300722,331.9553936138213
29.773,2143.4171268307764,-4.146067787955439,-9.705938419466527,-6.587806071848229,2273.0,5.37637043,3.590867996,0.959285498,12.441636047766325,274.21778867559993,78089.5971292538,0.9920647229951701,331.9637069546358
29.824,2143.620628085703,-3.2449472668782264,-7.773436444011912,-6.929141712687523,2273.0,5.072237492,3.965841055,1.649044275,10.907291221399529,274.2164659174429,78087.6173201538,0.9920443565075472,331.9629062986447
29.871,2142.987460979243,-3.543253362298105,-8.940022326932443,-8.412337608001778,2273.0,4.894338608,4.042540073,1.959568858,12.776778452586884,274.2205815036349,78093.77736652757,0.9921077251774583,331.9653974269996
29.957,2140.0242379516303,-1.432888371021383,-8.436694648529725,-8.148866939255416,2251.0,4.159306049,4.110184193,2.898066759,11.816726199334076,274.2398424533144,78122.61162314478,0.9924043318095993,331.97705566305854
29.977,2140.5259616656085,-0.8969734676123565,-7.9007797451206985,-7.61295203584639,2251.0,4.159306049,4.110184193,2.898066759,11.008356856616146,274.2365812491735,78117.72889027165,0.992354106526286,331.9750817555519
30.03,2135.5864046660363,6.82738916954481,-1.8985865576163772,-11.708712269975008,2251.0,2.256210804,3.044387341,3.486092806,13.68619073410285,274.2686883696707,78165.81100360698,0.9928486678338048,331.9945147063722
30.068,2135.2419415516974,0.38241912073108986,-4.846450452053308,-9.969782270705466,2251.0,1.897216797,2.354095936,3.435492754,11.091928817540323,274.2709273799139,78169.16493366161,0.9928831634095036,331.9958698329936
30.127,2130.5146811255368,-2.7190462009719987,-4.791405063759376,-4.954507315897226,2251.0,1.238883376,1.959415317,3.687960386,7.409312887934911,274.301654572684,78215.20457022854,0.9933566581745018,332.01446643651616
30.172,2126.1698265295904,-6.095053929219107,-4.516798773149242,-8.023498644738778,2251.0,0.932087183,0.999612033,3.779040337,11.042086943116178,274.3298961275576,78257.53925009147,0.9937920025053426,332.03155777242256
30.226000000000003,2126.4248475415525,-3.0448166500017253,-2.2053191646183263,-5.51533752964448,2251.0,0.645531058,0.34713757,3.580368519,6.6748250251123045,274.3282384909799,78255.05390583404,0.9937664459612873,332.03055462166446
30.275,2126.450645623673,-3.2829013747779188,-2.2419248442595956,-6.5497454072333,2251.0,0.716429055,-0.011738151,3.330154896,7.661777427164069,274.3280708034461,78254.80249044306,0.9937638606736062,332.03045314214916
30.326,2123.1795058549283,-4.244177655146866,-3.1984041713181055,-5.313937366676254,2251.0,0.855446041,0.135268345,3.170365334,7.515368490533992,274.34933321194296,78286.6866229372,0.9940917104737901,332.043320272948
30.375,2121.267973001045,-6.053397013160195,-3.1175550215477346,-5.03160887914041,2251.0,0.933210373,0.058569301,3.10751462,8.466395491822885,274.3617581754932,78305.32339737624,0.9942833320480823,332.05083911652065
30.42,2121.324996643408,-3.005078752846771,-2.036058856014316,-2.56854023562487,2251.0,1.20112431,0.19439052,2.808175325,4.44673283636304,274.36138752181785,78304.76738489536,0.9942776153052645,332.0506148215855
30.471,2120.2072582068768,-5.177159606357178,-2.303680051183475,-4.591909695926583,2251.0,1.519638419,0.233805314,2.287261009,7.293528502958063,274.3686528216553,78315.6665440849,0.9943896755723771,332.0550112698777
30.522,2120.3274717326317,-7.328205949023204,-3.0971395583069063,-5.673196620695931,2251.0,1.586217403,0.414367646,2.198311567,9.771388630691357,274.3678714337379,78314.49427318337,0.9943776229510809,332.0545384316803
30.57,2119.389149956407,-5.12297863648645,-2.580501123157828,-5.665053921715722,2251.0,1.65599227,0.986947238,2.032130241,8.062055078729124,274.3739705252833,78323.64476332247,0.9944717021638291,332.0582291330778
30.621,2119.4139275769735,-3.1937912594866606,-1.908160766001542,-5.765051661195797,2251.0,1.629893184,1.540884733,1.996443987,6.861282735344565,274.3738094707497,78323.4031214676,0.9944692177909562,332.05813167578077
30.683,2119.355805504245,-5.608545092136463,-2.0682653788559713,-4.303726493781198,2251.0,1.59047842,1.614920616,1.932528138,7.36583745823762,274.37418726422237,78323.96995350203,0.9944750455130386,332.0583602860694
30.72,2118.777182660471,-1.8288612681945637,-1.8000782334987742,-7.710139595984029,2251.0,1.491408825,2.131041288,1.688049912,8.125962575263257,274.3779483127069,78329.61311928454,0.9945330636768058,332.06063616217375
30.772,2117.03994557468,-3.634974988550176,-1.9703717536020264,-5.107693375610512,2251.0,1.464777231,2.362203598,1.584186673,6.5714488230552,274.38924035376454,78346.55794192794,0.9947072709507463,332.0674690796546
30.821,2116.8778498182864,-5.3754830594788885,-1.4274467663077228,-2.6699027087513163,2251.0,1.526558042,2.520927429,1.392979026,6.169424840905715,274.3902939761811,78348.13915778905,0.9947235268369071,332.0681066290587
30.874,2114.6431048182617,-2.449540728705171,-1.8403053231524855,-4.685002136260949,2251.0,1.542536974,2.508676767,1.443046451,5.597876247361895,274.4048198186813,78369.94133993864,0.9949476605167288,332.07689612578207
30.941000000000003,2114.047721026508,-0.6380630820608533,-2.105984297339996,-6.2746881053022605,2230.0,1.427488446,2.435706139,1.62680459,6.649361260764323,274.40868981332767,78375.75073554645,0.9950073810328803,332.07923779616516
30.972,2113.865306407534,-0.8542803374822946,-1.262036112638956,-7.167300082867947,2230.0,1.311907291,2.357409239,1.731733203,7.3275316800743076,274.40987550835104,78377.53069705804,0.9950256788469992,332.07995523750157
31.022,2105.579307939446,-0.8541363676869298,-1.8279532168276644,-9.081211141187458,2230.0,1.20857656,2.116126776,1.989527106,9.302653260674786,274.4637344983936,78458.41815767724,0.9958571098994479,332.11254264611784
31.074,2101.1681340069754,-7.123269257213228,-2.709911778914718,-11.042522878470313,2230.0,0.943325818,1.895617127,2.269159317,13.417223940957388,274.49240712895465,78501.50735776545,0.9962999512599696,332.1298897312812
31.12,2100.9693710870706,-3.653263439130167,-3.274290113408195,-10.225328886307741,2230.0,0.637594938,2.123051167,2.500321627,11.341281247531397,274.49369908793403,78503.44936347542,0.9963199087785878,332.1306713516053
31.172,2096.448698272968,-2.51814087838878,-5.142169518287407,-11.771799567695172,2230.0,0.132126912,2.397356749,2.924829483,13.090386010359092,274.52308346122567,78547.62893417783,0.9967739060720788,332.1484480628545
31.227,2096.7749023218657,-4.15839825078006,-5.405651365004845,-10.879173916635489,2230.0,-0.301968336,2.228512287,2.895002127,12.840162296500438,274.52096313490784,78544.44033782322,0.9967411411037489,332.14716535750443
31.274,2097.0373464774957,-1.8287746081884682,-3.9251192607328047,-9.211554211418783,2230.0,-0.445246428,1.868452907,2.875827312,10.178590706401236,274.51925724789623,78541.87506108456,0.996714780979262,332.1461333663423
31.328,2092.4396591271343,-9.052190360657137,-5.919666861479132,-12.832328544742419,2230.0,-0.804775357,2.578451395,2.804990768,16.782528473286714,274.5491422156736,78586.82525990617,0.9971766539633213,332.16421207320445
31.372,2088.9103966246403,-4.183649180308892,-6.903620389965622,-12.602607632177191,2230.0,-1.272959113,4.005905628,2.981292009,14.966249165480948,274.5720824219398,78621.34392236386,0.9975313065420184,332.178088926565
31.421,2088.9558611721695,-0.01571162370737761,-6.227991883104386,-9.178225317904946,2230.0,-2.297210932,1.127028584,2.947736263,11.09179650630884,274.5717869023809,78620.89916915659,0.9975267372349657,332.17791016631406
31.473000000000003,2085.588512267284,0.39922238672522425,-5.49165072457461,-9.362933650222383,2230.0,-2.338223457,0.195454776,2.953062534,10.861958052453069,274.59367467026266,78653.84549651145,0.9978652080186924,332.1911498516155
31.522,2085.4320465139976,-0.07338565231363733,-4.899296114629899,-11.317853214286183,2230.0,-2.000002146,-2.293002844,3.096873283,12.332975685248114,274.594691697659,78655.37663782327,0.9978809373890953,332.191765028181
31.585,2082.5385311099117,-7.349877928883397,-4.8601689453726555,-14.953325417703796,2230.0,-1.809852362,-2.230684996,3.367450476,17.35637890790583,274.6134995477855,78683.69632812121,0.9981718542462521,332.2031412603869
31.626,2082.352404509488,-6.6328483000534035,-5.639843054414131,-12.298255993204572,2230.0,-1.707054377,-1.765697002,3.540023327,15.068165340357027,274.61470937068833,78685.51828675285,0.9981905698167904,332.2038730279924
31.693,2080.1766728868365,-4.609976316804232,-5.9627661990363885,-9.440683183247572,2230.0,-1.399725556,-1.054100394,3.982108116,12.080271576099616,274.62885162623553,78706.8186522332,0.9984093658655486,332.2124269244534
31.727,2080.1441820075606,-3.032582768454363,-5.512698138976937,-8.170307204825457,2230.0,-1.125952601,-0.887919188,4.019924641,10.312144240662505,274.6290628169508,78707.13677261652,0.9984126334932383,332.21255466078946
31.773,2080.617657575876,-3.706756149628937,-3.4237256862956182,-10.432329352051585,2230.0,-0.48785916,-1.010957241,3.856939554,11.588590701094306,274.6259852257568,78702.50104445763,0.9983650165735466,332.2106932094072
31.821,2080.32339705666,-2.908747056429792,-3.877767244890638,-7.235756309534742,2230.0,-0.278005302,-1.098309398,3.75521183,8.70942349497414,274.62789791913167,78705.38207898907,0.998394609827544,332.2118500847937
31.885,2078.8468795818203,-1.1417450108461764,-5.041809799665379,-4.264675043351289,2230.0,-0.042049211,-1.006696582,3.705144405,6.70155809876907,274.63749528271813,78719.83959863434,0.9985431106804785,332.2176549030258
31.924,2078.731716211272,-1.7990667579561872,-2.67214379139783,-8.519842424813778,2230.0,1.124948025,-1.667693257,3.060126781,9.108496505194788,274.6382438446267,78720.96732668046,0.9985546939552398,332.21810765495627
31.98,2076.050501938268,-2.2432061095050635,-3.92699803458446,-8.469877777014592,2205.0,1.580348492,-1.82908082,2.719242334,9.601672602776908,274.65567173740124,78747.22659984864,0.9988244028728638,332.2286483750452
32.028999999999996,2075.903978372486,-1.779922159309038,-3.10392973942394,-8.414349747288343,2205.0,2.248802185,-1.862636566,2.09979105,9.143510506920803,274.6566241405788,78748.6618265437,0.9988391435888023,332.229224396913
32.07,2074.234095642227,-2.9060450812418224,-2.7381455841651423,-10.08254912697692,2205.0,2.424570799,-1.83280921,1.878748536,10.844368868320364,274.6674783783255,78765.02014749586,0.9990071506224167,332.235789065383
32.123,2073.69965545853,-5.931460904734099,-3.1683153635087566,-14.508724651421174,2205.0,2.968388319,-1.104700923,1.372215271,15.99135834498718,274.6709522395195,78770.25615264967,0.9990609252581155,332.2378900373883
32.172999999999995,2071.6601296727185,-7.005593207266137,-3.2014711345203124,-13.030786117260494,2205.0,2.984367132,-0.875669122,1.2869941,15.137012269422558,274.6842091571273,78790.240338229,0.9992661598861399,332.2459076256241
32.224999999999994,2071.5737526451862,-6.012349760602214,-4.64037118823881,-9.725326508528767,2205.0,3.06266427,0.021816187,1.28326571,12.339504451392799,274.6847706078063,78791.0867895743,0.9992748525975228,332.24624717844307
32.271,2069.853613320003,-5.06163016686976,-4.4332059248705535,-8.630693060159157,2205.0,3.038695812,0.247652248,1.374345779,10.943595269250084,274.69595151341997,78807.94482166156,0.9994479740368221,332.2530090679362
32.32,2069.5592869037378,-5.820594051313675,-5.465606659659619,-11.577147071288435,2205.0,2.950271845,0.596525311,1.485677123,14.063516828252672,274.6978646351257,78810.82962722129,0.9994775984784662,332.25416605502176
32.37,2067.0564289426607,-5.396306377873768,-3.7460942944853244,-8.14985742821929,2205.0,2.560384989,1.268707156,1.746666908,10.467737152190905,274.7141332118727,78835.36454892064,0.9997295424266076,332.26400454135154
32.422,2066.9486824382802,-6.45026084480838,-4.584178564725306,-8.148444212073715,2205.0,2.22535944,1.331025124,2.036418676,11.358595914840562,274.71483356415115,78836.42090113426,0.9997403895501954,332.2644280756299
32.547,2064.2499472291233,-5.722980622744717,-4.586061228835582,-8.289444363773965,2205.0,2.22535944,1.331025124,2.036418676,11.067942566847933,274.7323753430107,78862.88317749999,1.000012107683756,332.2750361960641
32.571,2061.7394160579934,-6.047757749557652,-5.510479710269369,-10.974407186761253,2205.0,1.249577165,1.77364254,2.542952061,13.688622046629167,274.748693795623,78887.50648819827,1.000264927495781,332.28490422474357
32.620999999999995,2061.900644202974,-6.8542256817494955,-4.028717411454845,-5.94277126904752,2205.0,0.889517784,1.396538973,2.623379469,9.926102157137535,274.7476458126807,78885.9249741682,1.0002486897536838,332.2842705015421
32.672,2055.6948327704313,-7.351909401639693,-5.3083331336001205,-7.903579177748783,2205.0,0.745174408,1.724107742,2.65054369,12.028945769523576,274.7879835869922,78946.81735092185,1.0008738400795707,332.3086621863844
32.721999999999994,2055.5096591254087,-6.030740546788673,-3.732916410163586,-7.37393652440427,2205.0,0.681791186,1.842884779,2.635097265,10.23129690380906,274.7891872156848,78948.63488782398,1.0008924983742264,332.3093899762197
32.769999999999996,2052.886292870568,-11.870953068544214,-6.50296699229039,-16.78321310796709,2205.0,0.372864455,2.552350998,2.655337334,21.561176885454,274.8062390963413,78974.3876837367,1.0011568601556888,332.31970044769645
32.824,2052.894698988001,-7.1119517099116925,-5.663218671658173,-13.026809729068198,2205.0,-0.198653355,4.145453453,2.817263365,15.88551776192641,274.80618445657797,78974.30515255335,1.001156012969387,332.3196674101083
32.87,2049.8448581251655,-5.131641778218823,-9.113257253660047,-21.45147137820576,2205.0,-1.504134893,3.161681652,2.933909655,23.865264075667152,274.8260084221864,79004.25304619288,1.0014634183843212,332.3316536302614
32.922,2050.075585221668,-6.56017936723876,-11.721888572166367,-25.43207921064004,2205.0,-2.535843611,-0.934260249,3.109678268,28.761593801542,274.8245086960591,79001.9871014069,1.0014401599714098,332.33074686174507
32.971999999999994,2046.6832714363866,-12.59204589873903,-18.075162359997034,-22.287039768953694,2184.0,-3.851445198,1.442877412,3.952835083,31.336612068300035,274.84655873566345,79035.3079340331,1.0017821633216344,332.3440785678317
33.025999999999996,2045.0292613504505,-5.783083974279359,-18.38993682233111,-12.88283238259998,2184.0,-5.39181757,6.722860813,3.157615185,23.186228817577536,274.8573098012221,79051.55849188472,1.0019489482775978,332.3505785910672
33.071,2044.847502884519,-2.9711085020844648,-18.273945016257002,-12.474218544609599,2184.0,-6.212603569,7.039776802,1.857992649,22.324217354411886,274.8584912312506,79053.34442376654,1.0019672775009645,332.35129286810763
33.122,2042.4823001081304,4.209137200253984,-14.68674829260194,-0.9525722932955356,2184.0,-6.527389526,4.866104603,-0.226197243,15.307671454364387,274.87386504929714,79076.58753636065,1.00220581704246,332.3605875361293
33.169999999999995,2042.3457507264445,13.819429744031906,-2.322906160629084,0.24835444251409652,2184.0,-6.533781052,4.131072044,-0.633660853,14.015498971154711,274.8747526202781,79077.9295913681,1.002219589884444,332.36112413384205
33.22,2039.5256121203881,6.341043371369682,-10.91902235617107,13.325660815437981,2184.0,-6.354816437,1.821578979,-1.803853989,18.357753577718988,274.8930835212175,79105.65102253709,1.0025040711774085,332.37220623071306
33.273999999999994,2039.6120913783188,12.447880549490126,-9.31189088655349,13.997351646657277,2184.0,-5.197406769,1.00292325,-2.287483931,20.918577752266806,274.8925214060409,79104.80083078958,1.0024953466700226,332.3718664048533
33.321,2040.1322240529098,8.378648483581982,-9.317956054813381,14.65329173060543,2184.0,-5.131364346,0.817033947,-2.6464715,19.280690184562726,274.8891405436561,79099.68747736019,1.0024428740250697,332.3698225024033
33.373,2038.8735288964617,4.370161568476165,-4.936266236911368,19.43314268346253,2184.0,-4.514043808,0.438332409,-3.092284679,20.52101535139211,274.897322062173,79112.0619977451,1.0025698588215746,332.3747686228987
33.428,2038.7548261869736,3.393336705153282,1.340165946233892,27.398163163745167,2184.0,-4.01336956,0.336067021,-3.083762407,27.640009470063287,274.8980936297846,79113.22907215236,1.0025818349053481,332.3752350687421
33.474,2037.5393676235656,-2.159142707205194,-1.2285000433177973,15.508678355544234,2184.0,-1.950484872,1.29640305,-3.112524748,15.70637494529643,274.9059941104468,79125.18015412343,1.002704470532012,332.3800112118135
33.525999999999996,2035.8151485873136,-9.761080374231321,0.557541549319743,32.44884664654454,2184.0,-1.184027195,1.324632525,-2.883492708,33.88978004269704,274.9172015341824,79142.13616704935,1.0028784580429384,332.38678641086483
33.57,2035.6477521233953,-2.763712783473206,0.8293359817502236,21.83115936132239,2184.0,0.104410253,0.4180924,-2.336479425,22.021022355458726,274.9182896111979,79143.78250472034,1.0028953509168375,332.38744417629874
33.631,2033.6111551034921,0.0587985864868148,-0.24821766660346456,17.923303352533072,2184.0,0.713208854,0.381340772,-2.147395134,17.925118475221026,274.9315274918273,79163.81457789856,1.0031008922678768,332.3954466492293
33.669999999999995,2033.8561792470416,-0.8517699358228327,-0.4584054575389941,13.079088593251722,2184.0,1.390184402,0.755248606,-2.02808547,13.114808653472625,274.9299348348942,79161.40429056466,1.003076161766006,332.3944838773636
33.723,2034.237257141283,-1.0304316291062559,-1.5964927030903289,10.372340828825616,2184.0,1.568616271,0.833012879,-1.979615808,10.54495294264541,274.9274578285816,79157.6557689843,1.003037700166523,332.39298650478787
33.772,2032.056636317618,-2.4713689897180235,-0.8787226830906102,8.763503824821893,2184.0,1.798180699,1.016771078,-1.749518633,9.147612668056393,274.94163186393547,79179.10766747093,1.0032578020808858,332.4015547454009
33.818999999999996,2029.7178053775617,-3.6901202682406073,-1.8432262383407951,6.8347777639933565,2184.0,1.670877576,0.889471352,-1.512490749,7.983023089216648,274.9568342650458,79202.12119283434,1.0034939140685482,332.4107443902708
33.87,2029.6451819740587,-3.2798750265241203,-0.3392355704999174,7.105906688642069,2184.0,1.556894302,0.837273359,-1.470945477,7.833681818251051,274.9573063171686,79202.83587608403,1.003501246299064,332.41102973529706
33.919999999999995,2027.0414041913305,-4.113058667507673,-1.014114131126812,5.394848184016942,2184.0,1.214411736,0.507041395,-1.351103187,6.859305066980326,274.9742308727563,79228.46297199365,1.0037641569386788,332.4212600915209
33.976,2026.5450137902817,-3.187700083533759,0.0647525788911626,5.183288251973374,2156.0,0.801089168,0.129937753,-1.298905253,6.0854007117099025,274.9774574103632,79233.34934456975,1.0038142848295843,332.42321039527707
34.021,2023.1574949864578,-4.070818028117894,-0.3242614024226505,5.8256563483801225,2156.0,0.491097182,-0.119866759,-1.25949049,7.1144203393229715,274.999476282588,79266.70194991444,1.0041564239089873,332.43651955476196
34.083,2023.56154981241,-5.2646158848004685,-0.12209500722239819,6.354027208771858,2156.0,0.188029453,-0.368606001,-1.234989405,8.252560170946659,274.9968499262193,79262.72313700251,1.0041156097244206,332.4349320992753
34.12,2023.4608639045548,-5.121508936195636,-0.14688707966852166,6.410786664761666,2156.0,-0.08840666,-0.629595816,-1.15775764,8.206681135440276,274.99750438462036,79263.71459719975,1.0041257800404066,332.4353276759968
34.178,2020.4319766472724,-6.012080063843104,-0.4953830323242527,8.470448972916918,2156.0,-0.438346028,-0.967817247,-1.028860688,10.398991145566177,275.0171921517927,79293.54492765137,1.0044317657637527,332.4472274061568
34.22,2016.714398236959,-4.236918250209864,1.3853155483141992,12.284389516018189,2156.0,-0.461249232,-1.192588091,-0.829123557,13.068159824880475,275.04135641145973,79330.17033413691,1.0048074222811594,332.4618322470616
34.272999999999996,2017.0533807428178,-5.74399154438608,1.5908169202804596,16.840886226483388,2156.0,-0.4143776,-1.200577617,-0.756152928,17.864478336329537,275.0391530251717,79326.83012705696,1.0047731640820607,332.46050055040484
34.445,2016.5909694531406,-5.101999082730263,1.2685862931011445,15.218634973455377,2156.0,-0.104385629,-1.170217514,-0.604352772,16.101135248127807,275.04215869855454,79331.38658358318,1.0048198964442938,332.46231713712774
34.479,2008.7781490201685,-3.5917732172184715,1.382848529071107,7.4704037331975846,2156.0,0.532639563,-2.022429705,-0.035496712,8.403572861304557,275.09294203136886,79408.4037224894,1.0056097296999207,332.493008368817
34.521,2006.679601606147,-0.20195487268788526,-0.31228881347860776,5.535410240844294,2156.0,0.245018169,-2.308453083,0.316040576,5.547889383186199,275.10658258956005,79429.10107293782,1.0058219622225224,332.50125164466147
34.57,2006.8777796761385,2.204500790393533,1.307438041354727,7.203107886492087,2156.0,0.155535951,-2.295670033,0.359716415,7.64552033489361,275.1052944321051,79427.14631467701,1.005801918402697,332.5004731927912
34.623,2005.6233538135873,2.1925591453796267,1.4202214876890908,8.534361779145794,2156.0,0.116121165,-1.788603902,0.473167092,8.925226924702038,275.1134482002117,79439.52018400903,1.005928796757719,332.5054006000791
34.671,2005.841402396347,5.573334241266382,1.3902386964833104,11.843180239342363,2156.0,0.371784627,-0.933729291,0.542409241,13.162664486327278,275.11203088442375,79437.36920375463,1.0059067414500533,332.5045441065781
34.718999999999994,2004.0958813767063,8.505895104013351,2.092135103982781,12.967224600771607,2156.0,0.615730166,0.029269824,0.421501756,15.648520526255883,275.12337677105137,79454.58953855194,1.0060833088211023,332.5114004406201
34.775,2003.9462190673346,7.7613815711140335,4.8543221752515375,15.791773963166005,2156.0,0.933179021,1.797608852,0.173295125,18.25331785120982,275.1243495760623,79456.06616393512,1.0060984489463178,332.5119883013726
34.82,2002.2452141284539,3.0946726035029,8.371512770678509,15.715916610129472,2156.0,1.561151028,3.437583447,0.059314031,18.073440720821484,275.135406108165,79472.85048851419,1.0062705381053383,332.51866963027544
34.873,2002.1765796869515,-3.509853985129406,14.805580308393981,14.033243082634154,2156.0,1.843446136,3.845579624,0.368240744,20.69918343030787,275.1358522320348,79473.52778533277,1.006277482263442,332.51893921472777
34.919999999999995,1999.7269458120447,-6.479395702226523,15.011736414026208,0.7019041242924922,2137.0,1.562216282,3.267673731,1.494225264,16.365435167753127,275.1517748522217,79497.70426659612,1.0065253504205625,332.52856081825865
34.968999999999994,1999.7090176303966,-0.7376466001275077,11.092070595679633,-0.18117977951147113,2137.0,1.164340019,3.143037796,1.688103318,11.11804743283299,275.1518913854024,79497.88122941522,1.006527164670079,332.5286312350437
35.025,1999.5848667991124,3.6229583025086476,7.969155367853195,2.721098380686491,2137.0,0.425579131,2.9624753,1.744562387,9.167204619515939,275.15269836580575,79499.10668766036,1.0065397282317867,332.52911886369645
35.073,1996.6846405269123,1.0279047414341687,3.555990957889968,6.726892420587246,2137.0,-0.283886999,2.915071249,1.299281836,7.678068864513537,275.171549836575,79527.73836533441,1.0068332535318993,332.5405099124382
35.123,1993.9296688969496,2.420215960478005,3.398830054557569,8.085623945257563,2137.0,-0.387750268,3.057816505,0.851338148,9.098725494223833,275.1894571521698,79554.94378936233,1.0071121385833313,332.5513300916754
35.171,1994.0120502656496,-0.6802963231975316,3.147811537300934,7.954533347568007,2137.0,-0.22369954,3.437583447,0.034280315,8.581731837997062,275.1889216732733,79554.13016169018,1.0071037982820294,332.5510065431141
35.236999999999995,1991.1788161932545,-2.0065926203339037,3.030391415076999,7.3046324309946185,2137.0,-0.029288778,3.771011114,-0.451480269,8.158881113516069,275.20733769474384,79582.11605743096,1.0073906656387415,332.56213374253343
35.269,1991.167253821351,-4.042481627098274,2.639917685708067,4.851393304509043,2137.0,-0.112379409,4.052773476,-0.609139383,6.844475150643511,275.2074128501612,79582.2302836455,1.0073918364667809,332.5621791516502
35.32,1988.9737110203168,-6.160260753304785,1.1265764264827025,3.0358333307649388,2137.0,-0.295607835,4.092720509,-0.828579068,6.959473471865319,275.22167087836795,79603.9029874218,1.0076139776677957,332.57079378064714
35.37,1988.3980387010502,-7.6745010509532925,0.2599479625979253,1.9581312577077816,2137.0,-0.301466793,4.105503559,-0.917528629,7.9246335780750305,275.22541274844315,79609.59155302642,1.0076722825053868,332.5730545627785
35.421,1986.8819048215637,-8.57280091214583,0.17236343098680829,0.14837778854728256,2137.0,-0.238083571,4.215225697,-1.262674332,8.575817197198417,275.2352676186598,79624.57496194264,1.0078258508572804,332.57900865495225
35.47,1986.3668368707447,-8.896234360924211,-0.5444352086107593,1.431981432167833,2137.0,-0.049531754,4.310034275,-1.506087303,9.027179311553365,275.2386155603401,79629.66571391778,1.0078780258759836,332.58103138217894
35.521,1985.4754219421357,-7.095201182150724,0.4123038611793396,-1.9670715292899974,2137.0,0.801614523,4.370754242,-1.670138001,7.3743640193903985,275.2444097573761,79638.47677090846,1.0079683287292254,332.5845320353861
35.577,1985.8536431992006,-7.976605423665789,0.34641162796444996,-5.141502368858611,2137.0,1.425326943,4.282337189,-1.375592351,9.496382559154942,275.24195131920516,79634.73820327954,1.0079300130903006,332.5830467366744
35.674,1984.63533444676,-8.588341556799804,0.8284207205229447,-5.887558451011061,2137.0,1.543038607,4.346253395,-1.240836382,10.445536659287448,275.249870326096,79646.78121215389,1.0080534376336348,332.58783108819273
35.718999999999994,1983.3120111798307,-9.37169071859171,0.29452172338870813,-13.266958114152489,2137.0,1.756624222,5.102058411,0.022567233,16.245845855884586,275.2584719273311,79659.86396265941,1.0081875140978969,332.59302775830486
35.778,1983.6265803429349,-2.3450416735446673,-0.7380037944505913,-12.93230302311552,2137.0,1.244764566,6.331906319,0.980772614,13.163902595088109,275.2564272277709,79656.75388472392,1.0081556413440318,332.5917924573971
35.827999999999996,1980.5015773140165,5.065949087184574,-0.20129721145221594,-9.637247098578356,2137.0,0.036196273,5.294243813,1.419683218,10.88948540383528,275.27673974745886,79687.65448396208,1.008472306884963,332.60406401953554
35.872,1980.555983359809,8.435436088922842,0.8703654893068211,-11.03130933432833,2137.0,-0.255686164,4.44895649,1.338190436,13.914161984284844,275.2763861081612,79687.1164240605,1.008466793113147,332.60385037652037
35.925999999999995,1977.1055387253457,9.63347725395503,-0.24380872504229084,-10.053934436398762,2118.0,-0.903366983,0.891505778,0.988783658,13.926411036167236,275.29881399828525,79721.24613708322,1.0088165235130548,332.6173993968008
35.971999999999994,1977.4927352692778,7.92272272374948,-0.3619169476182665,-7.461666233830536,2118.0,-1.164356828,-1.342886448,0.831657112,10.889305864906014,275.2962972207497,79717.4156333842,1.0087772733984524,332.6158790017438
36.025999999999996,1971.9696061456061,8.097088963422793,0.10027637898835509,-8.457799814016255,2118.0,-1.283133864,-3.655575514,0.787448645,11.709281904871009,275.33219756005354,79772.06959893461,1.0093372635491447,332.63756587832756
36.073,1972.059585350641,1.3589880723978327,-0.8237049967525124,-9.784739856268635,2118.0,-1.317222238,-6.038572311,0.939781487,9.912944696579649,275.3316126952208,79771.1789692388,1.009328138650903,332.6372125812571
36.120999999999995,1968.9066263672908,-1.9594255957420463,0.3000215825296622,-10.071368527098603,2118.0,-1.18939054,-6.636718273,1.182129145,10.264590864903722,275.3521069286126,79802.3923038149,1.009647921615025,332.6495922309263
36.171,1968.9203518622492,-5.624347837922142,-0.33311597000346393,-9.912979420138369,2118.0,-0.8293311,-6.508886337,1.562961221,11.402254857505056,275.35201771289536,79802.2564041623,1.0096465293644326,332.64953834070064
36.221999999999994,1967.1528464925996,-6.651025750285789,0.3767665354502677,-7.8359161364434256,2118.0,-0.524132848,-5.657207489,1.742458344,10.284924805295093,275.3635064977981,79819.75847083863,1.009825829000796,332.6564780013612
36.276999999999994,1966.6365238238673,-7.30876908408215,0.3522438477801907,-5.783282458832324,2118.0,0.172550112,-3.478741646,1.639127612,9.326764565023161,275.3668625951448,79824.87175121151,1.0098782105061537,332.6585051837858
36.319,1966.630681132037,-6.376602391159798,2.344576090060401,-4.2178945716024865,2118.0,0.325948209,-2.864084244,1.545917034,7.996794965120808,275.3669005726417,79824.92961445649,1.009878803265591,332.6585281232506
36.37,1966.8028832191837,-6.594130413046913,1.6809147674410163,-4.627308318266906,2118.0,0.634338021,-1.234230161,1.208767533,8.229217012084057,275.3657812590753,79823.22422102193,1.0098613329346717,332.6578520260488
36.419999999999995,1965.8259406862308,-5.4801482264113295,2.228836173725236,-3.8347336815944266,2118.0,0.818628788,-0.429955453,0.955767334,7.050171464687943,275.3721313855395,79832.89970613086,1.00996044925455,332.66168766467047
36.47,1965.9398472644557,-4.438916459826576,2.2146998182839743,-2.69755905262102,2118.0,1.109446049,0.64809221,0.576533198,5.6467423763444335,275.371390992781,79831.77154440063,1.009948892407661,332.6612404508059
36.519,1964.0267302958848,-4.070603785701179,1.7003409670857519,-6.138165403549726,2118.0,1.394404173,1.451301575,0.253758073,7.558971431739218,275.38382625307673,79850.72128765222,1.0101430087520413,332.66875154772794
36.569,1964.1959255596648,-3.3266732219522064,3.04391215287704,-4.732231927634954,2118.0,1.449265361,1.71761775,0.162145302,6.536526213288986,275.38272648386214,79849.04523348917,1.010125840033349,332.6680872762966
36.62,1962.379002704972,-5.5074250619536045,0.671275465989987,-5.497830571073786,2118.0,1.602130771,2.584210396,0.092903122,7.81079269680794,275.39453648241766,79867.04522407165,1.0103102199728577,332.6752205623214
36.727,1960.2173488554372,-3.1723396696230486,3.510059204237467,-8.199729506784683,2118.0,1.722505689,3.195672274,0.262812823,9.466774454963613,275.40858723243963,79888.46469422935,1.0105296164869049,332.6837070718981
36.793,1957.3702935482845,0.4525395020386241,2.553681546839225,-10.317012495166454,2118.0,1.66764462,2.718433857,0.451897264,10.637989860353942,275.4270930919361,79916.68279137644,1.0108186332640752,332.6948840918002
36.833,1957.4699109246292,3.3168192536231214,6.473329272130144,-10.34060432520054,2118.0,1.501463294,1.293642402,0.283052832,12.642522676941423,275.4264455789899,79915.69531471212,1.0108085196100787,332.6944930184879
36.87,1957.3004519477367,3.5783182442525634,6.2551157065996215,-13.4370938139541,2118.0,1.350723386,0.730116785,0.202100992,15.247502225777952,275.42754706233967,79917.37511574986,1.0108257239786393,332.6951582724679
37.034,1954.041959503088,-2.1063650727659304,7.156888254737716,-13.83534203697782,2102.0,0.517153859,-1.435033202,-0.239451125,15.718604028053397,275.4487272632299,79949.6812316785,1.0111565868789034,332.707950048198
37.07,1950.7842157508658,-8.418779508054586,8.985200075125476,-10.716603941318862,2102.0,-0.451704115,-0.312244475,0.373075932,16.323457624852818,275.46990259761935,79981.99049511236,1.0114874565745595,332.7207383931836
37.125,1948.116411089106,-11.880071706592751,9.884496969378898,-9.966016975117062,2102.0,-0.54704529,0.744497836,0.762962759,18.389151107100286,275.4872433279208,80008.45680419417,1.0117584713403458,332.7312105531904
37.18,1948.221850149025,-11.512844111038948,9.04764578127437,-8.562610675236229,2102.0,-0.626407504,2.402049303,1.356847644,16.962422447403128,275.4865579740313,80007.41064746962,1.0117477590287625,332.7307966705576
37.224999999999994,1945.500717878998,-5.933501392875598,9.815470032499396,-5.3674398799457,2102.0,-0.610428512,2.931485653,1.548595309,12.66330531903033,275.5042453337865,80034.41301937598,1.012024246182711,332.74147783570476
37.271,1945.8350406875236,-2.1323018191976333,6.646442146153045,-3.0965244700890993,2102.0,-0.571546376,3.491814852,1.768039823,7.636122579174172,275.50207223553105,80031.0950657628,1.0119902733996566,332.7401655485746
37.343999999999994,1942.6256188922819,1.901912110786399,3.2594992389595445,-4.358339250094488,2102.0,-0.276468098,3.510457039,1.917176843,5.76513017934964,275.5229334772001,80062.95125261892,1.0123164402919533,332.75276298850235
37.373,1942.8390967597556,3.143095956925691,3.9490133089897457,-5.429371424718525,2102.0,-0.273272306,3.129092216,1.977364302,7.4129503152638785,275.52154587106156,80060.83198810078,1.0122947424817863,332.7519250721226
37.422999999999995,1939.4462745565918,8.852461060324863,1.536841431102686,-5.956272479708699,2102.0,-0.388856441,1.66808176,1.822373033,10.779848341301326,275.54359921538213,80094.51901866792,1.0126396297649463,332.7652418998799
37.48,1936.2836604982133,8.890334871184324,0.5481296425284597,-6.282979965119852,2102.0,-0.425075442,0.550619304,1.564046383,10.900198964647931,275.5641562067616,80125.93066794968,1.0129611968660466,332.77765468073613
37.529,1936.4456324615144,6.637374429199459,-0.49595462454396844,-8.147372882131316,2102.0,-0.409629107,-0.560984135,1.313176632,10.520475045523664,275.56310338900016,80124.32169108141,1.012944726042976,332.7770189765776
37.604,1936.2452898833583,7.801190861695128,0.5095565091242893,-7.045919471335507,2102.0,-0.379269063,-1.135694385,1.214639664,10.524410097156577,275.5644056157582,80126.31183300639,1.0129650987788084,332.7778052767413
37.687999999999995,1934.4519946555079,4.284941799486399,1.622535707169801,-10.504602758787527,2102.0,-0.145976156,-4.464113235,0.490259856,11.46036768458819,275.57606203473915,80144.1276623055,1.0131474720282816,332.7848434798385
37.733,1929.020685873942,-1.788520079467479,-0.2534392369273563,-9.88127490495173,2102.0,-0.159824595,-5.34348917,0.321415454,10.045030078038666,275.61136554181934,80198.10559257255,1.0136999746168844,332.8061590029411
37.778,1927.7437787409438,-5.6708322368063815,0.9108271871432301,-9.56609904911038,2102.0,-0.311624795,-5.479310513,0.274543822,11.157875937660906,275.61966543818386,80210.80014094927,1.0138299020896815,332.8111701094826
37.821,1927.89772915338,-9.5559574008535,-0.2639202709999512,-9.93972650936371,2102.0,-0.437858611,-4.946678162,0.395451337,13.790726552191481,275.618664760503,80209.26953543637,1.013814236697973,332.8105659490145
37.870999999999995,1928.4191935923982,-10.049087624330612,0.37986776498761,-10.202595972854064,2102.0,-0.679673672,-2.935991287,0.766696036,14.325551514187833,275.6152752416494,80204.08520835859,1.0137611758925935,332.8085195143923
37.927,1928.7065852349897,-11.871969651151018,0.43266300119037243,-7.247538491524649,2102.0,-0.786732733,-1.582040191,0.936605692,13.91609409484505,275.61340719597257,80201.22811651454,1.0137319337097686,332.8073916694843
37.971999999999994,1928.48654377528,-10.298404311309751,-0.123696917851289,-6.820487327098569,2143.0,-0.879943371,1.007617712,1.128885865,12.352792383335897,275.61483746546065,80203.41564197381,1.0137543229340948,332.80825520447155
38.04,1929.5889026561513,-8.765467815569098,3.8126015618475146,-9.456253616115415,2143.0,-1.121225715,2.569295406,1.023424745,13.445820508525156,275.607672132735,80192.45711013096,1.0136421616884501,332.8039290633183
38.084,1928.8021588317665,-7.518627744353132,1.677466047086041,-4.482045938043739,2143.0,-1.285276532,3.626037598,0.848188758,8.912485135360255,275.6127859675935,80200.27799391041,1.013722209211614,332.8070165979029
38.12,1928.6490939415253,-3.8984151639755487,3.023840134280224,-7.587406854723674,2143.0,-1.296461821,4.316329002,0.548316777,9.050413953378383,275.61378088938005,80201.79965717951,1.0137377834138865,332.80761728965155
38.177,1927.1844600114594,-3.148828423955311,3.0874375871166007,-3.7052952996901154,2143.0,-0.906042337,4.460139751,-0.102559812,5.759913589261121,275.6233010099255,80216.36119766695,1.0138868177340874,332.8133650814804
38.218999999999994,1927.2613639175224,-0.30896931389468635,5.404410322554272,0.5880936185392933,2143.0,0.098502025,4.514468193,-0.493511856,5.445086507634783,275.6228011345361,80215.59655791048,1.0138789919342204,332.81306328318306
38.288,1926.7343645771875,-0.7498982313555518,7.67385804971052,1.6534628927498178,2143.0,0.098502025,4.514468193,-0.493511856,7.885707594261769,275.62622663024825,80220.8365225614,1.0139326207138981,332.8151314106645
38.346,1924.1264331581008,-5.1295461284567825,6.935230265847814,0.8764574379983869,2143.0,1.203713894,4.412735462,-0.178193584,8.670515553582739,275.64317818447233,80246.77131494644,1.0141980423239374,332.82536564539953
38.375,1919.46716191995,1.4695414075418698,1.416772949879467,-5.534265162597023,2143.0,2.182130575,4.313624859,1.333461404,5.898719219451403,275.6734634475203,80293.12272777136,1.0146723708751995,332.84364911419743
38.422999999999995,1920.0709847176483,-0.2292976120333421,1.1522752327391264,-12.111782403645785,2143.0,2.007427216,3.924270868,1.981142163,12.168631336355451,275.6695385993353,80287.11454882823,1.0146108902342805,332.841279706882
38.477,1916.3406634606602,4.713641839286886,3.140183636527459,-12.373727441875385,2143.0,1.401824474,3.555156708,2.540938616,13.608390921266578,275.6937856875057,80324.23794644926,1.014990753446044,332.85591725886127
38.521,1916.194693693576,9.823172263349843,0.9292972575827276,-12.210036318675956,2143.0,0.609800279,2.536231279,2.710848331,15.698512464937,275.6947344909917,80325.69089038613,1.0150056199390574,332.85649002219384
38.569,1914.0823643003305,11.08209307634283,-0.03764792611789716,-10.735243542181282,2143.0,-0.369177699,0.239521101,2.419498682,15.429182033698726,275.7084646320478,80346.71883333311,1.0152207716986656,332.8647783735628
38.62,1914.1076903898738,10.520183428596832,1.2713209600223414,-13.067294078791727,2143.0,-1.05840373,-2.431629419,2.039731741,16.82393208784263,275.70830001246577,80346.46668926423,1.0152181918977943,332.86467900035535
38.669,1911.193572632047,3.474783484033215,-0.636354969077135,-13.905210747333554,2143.0,-1.437637925,-3.991176605,2.017361164,14.346914436049994,275.72724177789166,80375.48356544333,1.0155150666712984,332.8761130710363
38.718999999999994,1911.5972701698538,-0.22244370256841817,0.36760303289620944,-14.872872747506422,2143.0,-1.546294928,-5.186403751,2.19792366,14.879077826065904,275.7246177438959,80371.46330348596,1.0154739361569218,332.8745291138081
38.772,1907.144499834249,-4.716724103551291,1.5579186293643752,-13.773701869551081,2143.0,-1.420593739,-5.822366238,2.834951639,14.6420442533144,275.7535607510774,80415.81566644259,1.0159276748574295,332.8919996921456
38.823,1906.6813494296734,-13.050049667697325,3.183430970508882,-14.350071029131035,2143.0,-1.062132239,-4.780537605,3.561462164,19.656107641505937,275.7565712287071,80420.43007032154,1.015974878933587,332.89381682404456
38.940999999999995,1906.975877836705,-10.750038742814077,3.6269523514077324,-10.874764788218116,2143.0,-1.062132239,-4.780537605,3.561462164,15.715553618325202,275.7546567940614,80417.49563583656,1.015944860539605,332.89266126760657
38.977,1902.5456903630075,0.1513855547178039,4.684671098898667,-4.15643530188861,2085.0,0.636429667,-3.077712774,3.742027998,6.264584208853731,275.78345301264045,80461.64347237577,1.016396457793333,332.9100422969992
39.023,1902.4149377076835,-2.5476731940446133,5.952836675019924,-5.972822525327407,2085.0,1.484912872,-3.697696686,2.49034214,8.809172044078501,275.7843029049,80462.9467507344,1.0164097885778347,332.91055526731526
39.074,1902.7393291187495,-6.813032943043408,1.4476210858848146,-5.522605497250009,2085.0,1.644702554,-3.655618668,1.759038329,8.888880478977601,275.7821943607281,80459.71340760375,1.0163767157514756,332.90928260976114
39.123,1902.6617048024561,-7.377041269235332,2.466665161703744,-4.858548812082976,2085.0,1.457216024,-2.766655684,0.956361473,9.171187026081034,275.78269891878404,80460.4871116384,1.0163846297440742,332.90958714715885
39.178,1903.7247433767693,-8.919798294081051,3.365645689174441,-3.1536507862329497,2085.0,1.106211305,-1.247055888,0.552626252,10.04170731467799,275.775789168051,80449.89202204738,1.0162762544085828,332.90541658700096
39.218999999999994,1903.6857796067995,-9.528923082921752,1.2310351529755643,-3.4797442338486815,2085.0,0.872918367,-0.07899332,0.416805029,10.218827848687132,275.77604243255576,80450.28034608376,1.0162802265558,332.90556945231657
39.278,1904.1467634755331,-8.590327389436212,2.5390090960421587,-3.0496451554258193,2085.0,0.652941227,1.060307026,0.284712255,9.462590946537578,275.773046037409,80445.68614670978,1.0162332324856185,332.9037608845138
39.322,1904.3619406335474,-8.482391837340662,2.277565080717017,-3.7476278332859776,2085.0,0.17570278,3.219598055,-0.03060603,9.548978393310186,275.7716473858819,80443.54174794396,1.016211297253617,332.9029166813718
39.379999999999995,1903.1805633123877,-7.745574563267406,1.7191577362135262,-3.471334426243596,2085.0,0.135755375,3.732522964,-0.135534585,8.660230443581847,275.77932633846945,80455.31561309389,1.0163317317208191,332.90755154493075
39.425999999999995,1903.228177397107,-7.510221628074939,1.9257288813922009,-6.330127902597192,2085.0,0.247601822,5.56424427,-0.494518369,10.009114840517725,275.7790168469188,80454.84105371166,1.0163268775338548,332.9073647432139
39.476,1901.7417245832194,-6.775649712917688,2.7994171126150666,-8.584166801500833,2085.0,0.323768198,5.872638226,-0.545651078,11.288670642664382,275.7886787902091,80469.65727965363,1.0164784276116787,332.91319641225
39.576,1897.3939730764496,2.7351784725221746,2.06837787546956,-10.404153860056669,2085.0,0.570376933,5.899270058,-0.652177513,10.954716146756738,275.81693917500303,80513.00619710886,1.0169217982901801,332.9302529753919
39.620999999999995,1897.3726516722886,5.536893698227994,4.00661041229828,-10.658209859361387,2085.0,0.673707604,4.683270454,-0.703310251,12.66126203139332,275.8170777641301,80513.21882708937,1.016923972947615,332.9303366187452
39.974999999999994,1883.2416831737412,-6.064362267132063,6.662418210862694,-8.928248209317596,2085.0,-0.685040474,-1.720567346,-0.657498598,12.683766089400768,275.9089290593707,80654.24147086435,1.0183660311106832,332.98576744523075
40.059999999999995,1879.880641088859,-3.682780431891552,4.299640087013789,-11.785130039884015,2047.0,-0.764402628,-0.551972151,0.364090025,13.07436677794974,275.9307758329224,80687.8130451239,1.0187092539308331,332.9989502745865
40.089,1879.8180662064894,-1.6067990940152903,4.504741459920163,-10.918023996022061,2047.0,-0.851221681,-0.35383299,0.669820905,11.919637030000768,275.9311825696578,80688.43817798805,1.0187156447902936,332.99919570363585
40.125,1874.6295829042956,-3.3168461144512924,2.478084281777323,-11.035425446417822,2047.0,-1.122864127,0.038184341,1.453855515,11.786559491131772,275.96490771112207,80740.28558354899,1.0192456585006113,333.01954516494766
40.177,1874.7611942689578,-2.0753286928489674,1.3306320956200144,-8.05254973671181,2047.0,-1.151093602,0.011552728,1.560382009,8.421468293562219,275.96405223725174,80738.97008590908,1.0192322115352856,333.0190289947173
40.223,1874.844232484042,-4.519226706742293,4.048443721591484,-7.992347322904136,2047.0,-1.061078787,-0.033188377,1.912451863,10.034486649737454,275.9635124888537,80738.14010134802,1.0192237274441793,333.0187033244464
40.27,1872.183247856545,-3.155695194154557,2.35620444510803,-9.924441854262806,2047.0,-0.979586065,0.12819919,2.249075651,10.677296364913751,275.9808088889324,80764.74064361234,1.0194956295768913,333.0291393680068
40.322,1871.6465742683706,-0.8422675924960548,4.300253358239654,-8.421728995922464,2047.0,-0.805415332,-0.150367469,2.544686556,9.493530055947668,275.98429726725556,80770.10636289197,1.019550474157294,333.03124409399186
40.373,1869.5987886215341,2.387145828155939,3.3081944391071834,-8.435174405234312,2047.0,-0.542294979,-0.641454339,2.763065577,9.36988702698928,275.99760787396,80790.58299243668,1.0197597653851727,333.0392749756526
40.419999999999995,1866.7394531793352,3.2968825414435594,3.5367389658388166,-8.47526919127845,2047.0,-0.174782202,-1.946403861,2.658675194,9.757466109046531,276.0161935543343,80819.18166591361,1.0200520549742162,333.0504882201501
40.480999999999995,1866.5176257480732,3.563523982234456,3.721828694798608,-8.040728253410872,2047.0,-0.174782202,-1.946403861,2.658675194,9.550079730064367,276.0176354326375,80821.40069547876,1.0200747334984521,333.05135812861363
40.523999999999994,1864.1966622150248,0.5101235850759656,3.3068490772276378,-7.865661300873521,2047.0,0.902200222,-4.978146076,1.917251348,8.547754359577219,276.03272169560233,80844.62119162617,1.02031204030415,333.06045977841876
40.573,1864.4499653860469,0.18896867089580266,3.5421608924670043,-9.155835819255588,2047.0,1.334164977,-5.58268404,1.44960022,9.818958320303961,276.0310752249907,80842.08671201764,1.0202861392805627,333.05946646307325
40.62,1864.4129861281313,-4.970737652891067,5.285521651828225,-11.90258773465721,2047.0,1.475845098,-5.803193569,0.878085792,13.939747728241937,276.03131559016714,80842.456711962,1.0202899204913733,333.0596114755142
40.672999999999995,1862.295914221008,-7.626690419691678,1.3679240339820216,-9.06103172112439,2047.0,1.361329198,-5.38987112,0.448251575,11.922244703569245,276.04507655756345,80863.64158928266,1.0205064136470259,333.06791336931275
40.718999999999994,1862.355942860103,-14.265688742253388,3.498076066789299,-8.264482051942382,2047.0,1.125373125,-3.772267103,0.222415507,16.853725850587963,276.0446863714093,80863.0408395234,1.0205002745951237,333.06767797563043
40.769,1861.9212226092095,-10.298291509244804,2.941780338385307,-5.1941486723522825,2047.0,0.778629541,-1.30990839,0.535603225,11.903279380036114,276.0475120530401,80867.39147937114,1.0205447335159934,333.06938266486645
40.819,1862.220578212924,-9.68093224463389,1.7170439184062793,-5.79046092348974,2047.0,0.643873572,0.058423843,0.678881288,11.410439371443582,276.045566241616,80864.39553600493,1.0205141182038928,333.0682087884075
40.870999999999995,1862.9951645001613,-11.185002597210238,0.8845710420331879,-8.469827755602847,2047.0,0.284879416,2.39508152,1.049593449,14.057906360393206,276.04053143074896,80856.64391302987,1.020434903970407,333.06517134950496
40.922999999999995,1862.9621706498974,-9.52262061148752,2.2879087971340115,-8.25138097192076,2047.0,0.163971901,3.007075787,1.113509297,12.806253078793427,276.04074589077567,80856.97408461738,1.020438278040285,333.0653007311419
40.97,1862.0529139965274,-5.742422845628932,1.136658633161691,-10.45320267340332,2023.0,-0.506614506,5.075819016,1.142807961,11.980686921774911,276.04665605902255,80866.07350420082,1.0205312652568848,333.06886625807493
41.023,1861.9989140351313,-3.6662154208347077,0.8814618792079918,-7.422366208701481,2023.0,-0.823530674,5.46783638,0.958517253,8.325240578658175,276.0470070587716,80866.61393689508,1.0205367878906786,333.069078010416
41.087,1860.537063863862,-1.4644666137331752,1.5769123653595694,-8.61698369918911,2023.0,-0.903958142,5.516838551,0.821098089,8.881650924397663,276.05650908488485,80881.245273932,1.0206863015584318,333.0748103744002
41.131,1860.8513955784226,-1.351145622222481,0.7787790173259252,-7.496266310479438,2023.0,-1.047236204,4.633734226,0.294857472,7.656768237834231,276.0544659287402,80878.09901600107,1.0206541512356817,333.0735777914286
41.177,1855.0234799179213,3.5379612564792935,2.8471748716740377,-8.138248490743553,2023.0,-0.87519598,3.255814552,-0.047625035,9.319584920978526,276.0923473805335,80936.4488142033,1.0212503652501188,333.0964299445657
41.226,1850.9408378203088,3.2051275510747335,1.2862764475410695,-5.314571592379992,2023.0,-0.684513628,0.386524945,-0.322995901,6.338140179002796,276.11888455416795,80977.34502191567,1.0216681909939092,333.1124376780061
41.273999999999994,1851.265872209381,6.120617305577464,4.0002868652804855,-7.215398138021994,2023.0,-0.603553534,-0.245176896,-0.393303365,10.272595655239291,276.116771830639,80974.08850912139,1.0216349215349432,333.11116327072995
41.326,1846.9863377315876,2.4899946532184,2.801808004932234,-5.1662210687806915,2023.0,-0.523658693,-2.678773642,-0.638314188,6.382792617739674,276.14458880474467,81016.97357074411,1.0220730271028962,333.12794224286074
41.37,1847.4548644619942,1.0871733754835302,2.876502213883413,-6.439520083386098,2023.0,-0.445361823,-3.151218414,-0.6814574,7.136079444566836,276.141543380997,81012.27758484545,1.022025055962836,333.12610530926764
41.422,1843.5335087325032,-1.6742437722640142,6.84065812625188,-5.871730614922068,2023.0,-0.333509058,-4.324074268,-0.844442844,9.169237494112245,276.1670321932387,81051.58765002001,1.0224266057225952,333.1414792959544
41.47,1843.5255359011194,-5.045584016828991,4.462322834695626,-7.257060367206344,2023.0,-0.272792429,-4.247375965,-0.984519482,9.90127104594169,276.1670840166427,81051.66759028268,1.0224274222694227,333.1415105533506
41.52,1841.2091172237535,-9.463495050254108,9.547523162637438,-6.767509190406354,2023.0,-0.291434556,-3.91714406,-0.956822574,15.05031952317016,276.1821407380456,81074.8960604736,1.0226646821204193,333.1505919226295
41.573,1841.417900884731,-7.239377123687844,3.045664776781413,-4.068475660990565,2023.0,-0.141232267,-2.220177889,-0.586110592,8.845176610762188,276.18078364424923,81072.8022088609,1.0226432956667821,333.1497734099701
41.619,1841.3171269359966,-12.93354065526332,6.120651012307347,-4.5769437629442855,2023.0,0.046786916,-1.340801835,-0.529651582,15.02289109675507,276.181438674916,81073.81284615256,1.022653618258375,333.15016848305584
41.669999999999995,1839.9336316312642,-13.491111532209779,7.937658737876089,-2.587239440673148,2023.0,0.157041773,-0.551440954,-0.339501858,15.865381323399667,276.19043139439674,81087.68861371027,1.0227953420805083,333.1555922755406
41.718999999999994,1838.3525890986853,-13.993853179503658,6.552244391729911,-4.495540236604237,2023.0,0.74773097,2.384427786,0.324690551,16.09253601510304,276.20070817085855,81103.54803579692,1.0229573208322114,333.16179041514187
41.771,1838.3371275333097,-9.149641876157494,3.4524131426964866,-5.638144173365865,2023.0,0.805255234,3.168462515,0.585680306,11.288213883934771,276.2008086710335,81103.70314300751,1.0229589049757095,333.16185102833765
41.84,1835.7359973549924,-8.30091935401396,3.759060965874009,-8.516788965447489,2023.0,0.758383572,4.514424324,1.101268411,12.472830302259759,276.2177160171925,81129.8005598535,1.0232254353335406,333.1720479509485
41.870999999999995,1835.8016717610901,-4.582941350294227,1.6005561309598029,-6.693677592341937,2023.0,0.555983365,5.140267372,1.464523554,8.268642637023941,276.21728913355287,81129.14155785945,1.023218705211605,333.17179049868685
41.925999999999995,1832.5824899285767,0.8021993129129801,2.8697613697073527,-12.169234395470037,2023.0,-0.022455275,5.398061275,1.851214528,12.528739754204876,276.23821381546423,81161.44915539183,1.0235486374500427,333.18440987840444
41.980999999999995,1832.1062895465593,3.3925032940215627,-0.03264559831540503,-6.988480883575247,1989.0,-0.539111257,4.748782158,1.847490549,7.7684624859191524,276.24130911794737,81166.2291703425,1.0235974498839286,333.1862765709739
42.02,1829.7660836473387,7.94581893088094,1.9398144133764814,-11.41059159652158,1989.0,-1.087189794,2.869122982,1.726583004,14.039249232893402,276.25652045629226,81189.72305488438,1.0238373561810068,333.195449962586
42.08,1830.012888455406,7.860798886020857,1.4182566570306696,-6.156407867245098,1989.0,-1.442988038,0.900514066,1.616860747,10.08488814511871,276.25491622503984,81187.24506290509,1.0238120529477963,333.19448252238027
42.122,1827.1397711158484,7.978719919304655,1.5073951677221418,-9.497216591193986,1989.0,-1.400377512,-2.150935888,1.727648258,12.495172456690275,276.27359148774696,81216.09578927426,1.0241066439343978,333.2057445650973
42.171,1827.143893527364,8.051146752872098,3.5370493125592217,-8.38381381236932,1989.0,-1.457901835,-3.135772705,1.731909394,12.149897773900534,276.2735646920721,81216.05438767551,1.0241062212023648,333.2057284063451
42.224,1825.6907742204942,6.4149474385229235,2.869869894040342,-11.732587651556496,1989.0,-0.946574926,-6.176037788,1.970528603,13.67630494136435,276.2830099675668,81230.64920113389,1.0242552393606281,333.21142419740966
42.308,1823.0702928005448,-1.7286500450034246,1.7732533132236594,-10.037275652443407,1989.0,0.048914745,-8.17181015,1.860273719,10.338257145867587,276.30004309679646,81256.97411326454,1.0245240130558457,333.2216954511059
42.337,1823.1867494035998,-4.001219966072022,2.052755397365661,-10.774763575482075,1989.0,0.301382422,-8.196844101,1.750018835,11.675576904198033,276.2992861288766,81255.80406331128,1.0245120673602364,333.2212389938727
42.373,1823.046818872497,-6.885776493259191,3.9509348916907667,-12.129036531124092,1989.0,0.414833099,-8.092981339,1.637633443,14.4961143623677,276.30019567732876,81257.20995958059,1.0245264209390794,333.22178745821543
42.421,1821.5325875974886,-7.801505212498845,0.1857126976606014,-6.084132861469554,1989.0,0.691801846,-7.561946869,1.352142572,9.895182942358,276.3100381806163,81272.42485498665,1.0246817552666139,333.22772250166145
42.474999999999994,1821.6165863976505,-12.256003433374962,5.421413296789442,-4.969165956948286,1989.0,1.038544178,-5.699332237,0.815783978,14.293143552109102,276.3094921884153,81271.58078018461,1.024673137949003,333.2273932703589
42.521,1821.1922357479334,-9.352469381649907,2.5396099770064717,-2.50217130434542,1989.0,1.071567297,-4.659101486,0.689017475,10.00895417145565,276.3122504676384,81275.8450053005,1.0247166720469216,333.22905649932426
42.571,1820.3769235336936,-13.128798574047924,4.222412186683709,-3.9950678033064513,1989.0,1.08008945,-1.047854781,0.497802496,14.358087735669876,276.317549997031,81284.03844291565,1.0248003188302899,333.2322520664932
42.628,1820.6125950409933,-11.917704736027606,3.222030551216166,-4.606881621170042,1989.0,0.961312473,1.994007945,0.671440601,13.177121283481437,276.3160181322335,81281.6700056626,1.024776139625359,333.23132836934866
42.666999999999994,1820.5156390305647,-15.899425935476463,7.491368595180843,-7.816266190141769,1989.0,0.770097494,3.564740419,0.798207104,19.235549528456854,276.3166483463013,81282.64438154326,1.0247860869746108,333.2317083816126
42.724,1818.8587715775361,-7.970237308350752,4.569454396172819,-4.439551209060587,1989.0,0.615101516,4.661962509,0.991019964,10.203637153878056,276.327417984746,81299.29681408455,1.0249560872267214,333.2382022900884
42.776999999999994,1819.0827129057063,-2.588331989465133,2.266361251996267,-5.21715787430259,1989.0,0.079806156,6.519783497,1.044283152,6.2493673357897706,276.3259623661129,81297.04591867217,1.0249331088217446,333.2373245842515
42.822,1813.640455314048,0.5143014296964372,2.9416480499260578,-3.2514437758925165,1989.0,-0.150823593,6.310459137,0.804066062,4.414712429820516,276.3613370404587,81351.76182556296,1.0254916452573895,333.25865407585314
42.873,1813.4795021694154,1.112168350148897,3.8609225574215182,-6.203451316153178,1989.0,-0.154552028,5.914180756,0.649602711,7.3909708202212405,276.3623832358988,81353.38048605529,1.0255081673502193,333.2592848684199
42.947,1809.6994917735256,1.2918916513430738,1.6612704861852277,-3.687527048256943,1959.0,0.114427254,3.565805674,0.024825078,4.245781364920549,276.38695330347207,81391.40248597023,1.0258962499041353,333.2740987896694
42.971,1809.6985384558138,4.670281527092617,6.920134378838651,-7.624757093357968,1959.0,0.277410269,3.263802767,-0.043880481,11.306489733608739,276.38695950003716,81391.41207692404,1.025896347792631,333.2741025256537
43.021,1806.3278019080653,2.794612836799283,3.667690162871476,-5.657926040016754,1959.0,0.684873939,1.074151754,-0.294750243,7.298899856329528,276.40886928759755,81425.32945166978,1.0262425061854474,333.287311940624
43.085,1806.5985763888443,1.6826534925412298,9.75621918794625,-7.542223334595892,1959.0,0.815368831,-0.690458894,-0.462529391,12.44589363798898,276.40710925347247,81422.60441392861,1.026214695651434,333.2862508350637
43.129999999999995,1803.1541586938968,1.9497415679615369,3.4608366037079885,-6.19578105576422,1959.0,0.867566764,-0.924817085,-0.480638891,7.359795178560947,276.42949796848967,81457.27407318831,1.0265685057084821,333.2997484976503
43.177,1803.5477598709213,-1.5475266852011498,4.875826927817587,-8.45059402490205,1959.0,0.797791958,-1.868641376,-0.557870567,9.878312935170205,276.426939560839,81453.31169023058,1.0265280703339468,333.2982061177563
43.227999999999994,1800.5335777881394,-4.770769743609634,6.982193884242229,-15.21891301632077,1959.0,0.711505532,-2.100336552,-0.448680967,17.410530973581146,276.44653174437707,81483.65943974201,1.026837753880985,333.3100174193881
43.27,1800.9112248364602,-3.901210090933114,6.081612656071576,-10.641174452932745,1959.0,0.37541458,-1.721634865,0.03335119,12.862349956747284,276.44407703856297,81479.85666682594,1.0267989496954042,333.30853760365534
43.32,1798.2800069389941,-2.6701697863326244,4.621464639395852,-12.427527849771504,1959.0,0.335999787,-1.717373848,0.162248179,13.525205749188299,276.4611799548965,81506.35509306987,1.0270693372861512,333.3188479346379
43.37,1798.1469835917171,-3.0264408772839344,3.1378683527846754,-6.787388911091696,1959.0,0.163959607,-1.109107733,0.544145525,8.066858769900046,276.4620446066538,81507.69492770893,1.0270830083957017,333.319369173284
43.421,1796.3436756234244,-5.786804692998237,3.7930593784755073,-11.149994114585128,1959.0,0.193787009,-0.875814915,0.68316251,13.122376947749611,276.4737661084477,81525.85992363292,1.0272683521606596,333.3264351742926
43.568,1794.1917679191401,-4.020546662199001,2.249299336879139,-10.885237064591871,1959.0,0.091442436,-0.022283677,1.047412872,11.820005453559196,276.48775350852554,81547.54070750652,1.0274895584465582,333.3348669168456
43.632,1792.282291200616,-2.1548217761866106,2.2009703652988546,-9.000323779074469,1959.0,-0.008692419,0.305817783,1.204006791,9.512799565018971,276.500165107196,81566.78287303518,1.0276858744467041,333.34234857219815
43.672,1790.4050620144403,-0.7716351120038801,2.121032839668359,-8.65331610784068,1959.0,-0.192450538,0.650963485,1.359002829,8.942822860553811,276.51236709690613,81585.70365774236,1.0278789030039264,333.3497037125332
43.72,1790.2702953015664,-2.015382837258971,0.8437052747266334,-9.307017116672172,1959.0,-0.217484251,0.611548722,1.387232304,9.560030030358083,276.5132430805398,81587.0621219215,1.0278927616352507,333.35023173349754
43.773,1790.2033195111114,0.14750707830402882,1.6058338027033532,-9.355603332013612,1959.0,-0.309629619,0.47732535,1.477779746,9.493564886070917,276.51367842317774,81587.73725251158,1.0278996490923527,333.35049414681004
43.821,1788.0623626486058,1.133487536311876,1.637185954384278,-8.25928900737484,1959.0,-0.522682488,0.110874385,1.532108307,8.495941781318324,276.52759464278404,81609.32094879316,1.0281198330488188,333.35888237617974
43.87,1787.8685581490722,0.9090518899219464,0.5492673264866987,-6.301030824977584,1959.0,-0.448114008,-0.474488437,1.499617696,6.389918574742107,276.528854372031,81611.27498442338,1.028139766404291,333.35964168820453
43.95,1785.7663628190155,-0.053434521247783265,2.469854774968838,-6.524759679707022,1935.0,-0.341054916,-1.455596924,1.490562916,6.976784842277123,276.5425186416764,81632.4728222828,1.0283560022950866,333.3678778264794
43.986,1785.8989162392706,1.6288828692152717,3.8883300655258495,-6.2767836227457785,1935.0,-0.202573165,-1.701673508,1.475120902,7.561109888559011,276.5416570444447,81631.13606603749,1.028342366565414,333.36735850477476
44.021,1783.6142150782057,-1.26347900177652,5.207846408224732,-7.845137986780306,1935.0,0.046166092,-2.210337162,1.389899731,9.50074909842444,276.55650760199165,81654.17898195775,1.0285774124283327,333.3763094612639
44.073,1781.475393207335,-0.015288861796294961,8.350902191692109,-7.47002499047926,1935.0,0.46854344,-2.72166419,1.218392134,11.204422096783382,276.5704099441523,81675.7553694086,1.0287974877434152,333.3846886769944
44.123999999999995,1781.4634297426828,-3.8626463517504024,6.105785243694581,-6.664169272236078,1935.0,0.727402687,-3.083321333,0.997349739,9.829130295698839,276.57048770667257,81675.87606955625,1.0287987188323426,333.38473554540633
44.175,1781.7276774283323,-4.0790009010962915,2.01814864759473,-5.825155261612287,1935.0,0.850440741,-3.094506741,0.881768525,7.392131366312568,276.5687700967158,81673.21009166664,1.0287715269385902,333.3837003195675
44.221999999999994,1780.1968485352686,-5.911958287007174,2.113636417151505,-6.3341053600388175,1935.0,1.213163257,-2.454815388,0.369908959,8.918497653937814,276.5787204845207,81688.65550417123,1.0289290615401903,333.38969750295877
44.27,1780.2781777845337,-6.990018862923637,5.276236576515884,-10.02180430619449,1935.0,1.146584272,-1.812461019,0.261251986,13.309229792405372,276.5781918444005,81687.83486714795,1.0289206916423603,333.3893788897739
44.327,1778.9101405369636,-9.529775614607098,4.276358186903054,-10.273329945973455,1935.0,0.936194539,-0.460107744,0.351266831,14.650773726540445,276.5870840865097,81701.63967008214,1.0290614884134361,333.3947382335925
44.379,1778.0771256303913,-7.147817691046861,3.2523557619422943,-8.673304316296687,1935.0,0.644844711,0.632853568,0.537688136,11.700227498205855,276.5924986834024,81710.04651170864,1.0291472285394638,333.39800156254523
44.419999999999995,1777.7741204707295,-7.930633675128059,1.2030975345592405,-8.112924323764444,1935.0,0.505295098,1.107428789,0.625039816,11.40885337138954,276.59446821694024,81713.10463358133,1.029178417452787,333.39918857481007
44.477999999999994,1775.136998604662,-5.39308709203505,4.354676769145923,-11.830831412656872,1935.0,0.000359718,2.776165724,0.866854846,13.711935314197003,276.6116095090697,81739.72406767508,1.0294498920949189,333.4095192303451
44.519,1774.8778038462876,-3.8801203771243715,2.6007991589706707,-13.258505401458873,1935.0,-0.377809167,3.266187429,0.810395837,14.05729191155937,276.61329427499913,81742.3407905534,1.0294765774756598,333.4105345820583
44.572,1775.2083922351617,-2.6134479330053733,-0.445146206827184,-7.237878948320784,1935.0,-0.557838857,3.307199955,0.761393666,7.708122787976841,276.61114545047144,81739.00331907957,1.0294425418609465,333.40923955730585
44.639,1773.172574051625,0.3207500264570854,1.9181935429477486,-9.513361218103537,1935.0,-0.726150632,2.70958662,0.390148997,9.710117852724295,276.62437826866443,81759.55777509375,1.0296521525001816,333.4172144548451
44.669999999999995,1770.4520304709333,2.223238063963869,2.3527604744107657,-6.0326191589713485,1935.0,-0.718161166,2.04219842,0.199999303,6.846222553802613,276.6420618019389,81787.03203313974,1.0299323143774621,333.4278713250366
44.723,1770.169019438768,1.467946036132616,3.1901150468396358,-9.416736632694231,1935.0,-0.640396833,1.338058591,0.063112818,10.050205390269177,276.64390137364796,81789.89053757668,1.0299614622332636,333.42897991180655
44.846,1767.3898767743135,-1.6228637511083635,1.327369977324905,-6.069800777465117,1935.0,-0.365558624,-0.249718025,-0.003998843,6.42168819622077,276.6619658009669,81817.96508983473,1.0302477250608906,333.43986593752487
44.881,1767.2481187354877,-4.268607603697827,4.059206107610142,-10.58162734908348,1935.0,-0.186061561,-0.509109914,0.129159212,12.11069785162184,276.6628872282193,81819.39732098111,1.030262328338144,333.44042120055644
44.922,1764.264666517567,-0.01278025983221076,2.5728718426199944,-5.879667034196042,1935.0,-0.067817204,-0.773828149,0.335287869,6.417968314552501,276.6822796676358,81849.54489436129,1.030569706941776,333.4521071009041
44.982,1761.793347463515,-1.574392582038746,6.177766295981708,-3.3733154723726226,1908.0,0.110610545,-0.95119524,0.551543176,7.212680894528379,276.6983432414871,81874.52420913147,1.0308243747006405,333.46178671394483
45.026,1761.5166372688943,-0.17376747389622738,5.9473676440766825,-5.148389146026009,1908.0,0.348697156,-1.122170329,0.667124391,7.868118442659142,276.70014185775216,81877.32149287844,1.0308528924961178,333.46287050940896
45.072,1758.9044255218505,0.34851622444036967,5.37590586117012,-3.4172292557402653,1908.0,0.70076704,-1.632964611,0.675113857,6.3795989821577805,276.71712123410794,81903.7323476961,1.031122137187511,333.4731016294282
45.123,1758.977364347677,-1.8675859923589517,8.647717841625743,-5.575765202716123,1908.0,1.212626696,-1.936564922,0.500410497,10.457535986218145,276.7166471317401,81902.99480363425,1.0311146185402515,333.47281595781146
45.169999999999995,1758.9913926849747,-5.157486616722803,7.785164056964425,-7.474499442476977,1908.0,1.304239392,-1.933901787,0.465789378,11.961462682762265,276.71655594754765,81902.85295227075,1.0311131724823004,333.4727610145107
45.221,1756.5274226457473,-8.410118552313719,7.545128578876085,-12.717940287813944,1908.0,1.396384835,-1.345875859,0.537694752,17.011909490123237,276.73257175280264,81927.77110951739,1.031367185286217,333.4824112457789
45.27,1754.827234917728,-11.119436103159156,6.567573361099607,-12.43864760484879,1908.0,1.14817822,-0.310438693,0.888699353,17.930277001297974,276.74362297303475,81944.96870654372,1.0315424870217664,333.4890699320946
45.321,1755.0664097961635,-5.77537133147525,3.5790277597934943,-11.426387285801292,1908.0,0.979866326,0.515673876,1.180581808,13.293858737286179,276.7420683363249,81942.54924810505,1.031517824972429,333.488133225635
45.376,1752.8886130152962,-2.994015122215877,0.21046632848763044,-8.812930574620758,1908.0,0.563347936,1.375874877,1.534249663,9.310003648794655,276.75622401540056,81964.5816597073,1.0317424008703082,333.49666226975796
45.421,1753.207113877918,-2.1668817265382905,0.4475528243464447,-8.863672776165439,1908.0,0.452560425,1.423811793,1.565142274,9.13566500208509,276.7541537597935,81961.35913946404,1.0317095545079011,333.49541491817877
45.468999999999994,1750.2591227735252,-0.48716865125490694,2.189628664776876,-10.513166026467399,1908.0,-0.106706105,1.020076156,1.530525565,10.74981241159335,276.7733157019721,81991.19017189587,1.0320136055523395,333.506960019055
45.529,1750.6438744294344,1.9065899252699274,1.0958754014246805,-10.944915133973955,1908.0,-0.205775693,0.757488489,1.47140348,11.163655106123649,276.77081481620866,81987.29633061109,1.0319739189984505,333.5054532540507
45.576,1747.3849068287977,-1.3698560060752003,-0.5111700670701778,-8.35927098570856,1908.0,-0.475287586,-0.348788649,1.235447407,8.48617768652989,276.7919981056128,82020.28312953329,1.0323101135407668,333.518215812424
45.623,1747.295004092242,1.492878139285177,1.7759087128560322,-8.998439430921152,1908.0,-0.466765493,-0.498990923,1.204554677,9.292709458877434,276.7925824734004,82021.19326433305,1.0323193890792042,333.51856787679066
45.675999999999995,1744.9569497170312,-0.7222829351049834,1.1629882816405532,-11.650139538645316,1908.0,-0.637207806,-1.435358405,1.010143876,11.73030202729171,276.8077798268393,82044.86554539441,1.032560635643219,333.5277237037604
45.729,1744.617580802758,-1.5616618283054886,1.402963198002762,-10.177304420412128,1908.0,-0.685144722,-1.737360835,0.91107434,10.391564784317943,276.80998572478205,82048.30203997786,1.032595656199441,333.5290526524161
45.77,1742.8790298343686,-3.7108927338356126,3.446422035504978,-10.868207793802435,1908.0,-0.63827306,-1.535493255,0.856745839,11.99026648486664,276.82128630607656,82065.90866540834,1.0327750770476345,333.5358606324408
45.821,1742.483481166669,-7.445894580443062,3.107786632801967,-11.71054110848734,1908.0,-0.711776316,-1.322440386,0.909476459,14.220986495727567,276.8238573724166,82069.91488669383,1.032815901543767,333.53740953939945
45.872,1741.9947519986686,-4.373367450476824,2.1891033575013386,-7.621022501172568,1908.0,-0.726157367,-0.30138436,0.991501808,9.05530233234056,276.8270341120086,82074.86508338896,1.032866344885113,333.5393233167461
45.922,1741.4107929826146,-4.561449864581103,4.236482789898662,-7.641205417198009,1908.0,-0.545062423,0.559881926,0.939303875,9.856096160448654,276.830829845613,82080.7801527551,1.032926619683047,333.5416099830072
45.974999999999994,1740.8865561039581,-1.59108633629857,2.951793698762112,-5.826950558216957,1872.0,-0.524822414,1.114884734,0.940901756,6.722945379631804,276.83423738532423,82086.09057543869,1.0329807324026168,333.54366277601537
46.02,1740.9548103553504,-1.6526994898202183,2.5831642931523433,-5.303313947623286,1872.0,-0.487007946,1.305034041,0.933981538,6.126115587884784,276.8337937326902,82085.39915673564,1.0329736869472308,333.5433955085248
46.072,1739.2097201444867,-1.9438575011033015,4.68097574231146,-4.836525600092974,1872.0,-0.161569655,0.841111422,0.695894897,7.005861529109651,276.8451368190608,82103.07848190879,1.0331538331367314,333.5502288014145
46.129999999999995,1739.1101819488506,1.9779246048784556,8.13743673632351,-4.272732851385873,1872.0,-0.028944235,0.698365986,0.602684259,9.401399278807547,276.84578381733246,82104.08698582868,1.0331641092192378,333.5506185613683
46.183,1733.6021583781658,-0.33339973786774335,3.0773582594623288,-4.3342043784637765,1872.0,0.535645902,-0.526688159,0.089759454,5.326031997330269,276.8815859705419,82159.90897283696,1.0337328661381986,333.57218552208707
46.218999999999994,1734.06095820445,-4.791966778418975,10.376550811944211,-2.954666507822606,1872.0,0.961751699,-0.860648572,-0.177621931,11.805329581624557,276.87860377167107,82155.25801619569,1.033685481457983,333.5703891200798
46.276,1732.3420736056405,-3.126064652845436,3.3980292148182185,-4.224606959122628,1872.0,1.099703431,-0.718968391,-0.136076614,6.2582894402220735,276.8897765215633,82172.68383142394,1.0338630157875013,333.57711925538393
46.323,1732.1728196511888,-8.678020573329755,8.135911854480884,-11.172526804785806,1872.0,1.374009013,-0.031872824,0.119054221,16.319511572920142,276.89087667226727,82174.39986654288,1.0338804983780507,333.5777819464061
46.375,1729.7714699816606,-2.1593621107308407,1.524832261920818,-6.1697610588115195,1872.0,1.407564878,0.332980245,0.270854414,6.712220919716629,276.9064854451192,82198.74984154063,1.0341285631138297,333.5871839651968
46.439,1729.5512250108252,-5.881413621965701,4.5571363313899775,-12.928394084727383,1872.0,1.218480349,0.585447907,0.425850391,14.91649728808785,276.9079170374296,82200.98344455737,1.0341513171862355,333.5880462783879
46.479,1727.7756880661825,-1.954516585859965,0.20898811485230734,-7.087443337344245,1872.0,1.115682364,0.720736504,0.498288393,7.354975470837177,276.9194580275698,82218.9917561193,1.0343347664490852,333.5949978604887
46.52,1727.4537531662602,-3.6495642295345494,3.5893013727433365,-14.088113598631288,1872.0,0.897298813,0.747900128,0.585647225,14.989241080782413,276.9215506044193,82222.25730990633,1.0343680315714958,333.5962582844687
46.582,1724.8756673864623,-0.9485657523759156,1.1813588871724907,-9.722513276519619,1872.0,0.56866473,0.655754745,0.630388379,9.839850111611566,276.93830816198795,82248.41196837548,1.0346344514073034,333.60635170970306
46.784,1722.2755801549613,-4.302883417413108,3.5931893152445,-16.190164945869554,1872.0,-0.178618267,0.364937544,0.880725503,17.13322083361734,276.9552087289927,82274.79665426075,1.034903198045225,333.6165309632008
46.82,1719.8019999199332,-1.4422282219904516,0.5821596856283224,-8.23496140242988,1872.0,-0.305384725,0.344164878,0.92493397,8.380544221193901,276.9712870005204,82299.9039569174,1.035158918408303,333.62621465781
46.873,1717.2310466707227,-3.411016525021328,0.8776154961407243,-15.365459196003794,1872.0,-0.797004342,0.193962574,1.17953217,15.763964571042795,276.98799819664026,82326.00618877662,1.0354247564875991,333.636279255245
46.925999999999995,1717.351367614628,-1.1861198869148293,0.32017828671769133,-8.607276576774927,1872.0,-1.143747807,0.114600383,1.312157631,8.694515776655916,276.9872161105049,82324.78445145488,1.0354123140663465,333.635808237558
46.971,1715.087998871069,-2.2101323529188566,0.2987655391938842,-12.658276796152196,1838.0,-1.18316257,0.025118163,1.337191343,12.853245400008262,277.00192800733805,82347.76912826607,1.0356463888015346,333.6446684847653
47.034,1714.7019997536645,-2.0959147992354126,1.3580171277973447,-9.708956628611714,1838.0,-1.291822076,-0.434543818,1.41655755,10.025014123746077,277.00443700160116,82351.68949642462,1.0356863123828834,333.6461795043268
47.073,1713.4682583347496,-0.9950791788301663,0.9285690233270522,-7.667883926596892,1838.0,-1.211394668,-1.042277217,1.540660858,7.787738241298744,277.0124563208241,82364.22090274811,1.0358139251712664,333.65100902237594
47.122,1713.0651054948514,-0.9754177673133568,2.670399152920331,-10.310628022135578,1838.0,-1.099009275,-1.217513204,1.54758513,10.69539721878321,277.0150768142834,82368.31615715816,1.035855628136171,333.65258716119087
47.171,1712.6399130636069,-3.73963769374698,3.220994691138576,-7.116815447520171,1838.0,-0.751733065,-2.096356392,1.451711297,8.66075972388669,277.01784056508654,82372.63546990586,1.035899612313797,333.6542515657358
47.22,1711.5651444580785,-1.1426354466035382,9.147203846121984,-4.82682945346701,1838.0,-0.289408296,-2.594367504,1.518290281,10.405538743342428,277.02482656102245,82383.55431297717,1.036010798493128,333.65845868204525
47.272,1710.7495678146531,-4.713415932495209,3.4129187336778366,-5.859929817284161,1838.0,-0.130151272,-2.999700546,1.475679755,8.258515695867194,277.0301278092047,82391.84074215281,1.0360951770268207,333.66165117178974
47.323,1710.6361973227554,-3.377732325885798,9.4449895503427,-4.322766580278727,1838.0,0.394491464,-2.921403646,1.280736327,10.922601072042838,277.0308647174021,82392.99266347442,1.0361069066115114,333.66209494634296
47.407,1708.6789515750313,-4.536941391110915,4.946980402233117,-6.863548416116515,1838.0,0.624588609,-3.169610262,1.005898118,9.600247348210853,277.04358681476225,82412.88166783213,1.0363094239967559,333.6697562459752
47.421,1708.7725984767342,-3.4945008415938226,7.783546011884155,-7.605639606375751,1838.0,0.858414173,-2.882521391,0.478592277,11.42982407883381,277.0429781099012,82411.92996468382,1.0362997336062172,333.669389685398
47.471,1707.6221429861162,-3.6967705676292146,3.671617445095568,-5.068749139992618,1838.0,0.78437829,-2.896369934,0.132913977,7.269051185470882,277.0504560705902,82423.62228833289,1.0364187852012323,333.6738928671047
47.525,1707.32635403212,-6.913638988181443,6.4655499100971365,-9.36497117869511,1838.0,0.756147265,-2.080910206,-0.201043963,13.315570767963711,277.0523786987912,82426.628671399,1.0364493957657257,333.6750506521026
47.572,1705.789018171941,-7.401834690566734,2.873613596914355,-4.897733677604635,1838.0,0.5297786,-1.248406172,-0.35444203,9.329126811636275,277.0623713818824,82442.25550071622,1.036608502496282,333.68106806835334
47.623999999999995,1704.744923398587,-8.559611289278594,4.867548893879036,-3.9111947788410917,1838.0,0.594759703,-0.198587969,-0.60371387,10.595160322330305,277.06915799790914,82452.86996307605,1.0367165718448543,333.68515478609436
47.671,1705.0177315800715,-7.740007718399082,5.312977261867056,-2.3528329520140128,1838.0,0.719395638,0.736181617,-0.627682328,9.67839189979806,277.0673847447295,82450.09643739022,1.0366883339188748,333.68408698552656
47.729,1704.7927877034192,-7.94137718267563,2.0654313540860207,-4.180428856237318,1838.0,0.85894531,1.385460258,-0.679347694,9.209096788394854,277.0688468799278,82452.3833414179,1.036711617446856,333.68496744030375
47.772,1704.0597156978672,-12.286368581307629,5.544555902097531,-6.640149290667954,1838.0,0.959612787,2.166299105,-0.54192853,15.02626153338168,277.07361184796383,82459.83651385964,1.0367874991615644,333.68783674767235
47.819,1703.7389913554964,-8.714020257005037,2.501665185243267,-6.550515191506737,1838.0,0.99529916,3.507999659,-0.041786924,11.184888332599163,277.07569655618926,82463.09750263908,1.0368206993006366,333.6890920827886
47.873,1700.6450263377924,-8.371928934064714,2.5943055929085146,-8.39591399124314,1838.0,0.754549384,4.477390289,0.511085331,12.137173778717129,277.0958073288043,82494.56098667262,1.0371410163201515,333.7012018126794
47.925,1697.4249170404514,-4.9941111413913655,1.6259252960303918,-9.915963335660457,1812.0,0.392359436,4.832655907,0.885525823,11.221011898888769,277.116738039237,82527.31759335309,1.0374744734033103,333.7138048026005
47.989999999999995,1697.551733301695,-4.206504123421392,1.5884259791745141,-10.198118071620765,1812.0,0.392359436,4.832655907,0.885525823,11.14537510514544,277.11591373353895,82526.02735397691,1.0374613394466823,333.71330847315227
48.021,1697.3732297445015,-0.21433526368648925,0.6299592110850876,-8.043248204728974,1812.0,-0.283018231,3.946356058,1.067153335,8.070726726619256,277.11707400666074,82527.84346896259,1.037479826528564,333.7140070944832
48.07,1694.196312790554,6.078324314604401,2.5668270507585986,-10.198330659179058,1812.0,-0.619641781,2.263770819,0.984062791,12.146628166531183,277.13772396686136,82560.1711881342,1.0378088925169664,333.72644056257
48.122,1694.2979059005138,4.597711361027201,1.0046626048232057,-7.783675045671118,1812.0,-0.806595683,0.689842582,0.799772024,9.095817386329392,277.1370636116466,82559.13723675643,1.037798368237159,333.72604296580215
48.174,1691.6537117417772,5.058106439671973,3.834838675256162,-13.286110444590584,1812.0,-0.940286398,-1.280364037,0.699637175,14.724508792015797,277.15425087367845,82586.05161271936,1.038072313399067,333.7363911811314
48.221999999999994,1688.7869640561717,1.0523776223831511,1.839106503788872,-6.19608254493435,1812.0,-1.219385624,-3.070540905,0.674070835,6.548377684282686,277.1728847336349,82615.23931370297,1.0383693781641383,333.74761001077724
48.27,1687.9201324576297,-0.4777128031331722,2.9618279733420376,-10.273446481029648,1812.0,-1.076107621,-3.744320631,0.824273109,10.702538813969758,277.1785191390254,82624.06657675043,1.0384592157992003,333.7510022253119
48.32,1685.549254509686,-1.8075739279354521,0.6293671100163492,-5.554130371237681,1812.0,-0.983429611,-4.423426628,1.164092422,5.874673662836699,277.193929845687,82648.21399474115,1.0387049617975987,333.7602801219556
48.370999999999995,1685.7834919715206,-3.1664759402725475,3.549502774276762,-8.937420693059476,1812.0,-0.580227017,-4.587477684,1.274347305,10.124377930008889,277.1924073021851,82645.82802924441,1.0386806806597493,333.7593634979086
48.419999999999995,1684.5239095289235,-4.181556956878942,1.2775745915115888,-6.455395743695052,1812.0,-0.156251773,-4.31743288,1.314294696,7.796778156919362,277.20059458806196,82658.65891459397,1.038811254530544,333.76429249862014
48.471,1684.1021698414852,-9.397132738442139,3.8429395501381167,-10.370949587582873,1812.0,0.121249631,-4.058573723,1.146515489,14.513127968777171,277.20333589603035,82662.95537617682,1.0388549767325357,333.76594283500185
48.521,1684.0914939779443,-6.510012706761705,3.0506626755829522,-8.548792314121387,1812.0,0.09728118,-3.26601696,1.082067013,11.169989177809201,277.20340528914335,82663.06413859261,1.0388560835289338,333.76598461129623
48.572,1682.9166178292999,-4.1116620305547755,1.6592827232343144,-5.248581130831202,1812.0,0.098875456,-3.03964901,0.969154954,6.870705036315199,277.21104198410956,82675.03412369806,1.0389778917119772,333.7705820502372
48.620999999999995,1681.6641676252636,-4.613218899735325,5.2928499676425105,-4.584436011354811,1812.0,0.156932354,-2.007940292,0.576605022,8.385290867886178,277.2191829104358,82687.79600173832,1.0391077546086778,333.77548297653146
48.669,1681.2586677123888,-4.776840850519025,2.7114758143513713,-2.9011637869255824,1812.0,0.137757599,-1.892359018,0.327865779,6.211848430344074,277.2218186598694,82691.92819679152,1.0391498023690071,333.77706971097
48.721999999999994,1679.9938004047763,-3.5413480923133065,8.432282100282524,-0.9317107492875025,1812.0,0.216587171,-1.438023686,-0.033791512,9.193074167546678,277.23004029736893,82704.81873975952,1.0392809694219232,333.7820191297063
48.773999999999994,1679.5402116884075,-6.935457097795446,2.8986548412616524,-1.5242971279166757,1812.0,0.368919998,-1.425773144,-0.418884605,7.669827037052783,277.2329886240253,82709.44175921619,1.0393280097695112,333.78379400195126
48.827,1679.7490822418488,-6.518520368440891,8.410141383790299,1.6701768804861885,1812.0,0.433368504,-1.273440361,-0.513160527,10.770843824939229,277.23163096542794,82707.31290462302,1.039306348218294,333.7829767020429
48.867999999999995,1678.6396049644188,-6.078994169872808,2.6997496481604353,0.7856957364511514,1812.0,0.720457256,-0.627357423,-0.654308081,6.697770977748306,277.23884256773124,82718.62144903392,1.039421413863672,333.78731800758123
48.921,1677.2300474661008,-10.191266646760052,5.375412374195253,-0.3331696134446297,1787.0,0.9015522,-0.295527577,-0.836468279,11.526837209284174,277.2480046914703,82732.99042019508,1.0395676153602096,333.7928334242082
48.97,1677.3881564203502,-7.889889587484802,1.210261634196268,-1.3801873103266806,1787.0,0.95428282,0.215266719,-0.816228271,8.10061775036295,277.2469769832677,82731.37856338684,1.039551215270187,333.79221476880764
49.022,1676.3913632051206,-10.877760835804914,2.8947934206534747,-1.12999697261962,1787.0,1.020329118,0.820336938,-0.893992543,11.31293078328332,277.2534561391667,82741.54089205473,1.0396546124613062,333.7961150442691
49.074,1676.2828361164516,-9.782749433316098,2.411549955694336,-1.963430582289666,1787.0,1.102353096,1.88613379,-0.594118118,10.265126366261944,277.25416156524307,82742.64738911514,1.0396658704327246,333.7965396888114
49.120999999999995,1675.4184543209856,-10.71321342931841,1.6585784895065694,-3.829335799947042,1787.0,1.123658419,2.409178495,-0.292115659,11.497288256660275,277.2597800469136,82751.46069417149,1.039755539721889,333.7999218206217
49.174,1675.3137889208465,-12.032282880876364,2.531796985814474,-4.9421283811809396,1787.0,1.101287842,2.674962044,-0.121673346,13.251809696750245,277.26046037201445,82752.52792244991,1.039766397908854,333.8003313504968
49.230999999999995,1673.8458125150544,-8.479427602840731,0.783825797820551,-7.548785377899161,1787.0,0.709803104,4.029978275,0.947319567,11.379773109984686,277.2700022186521,82767.49742381123,1.0399186977040422,333.8060751268762
49.273999999999994,1673.913344897434,-7.7130869979614385,1.7276603916585043,-6.892777909076575,1787.0,0.591026068,4.069925785,1.051182866,10.487464363271107,277.26956325816667,82766.80872288007,1.039911690971721,333.8058108939379
49.326,1671.288711540862,-4.375622263216104,-0.24529532140855126,-9.06721339885493,1787.0,-0.276631773,4.45821476,1.616838217,10.070779453718155,277.2866233749844,82793.578369809,1.0401840328837226,333.8160801035579
49.369,1671.4215006642735,-2.6459543004347177,3.398426717436263,-13.751305581417228,1787.0,-0.684095442,3.959138393,1.604587674,14.410023716402765,277.2857602456822,82792.2238340152,1.0401702528702912,333.8155605569224
49.419999999999995,1668.1072856686253,-1.6389349559993032,-1.0296998059972695,-6.3017431311021355,1787.0,-1.079841137,3.045141459,1.509246588,6.592295197490794,277.3073026431539,82826.03635731735,1.0405142228510784,333.8285274107116
49.477,1667.9154852682123,3.438967162719738,3.3909958778406866,-10.957213502531449,1787.0,-1.352548838,1.408362746,1.324955821,11.974384156600902,277.3085493457566,82827.99349942524,1.0405341317607657,333.8292778136441
49.525,1660.3308895086539,0.7715911170622214,0.19113867304768806,-6.337752221084043,1787.0,-1.437237382,-0.194327682,1.246126294,6.387408712468576,277.35784921819373,82905.41716759249,1.0413216475617744,333.85895055444524
49.57,1660.1663137982382,1.397486819372964,3.4794403203575937,-11.262132952035119,1787.0,-1.325918674,-2.2225914,1.274890542,11.869924725227476,277.3589189603114,82907.09780828732,1.0413387406673567,333.85959438449623
49.62,1657.577373396743,0.2956004946711444,3.058746071974226,-6.07018803808736,1787.0,-1.239632249,-3.05403018,1.339871645,6.8037114873432465,277.3757470729212,82933.53959670216,1.0416076605499625,333.8697223112555
49.669,1657.5169900902517,-2.338136528836094,5.0014691817714345,-8.905404435437811,1787.0,-0.548808217,-4.452722549,1.46450758,10.477967577846504,277.37613956441334,82934.15639481905,1.041613933352915,333.8699585268953
49.718999999999994,1654.5794476400995,-2.349672728809441,2.591368736843359,-4.278118323222923,1787.0,0.012053536,-5.861001968,1.291934729,5.526160534249405,277.39523359033933,82964.16703261255,1.0419191291691674,333.88144980359374
49.77,1654.2997832532649,-3.3618498411511317,2.931981800366534,-4.004664648446787,1787.0,0.012053536,-5.861001968,1.291934729,5.994655167617892,277.39705140885377,82967.02460939804,1.0419481884518704,333.8825437929873
49.82,1652.517081290634,-5.0279868728800245,7.410965309577163,-6.620633765770698,1787.0,0.60487324,-7.142515182,0.544119179,11.137138334153576,277.40863897161086,82985.24191512306,1.0421334394829216,333.88951727108963
49.882,1652.949456321963,-6.106206382500364,6.438282861596905,-3.8611504830626093,1787.0,0.424310893,-7.759836197,-0.531797945,9.677072162822556,277.4058285339072,82980.82320765503,1.0420885065396333,333.88782594296737
49.919,1651.8483373519023,-9.410445799545908,7.825634287559636,-1.6151130279005077,1767.0,0.217116937,-7.895124435,-0.728871882,12.345267605107399,277.41298580721264,82992.07659766178,1.0422029390919032,333.89213319026334
49.976,1651.5645056745445,-8.030300814029752,2.5713516840943274,4.595739848265913,1767.0,-0.577570319,-7.722551823,-0.885998368,9.603041466121077,277.41483071311546,82994.97754589492,1.0422324375385066,333.89324344568536
50.021,1649.5884845667917,-5.45833672676239,9.153714427813975,10.96223210165822,1767.0,-0.941890776,-7.547315598,-0.7874614,15.289030718110252,277.42767485031584,83015.17606962465,1.042437821865099,333.9009728828241
50.069,1649.783012576168,-1.248401974447279,2.1527617153981478,9.746614563014814,1767.0,-1.233243465,-7.554772854,-0.356024504,10.059293510632857,277.4264104182549,83013.18746352913,1.0424176015754552,333.90021197175673
50.120999999999995,1646.724157918027,1.183860833660793,2.9971751691870856,12.183674173107253,1767.0,-1.333911061,-7.893527031,-0.015139873,12.602638685001978,277.4462929735328,83044.461755506,1.0427355901525241,333.9121767130897
50.171,1646.7329369501247,7.059700032790217,2.8957930308209576,9.568598584323857,1767.0,-1.042561173,-9.030164719,0.425879598,12.238588999482495,277.44623590982417,83044.37198341946,1.0427346774067394,333.91214237442915
50.221,1645.5639199002574,8.607907407053172,1.4457950991410433,3.8587504956554786,1767.0,-0.603139639,-10.51940441,0.593126178,9.5433929388254,277.4538345206483,83056.32673754515,1.0428562241319712,333.9167148838359
50.276,1645.629010035207,6.853433949792461,1.1928231367940925,1.480650772910763,1767.0,-0.337888777,-11.49944782,0.576614559,7.112292925010922,277.4534114347711,83055.66106771235,1.0428494562017254,333.91646029103066
50.32,1644.7334344535718,3.926724255402709,0.9477080785369105,-5.8594161061447885,1767.0,-0.125901163,-13.81266975,0.296982616,7.116886333576014,277.4592326760518,83064.82040239056,1.0429425791466245,333.9199632180216
50.37,1644.5445761110916,-5.220735945533667,0.5358178390887309,-6.060232845655965,1767.0,-0.150402248,-14.80922413,0.213359356,8.016832710817933,277.4604602552779,83066.75202080299,1.042962217659294,333.92070190808556
50.424,1640.6849316867142,-12.91555280394887,0.7850446644910983,-3.6666899004371944,1767.0,-0.098736912,-14.27605915,0.433336467,13.448881521628689,277.48554794403634,83106.23592687782,1.043363626350397,333.93579794965063
50.471,1641.5241504115145,-15.927867772075354,1.169094461652027,-0.8504962371056568,1767.0,0.17184025,-13.04994011,0.487132311,15.9933454122117,277.48009302232515,83097.64948240676,1.0432763363161814,333.932515611885
50.519,1639.3463157596582,-11.85558075691019,-0.06423991615645588,5.505225371590754,1767.0,0.698613524,-11.06961346,0.361963749,13.07158858909098,277.4942489475622,83119.93342768036,1.0435028719741075,333.94103345434627
50.57,1639.3879356048806,-12.402137404901605,1.912492718038518,13.34404908454919,1767.0,0.880773723,-10.71008682,0.277807862,18.31759499982102,277.49397841856825,83119.507521557,1.0434985423767755,333.94087067483974
50.62,1638.4266163267957,-2.5523339827953317,-0.014653312539611996,11.560816220124696,1767.0,1.438439727,-10.21527195,-0.398102462,11.839218519598266,277.5002269938758,83129.34538940061,1.0435985492685107,333.94463047341975
50.674,1638.588869873921,4.9974082209055934,2.7331636323387514,15.579872619170326,1767.0,1.165732026,-10.77240467,-1.504379511,16.58845089805215,277.4991723458195,83127.684866651,1.0435816693746751,333.9439958894522
50.72,1635.5579300332408,5.525023112073488,0.8526205202506352,6.508433867835101,1767.0,-0.085953742,-11.83127785,-2.148864746,8.579775845118661,277.5188734547839,83158.70831328964,1.0438970248202513,333.955849889284
50.771,1635.344758618808,3.9891064508082907,2.5835477451255437,0.2761294834088272,1767.0,-1.179447651,-12.94394684,-2.021565676,4.760665575193371,277.52025906897774,83160.89060054548,1.0439192070759284,333.95668358643474
50.821,1635.2442530799829,0.10817340918283136,1.0675990346083806,-0.4195106322880672,1767.0,-2.066812992,-14.04649544,-1.011694789,1.1521537899749825,277.5209123549801,83161.91951610683,1.043929665636849,333.9570766552131
50.870999999999995,1635.0017279344472,-4.3313565172373965,11.278497417541143,-3.909208566314102,1767.0,-1.897968531,-15.74932003,0.921227634,12.69830952890347,277.52248876842606,83164.40238586218,1.0439549030239146,333.958025148921
50.933,1633.0512070521545,-8.798730032997694,4.585256695480816,2.100344665280513,1751.0,0.162252873,-16.99940872,1.747340202,10.141680179832116,277.53516715416094,83184.3731755364,1.0441578929728703,333.9656533601063
50.997,1633.4772703355427,-9.340994189876206,5.367000119719363,2.814928407139313,1751.0,0.162252873,-16.99940872,1.747340202,11.13475121759299,277.53239774281894,83180.01051180589,1.0441135501554997,333.96398710176317
51.034,1628.9977373032743,-9.67729481440711,3.0782688445987123,6.023705327090992,1751.0,1.614740968,-17.45214462,-0.191973776,11.807235064662779,277.5615147075287,83225.88783906726,1.0445798325701667,333.98150534949474
51.071,1629.1384888885177,-8.644762257789587,5.972085556464511,9.608309302655856,1751.0,-0.118446335,-17.45267868,-2.029019117,14.237883552092228,277.5605998222246,83224.44601403565,1.044565179068221,333.98095492191976
51.120999999999995,1627.3935875906948,-8.210415887849082,9.553348917184968,11.990289951128132,1751.0,-1.843642116,-17.45267868,-1.376544476,17.39093032868133,277.5719416806605,83242.3217877938,1.0447468500474668,333.9877785237164
51.175,1627.327557910604,-1.9008307362133223,5.693022257718619,7.309654499416109,1751.0,-1.659351349,-17.45267868,1.487419009,9.458049947819426,277.57237087358106,83242.9982949081,1.0447537252242107,333.9880367362969
51.223,1624.5044683964788,-6.417135192057877,6.631051958008332,-0.5166683184481213,1751.0,0.353998452,-17.45267868,2.023779631,9.242154526637272,277.59072095542285,83271.92642412108,1.0450477047983087,333.99907639147114
51.271,1620.715978795815,-19.01616842015893,-2.341352890668526,5.8473442109411184,1751.0,1.39476192,-17.45267868,-1.629012108,20.03217484607496,277.6153461378272,83310.75977562962,1.0454423147774052,334.0138906578716
51.321,1621.0156137688891,-21.01331102010442,-0.18418257665648938,12.345915116019464,1751.0,0.514853358,-17.45267868,-2.266572952,24.37241849511746,277.6133985105022,83307.68787778774,1.04541110057652,334.0127190084466
51.37,1620.6438823001988,-9.614239708638049,1.730968290372428,17.340822231163923,1751.0,-1.921406388,-17.45267868,-1.061758876,19.903114631892578,277.6158147650487,83311.49893224056,1.0454498254707036,334.0141725730064
51.421,1619.5059650440369,-1.5872690884841725,1.2334420821847647,7.258634558244093,1751.0,-1.222060323,-17.45267868,1.067704797,7.531837636294153,277.62321122721374,83323.16593164694,1.0455683741134132,334.01862207948886
51.473,1619.174022505218,-3.776673289755063,0.8573519969672545,-2.5006374334650383,1751.0,0.008320142,-17.45267868,1.04160583,4.60993504920619,277.62536885371605,83326.56956842443,1.0456029579479837,334.0199200365794
51.521,1615.8477350459746,-27.072472786584857,0.34790830496300174,1.8781920849573088,1751.0,0.626173496,-17.45267868,0.127608865,27.139775763204756,277.64698972220117,83360.68251461501,1.04594955955154,334.03292616097144
51.574,1614.9468155997545,-15.463140885276626,-0.9326409324322209,16.456946694454125,1751.0,0.236907244,-17.45274353,-0.58453393,22.601098195682134,277.6528456986016,83369.92389549992,1.0460434511470942,334.03644876105517
51.622,1615.0370557533797,-8.354892295793386,0.2607487219208052,23.28696148228609,1751.0,-0.173752204,-17.45274353,-0.79545629,24.74176206836868,277.652259137603,83368.99819974076,1.0460340462509903,334.03609592322283
51.674,1614.121540612571,1.8478561019664335,-0.2964599266534619,6.232430985517139,1751.0,-0.762310803,-17.45274353,-0.857774258,6.507354043766183,277.6582099860183,83378.39006458584,1.0461294649227768,334.0396755582803
51.727999999999994,1613.8820124227818,-5.726844854328066,-0.08542251198803297,2.687317228488737,1751.0,-1.260321975,-17.45274353,-0.341120988,6.326588565540719,277.6597669192519,83380.84741971875,1.046154430613478,334.0406120995466
51.771,1609.0479866806443,-25.619466561128657,2.5492683615830756,0.13631307530617648,1751.0,-0.794268727,-17.45274353,0.98886168,25.746347649922257,277.6911880865758,83430.45294075564,1.0466583718359068,334.05951229736326
51.82,1608.7493092633601,-24.77155471463685,1.09935584796825,7.268462250820211,1751.0,0.413741171,-17.45274353,1.271156788,25.839292748686205,277.69312948978813,83433.51867479146,1.0466895146789579,334.06068003891323
51.879999999999995,1607.460824446051,-6.9533959108362975,-3.3411585396630126,15.40122109102698,1751.0,1.46888566,-17.45274353,-0.316619903,17.225291468497485,277.70150464110066,83446.74519887945,1.0468238720327072,334.0657175917923
51.921,1607.7687782678076,0.10858656302361641,-1.3737259130506105,15.26271325437127,1732.0,0.821737468,-17.45274353,-1.70679009,15.32479460909726,277.69950294125925,83443.58384414883,1.0467917588048516,334.06451360029826
51.974,1606.6135972362567,-2.81994232873029,-1.5630948689388013,4.956201460153314,1732.0,-1.503734827,-17.45274353,-1.994411469,5.912636740092651,277.7070116179643,83455.44306092923,1.0469122242340583,334.06902993080837
52.022,1606.9936624888717,-6.185078014364424,1.917271009369096,-0.5916267374305291,1732.0,-2.260072708,-17.45274353,-0.359763116,6.502394971361249,277.7045411938223,83451.5411181941,1.0468725888221082,334.0675440230035
52.072,1603.6456547244904,-14.65068656097504,2.1200729984197397,4.662550805381072,1732.0,-0.992407918,-17.45274353,1.847997427,15.520203163596886,277.72630324429076,83485.9185462497,1.0472217780049013,334.08063320818695
52.12,1603.143447986851,-16.359125706977235,1.5389578023932495,10.269729970761414,1732.0,0.8196069,-17.45274353,1.413369536,19.376706084538355,277.72956758808544,83491.07620659097,1.0472741646480972,334.0825965635204
52.171,1600.7218539169603,-7.61852644803495,1.0354916192291266,12.625352851634341,1732.0,1.396447659,-17.45274353,-0.986671269,14.782209671127426,277.7453079495397,83515.94958558236,1.0475267962992258,334.0920635179494
52.221999999999994,1600.6003885687003,-13.574577110066507,9.216576952881034,10.19039438527855,1732.0,-1.02649641,-17.45274353,-1.397330761,19.314724232383853,277.74609747430344,83517.19737369416,1.047539469341796,334.0925383662412
52.273,1598.1703537959565,-15.328255837815357,13.59842544270761,13.406540295174128,1732.0,-1.448341131,-17.45274353,-0.527542293,24.486892906951788,277.76189270032626,83542.16378470104,1.0477930307758874,334.1020380355081
52.323,1598.3468918071796,-14.89123002811675,10.79738834853941,14.174567274839122,1732.0,-0.297322869,-17.45274353,0.663423359,23.221771774100283,277.7607452032533,83540.34981264352,1.0477746083751356,334.10134790933034
52.37,1594.001472489699,-17.59398233747882,8.564755566608076,13.112431970720255,1732.0,0.777528942,-17.45274353,-1.249791622,23.55502334097819,277.78899042881693,83585.00934934863,1.0482281411331167,334.1183347013879
52.421,1594.7341880696508,-12.62303135963035,6.790944940524564,19.18672366930479,1732.0,-2.211603165,-17.45274353,-1.238073707,23.94970185730311,277.78422777754724,83577.47759630102,1.0481516568564597,334.1154704843266
52.471,1594.5368507992603,-11.268366331372484,4.293515152013442,15.111037843825674,1732.0,-2.17218852,-17.45274353,1.361171603,19.33271364439327,277.78551046980476,83579.50601770604,1.048172255422919,334.1162418867129
52.522,1591.7964857733045,-19.81238567593495,-0.11537898660651325,4.830460090775464,1732.0,0.62146771,-17.45274353,2.277831793,20.393069488704178,277.8033228424735,83607.67823385015,1.0484583337101292,334.12695394221765
52.571,1591.9980350379544,-30.06850565148333,-4.039290160849808,9.512596358338092,1732.0,2.348793983,-17.45274353,-0.603176057,31.79497423482979,277.80201277225325,83605.60595253382,1.0484372910956914,334.12616610015056
52.619,1590.2221122089195,-17.162155799438857,1.8488611687706917,27.51829356012388,1732.0,-1.470179081,-17.45274353,-2.724117517,32.48406316590886,277.813556270642,83623.86699754838,1.0486227162350759,334.1331079951265
52.669,1589.6415738392855,-9.376606141293582,1.6519905284856953,10.958418485199301,1732.0,-1.120772243,-17.45274353,1.837344766,14.516774818530068,277.81732977004464,83629.8371224736,1.0486833360259564,334.1353772270872
52.718999999999994,1589.4498389137764,-20.097327482400544,-1.5468335764878596,1.302660336246317,1732.0,0.192166135,-17.45274353,1.744666815,20.198816549487045,277.81857604706045,83631.80895677581,1.0487033575673255,334.1361266849668
52.842,1589.391918599365,-32.62334369129021,-3.44721178912487,4.9093848095614545,1732.0,1.064617753,-17.45274353,0.9616974,33.170286129719756,277.8189525291041,83632.40462645896,1.0487094058394135,334.13635308489114
52.892,1588.3928215767462,-22.5673509102451,-2.241920630321081,21.92600997749643,1732.0,0.42119801,-17.45274353,-1.607720494,31.544594604338677,277.82544665975115,83642.68017715466,1.048813739767642,334.140258348428
52.922,1587.017463145195,-22.495592892529373,0.6025760665845916,-1.9015246176692184,1695.0,-0.896001518,-17.45274353,1.004840612,22.583856919800937,277.8343864895562,83656.8271876439,1.0489573789966167,334.1456342652975
52.973,1582.593201448751,-23.051320325102154,-2.6059625715719967,11.291315969496328,1695.0,0.731722593,-17.45274353,0.912695229,25.800159417683926,277.8631441905831,83702.34852189994,1.049419540650622,334.16292696208785
53.022,1582.760289109067,-17.279010777254964,-3.2570064864196313,16.368044232652473,1695.0,1.191916823,-17.45274353,0.246372357,24.02259720960955,277.86205812079106,83700.62898861134,1.049402083719869,334.1622738984793
53.071,1580.597465684154,-0.36634356106749677,-2.0453381480072372,18.43839728543108,1695.0,-0.642468572,-17.45274353,-1.906527162,18.555110083204074,277.876116473053,83722.8892582325,1.0496280676637968,334.1707272144372
53.125,1580.6935276051124,-14.413652140209999,0.9467513954055655,1.9589455506489957,1695.0,-2.344231129,-17.45274353,0.102033012,14.576939798671399,277.87549207056674,83721.90046541876,1.0496180297845465,334.17035176448354
53.172,1575.885155241993,-25.8074356386958,0.15941800877733966,4.059483236542367,1695.0,-1.88030839,-17.45274353,1.103381634,26.125247414995272,277.90674649092705,83771.4060276243,1.050120565260535,334.1891443663436
53.22,1576.308288974809,-17.89194847210992,-3.68285658233424,15.529640090431128,1695.0,1.745319247,-17.45274353,0.539324045,23.976133426242956,277.90399612166374,83767.04861846147,1.0500763350710587,334.1874906716483
53.27,1574.5448647714613,-12.055605032193531,-4.2554760448270255,19.730162008246886,1695.0,1.823616147,-17.45274353,-0.640456319,23.510125093925286,277.9154583789855,83785.2094805957,1.05026067529541,334.19438244644823
53.32,1574.983489978449,-1.573513369035013,-0.36943429374828984,9.786085927850445,1695.0,-0.746866882,-17.45274353,-2.470580816,9.918664416502946,277.91260731514006,83780.69194185524,1.0502148211284932,334.192668234561
53.37,1573.050313907529,-18.85686761230889,3.0516140414104247,2.293667827910146,1695.0,-2.51520586,-17.45274353,0.347043842,19.239405305535495,277.925172959601,83800.60381032508,1.050416928124103,334.20022330524387
53.439,1573.3699976042774,-24.68301449715173,0.521094296876391,10.009813117690658,1695.0,0.42971769,-17.45274353,1.802727699,26.640553721421252,277.9230950155722,83797.31077820623,1.050383504225592,334.1989739569947
53.471,1571.0033164073964,-15.770988695019273,-1.2021122367975474,17.242845121582835,1695.0,1.629737973,-17.45274353,0.107359335,23.398394520461807,277.9384784433519,83821.69222552961,1.0506309671971805,334.2082230167741
53.521,1571.1392015579897,-10.95023231252039,1.224878310194681,18.245088854013535,1695.0,0.757819116,-17.45274353,-1.632217526,21.314107578404496,277.93759518987304,83820.29218716649,1.050616757679102,334.2076919805322
53.571,1568.213974691993,-10.46469007597283,11.016849899463917,19.517359475897905,1695.0,-1.14367795,-17.45274353,-1.090530515,24.73475370819172,277.956609164502,83850.43527754507,1.0509226813084982,334.2191235176982
53.619,1568.0505087443414,-13.179169440315917,9.947783023506608,11.593197856945425,1695.0,-1.068576813,-17.45274353,-0.716090143,20.1755081911115,277.9576716931618,83852.11997635884,1.0509397787778276,334.219762317148
53.669999999999995,1563.7747404163179,-19.66424129181941,8.442130311551116,11.641814082378607,1695.0,-1.460594177,-17.45274353,-0.648978472,24.361522631165204,277.9854641872939,83896.19627104049,1.0513870717744458,334.23647091983815
53.726,1563.8210025579388,-19.643537442986133,12.022302562793973,17.231983634855254,1695.0,-1.228899121,-17.45274353,1.724430799,28.76361559639678,277.98516348337336,83895.71928239365,1.0513822314598653,334.2362901437593
53.77,1561.6469992070342,-20.63350801898853,5.534824374976029,11.804670375056329,1695.0,1.536527395,-17.45274353,1.358512521,24.40750246738132,277.99929450515424,83918.1368504338,1.0516097114699443,334.24478527388624
53.823,1561.8592583183588,-39.310261282270105,-0.6310180187378391,19.651237492676067,1695.0,0.142628893,-17.45274353,-2.960069656,43.952997176687205,277.99791482093065,83915.94789450029,1.0515874997698464,334.2439558602181
53.870999999999995,1559.1702499515034,-18.70089642259742,5.078466223305183,28.262985639421732,1695.0,-2.779391527,-17.45274353,-1.294528604,34.26821710337624,278.0153933753152,83943.68213958977,1.0518689156210466,334.2544631500646
53.919,1558.9293292816828,-16.759538348365083,1.728592096901916,17.82775220884586,1667.0,-1.824381948,-17.45274353,1.839479327,24.52955166952303,278.01695935966904,83946.16734084503,1.0518941317778594,334.2554045305329
53.968999999999994,1558.2446969116086,-36.35059045210404,-3.70613517570922,12.191546178719557,1667.0,1.773016095,-17.45274353,-0.264417946,38.519276503915265,278.0214094700745,83953.22994604384,1.0519657919031453,334.25807966859804
54.021,1557.8642159473995,-27.078000066991507,1.1674890951223131,30.96244979334911,1667.0,-1.472312093,-17.45274353,-2.00239706,41.14917272097807,278.0238825963419,83957.15516102302,1.0520056182685003,334.2595663537424
54.069,1555.3101742170318,-6.333414574306965,3.8604820023451785,26.311040698079225,1667.0,-2.141298056,-17.45274353,-0.870020807,27.336538260658685,278.0404838675893,83983.50766618745,1.0522729892282954,334.26954580378407
54.119,1555.515912430705,-31.454149319495144,-1.0595490975927582,-1.9038435352844363,1667.0,0.267794162,-17.45274353,0.878083587,31.529522259465825,278.0391465692004,83981.38461914191,1.052251449509702,334.2687419304482
54.178,1555.2351777293525,-43.3769629111183,-0.7161043204644099,5.692858433625171,1667.0,0.551154554,-17.45274353,0.413628221,43.75479806759046,278.0409713447592,83984.28157829845,1.0522808410535387,334.2698388343142
54.218999999999994,1555.011243366848,-12.602203159212252,-3.6411691314884456,28.537964442664776,1667.0,0.718401074,-17.45274353,-1.308904409,31.408423259389554,278.04242691811544,83986.59246108531,1.0523042863312932,334.2707138018272
54.27,1553.0372264592283,-9.51704534161522,0.5905024977399018,7.421612544334039,1667.0,-1.814265132,-17.45274353,-1.526218295,12.083177479140714,278.055258028015,84006.96548671267,1.0525109774606116,334.2784266800931
54.321,1552.9503734266125,-14.236561324304445,1.4452496139567876,0.8935799841629719,1667.0,-2.339440584,-17.45274353,0.740131795,14.337604750285873,278.055822572727,84007.8619534359,1.0525200721949721,334.2787660281487
54.373999999999995,1552.2743790614836,-27.699337137211725,-3.2531721364688817,7.132609433384192,1667.0,-0.431019306,-17.45274353,2.126573563,28.787332702416446,278.0602165361003,84014.83959638137,1.0525908603698995,334.2814072295416
54.422,1548.5720202368777,-13.163616442932371,-5.6177335673659154,21.083079622952415,1667.0,1.81775403,-17.45274353,-1.524087787,25.48207163239089,278.08428186846027,84053.06382778709,1.0529786252829685,334.29587247598215
54.473,1548.445147447852,-5.404658690114168,-4.4788131258524855,17.05069637567353,1667.0,-0.287208617,-17.45274353,-2.780034542,18.438989925382074,278.0851065415889,84054.37394893974,1.0529919151847418,334.2963681613492
54.519,1548.3912601932836,-9.140321053026657,-0.9180439082920161,3.111543528485865,1667.0,-2.945043564,-17.45274353,-0.119003989,9.69896781619656,278.08545680874363,84054.93040763644,1.0529975599037682,334.2965786958189
54.571,1546.7479201094004,-17.0708168352156,0.47707513744454655,-1.7152122301710087,1667.0,-2.472066164,-17.45274353,1.158780694,17.163401210214026,278.0961385192889,84071.90154652286,1.053169711783038,334.30299906932726
54.659,1546.9611130345666,-28.25968330172513,0.052964132730133465,2.3843684217155925,1667.0,-1.497349024,-17.45274353,2.05253768,28.360143128757876,278.0947527652753,84069.699699108,1.0531473770512507,334.30216615179324
54.675999999999995,1544.0226089487644,-12.140304249163057,-4.6567849765489235,19.544723571863123,1667.0,1.66701591,-17.45274353,-1.615162969,23.47485576272196,278.113853041833,84100.0525577289,1.053455255499081,334.31364632919406
54.721,1544.1131081399456,-5.4432256790996325,-1.1545934394668285,14.03311305649188,1667.0,-0.622237265,-17.45274353,-2.508919716,15.096027751046046,278.1132647970903,84099.1176268309,1.0534457725209614,334.31329277192475
54.776,1541.4877189552017,-8.870868292983966,2.4983250558354877,6.076982441006863,1667.0,-2.273397207,-17.45274353,0.332673103,11.03918692406236,278.1303298267912,84126.24347077061,1.0537209010520583,334.3235493462771
54.821,1541.8890173577036,-19.52395683678184,3.0081526888830243,2.6771509406706535,1667.0,-0.565245628,-17.45274353,1.691417813,19.934919370875022,278.1277213871749,84122.09674769225,1.0536788432940503,334.3219816193126
54.879,1538.2630572584171,-28.393305901286976,3.2533474637778923,12.924356861073068,1667.0,1.421472549,-17.45274353,-0.322997153,31.36563549486116,278.1512901278203,84159.57076652815,1.0540589057668408,334.3361466603142
54.934,1534.3309737532948,-21.666278681551205,11.66416514544031,22.505674367605312,1667.0,-0.144998834,-17.45274353,-1.45111227,33.346450473587616,278.1768486706036,84200.22382352213,1.0544711737180212,334.3515069133912
54.974999999999994,1534.1253124941832,-14.036117912873358,10.923337876252372,21.21317848180673,1638.0,-0.456056029,-17.45274353,-0.399163574,27.68268154864774,278.1781854687878,84202.3505533338,1.054492740119752,334.3523102871307
55.029999999999994,1534.0788156719318,-11.015924397845787,5.5293692994437045,13.329499165704021,1638.0,0.376448154,-17.45274353,-0.359748781,18.154890889156807,278.1784876981324,84202.83138000141,1.0544976159956014,334.3524919172107
55.07,1531.2526597975752,-20.064760599532054,9.384806398197291,6.943068114304501,1638.0,0.006801365,-17.45274353,-1.535800815,23.21369001016535,278.1968577113157,84232.06101673972,1.054794012402561,334.36353151689025
55.128,1529.8804827350016,-12.378702653786462,7.644508614979632,22.67390843013309,1638.0,-1.688570738,-17.45274544,0.845604002,26.940247119382892,278.2057768622225,84246.25577876552,1.0549379440618794,334.36889141728085
55.172,1529.3237409523877,-8.637941916910556,2.8463821055349854,16.14881887796569,1638.0,-0.923710823,-17.45274544,1.252534986,18.533760622279853,278.2093956838095,84252.01565863709,1.054996346618059,334.3710660979094
55.233999999999995,1529.8612387009193,-8.634874168603131,2.27859109597368,11.877644440835454,1638.0,0.013721879,-17.45274544,1.352669835,14.860399279735708,278.205901948444,84246.45486632458,1.054939962731647,334.36896658634635
55.271,1527.6880434214083,-29.430057791225558,-0.13879605724804644,15.9891474842425,1638.0,0.31093064,-17.45274544,-1.611428499,33.4932889279814,278.22002771776084,84268.93992871654,1.0551679466064472,334.377455189396
55.322,1527.4686726504863,-22.21419811095183,1.7906295141536115,24.84082751409034,1638.0,-1.464865208,-17.45274544,-1.419680953,33.37279825478171,278.22145362777184,84271.20992822651,1.055190962278427,334.3783120499783
55.370999999999995,1526.4110668994247,-13.4122654705692,0.8831759241576187,14.727687434638554,1638.0,-0.181221515,-17.45274544,1.214185476,19.939248780694946,278.22832806515373,84282.15449000068,1.055301928243472,334.38244301928194
55.419999999999995,1526.6820524552181,-20.173024981913382,0.08044871643706031,0.27233384292519336,1638.0,0.599617362,-17.45274544,0.77156812,20.175023535026675,278.22656665904105,84279.35010459012,1.0552734950836522,334.3813845644952
55.471999999999994,1525.1263082068722,-30.274406728105507,-1.4628568537871667,15.778020913194394,1638.0,0.085627228,-17.45274544,-1.000499368,34.17053697047548,278.2366789966553,84295.45127695861,1.0554367395275044,334.3874611709983
55.523,1524.1831242419448,-10.286830220619056,-0.48629789275624247,27.898307873042945,1638.0,-1.057401538,-17.45274544,-0.619667232,29.73837493555138,278.24280969242733,84305.21397046719,1.0555357173483526,334.39114511466323
55.571,1523.8436365823877,-4.4587585788948125,-0.04540128399147582,13.58803668646608,1638.0,-0.991355121,-17.45274544,-0.27079314,14.300955574163716,278.24501636221447,84308.72815797589,1.0555713449556536,334.3924710956919
55.620999999999995,1523.1146418058627,-27.409351972971034,0.14055389311778516,-7.856257890591278,1638.0,-0.400664806,-17.45274544,0.414702624,28.513384909872755,278.24975482826187,84316.27470743246,1.0556478525820545,334.39531840747054
55.671,1522.9859983198464,-20.937355542661248,-0.813404454187424,11.193807334880502,1638.0,0.668328047,-17.45274544,0.167561248,23.755753125849832,278.25059101092097,84317.60648078733,1.0556613540900226,334.395820861384
55.721999999999994,1520.0499564241882,-17.63541952511452,-3.176875838163477,16.894306423853276,1638.0,0.667262793,-17.45274544,-0.400224686,24.627589233640947,278.26967528324275,84348.0062952127,1.0559695361414103,334.4072882071752
55.77,1520.2052278395533,0.7001188706476004,-0.8253677906799639,12.668953423763991,1638.0,-0.401197433,-17.45274544,-1.465489149,12.715100443033478,278.2686660190429,84346.3983908083,1.0559532363318798,334.4066817709729
55.825,1519.9204004882306,-7.004616587535772,-0.08236097861058075,9.943636375556562,1638.0,-1.074444652,-17.45274544,-1.415421724,12.163360606282732,278.2705173968265,84349.34792341151,1.0559831365838837,334.40779420680775
55.870999999999995,1517.6924581812873,-22.740161187273543,1.5476970494848148,-1.8006979632252964,1638.0,-1.590032578,-17.45274544,0.69753027,22.863788184264866,278.2849990218216,84372.42228499344,1.0562170410939786,334.4164956411383
55.922,1513.5652243568327,-16.938309072841843,-3.1801480153548574,13.744118429410621,1615.0,1.352227807,-17.45274544,0.674094498,22.043603313622445,278.31182604168055,84415.1807406048,1.0566504508457795,334.43261433563885
55.979,1513.9087776718181,-10.986115838856485,-2.4760108986618246,23.044708273548206,1615.0,1.333053112,-17.45274544,-1.113419294,25.649248538856,278.30959294513315,84411.62083283442,1.056614368378508,334.4312726358895
56.021,1513.5298130618578,-0.7199978141037563,-0.7583748275759018,11.215256611706247,1615.0,-1.132501483,-17.45274544,-2.171226978,11.263902969123786,278.3120562150979,84415.54768021197,1.056654170051059,334.4327526292265
56.074,1513.3688729550197,-6.6554607054022945,1.3893227610431085,6.181653492908113,1615.0,-1.994833112,-17.45274544,-1.530470252,9.189026871322639,278.31310232579233,84417.21539318017,1.0566710735210931,334.43338115634657
56.123,1511.5764503473372,-22.496926533263796,3.959233281353155,0.30861911517847895,1615.0,-1.592163086,-17.45274544,1.551339746,22.844747260092344,278.3247530727423,84435.79085392156,1.0568593448770007,334.44038111050963
56.169999999999995,1511.53107247147,-19.995925515734616,-1.1432123982321183,12.168817499135118,1615.0,1.580723763,-17.45274544,0.999005675,23.435530528356626,278.32504802893544,84436.2611626183,1.0568641115827702,334.44055832298255
56.22,1508.2733168905102,-7.894767737672462,3.57996150126271,15.93256619310919,1615.0,0.729044795,-17.45274544,-2.242594004,18.13808555168166,278.34622344021165,84470.03097405436,1.0572063645484264,334.45328046517625
56.27,1508.276267060505,-9.943572920265417,6.429023452753941,11.547558029473748,1615.0,-0.533826232,-17.45274544,-2.498790264,16.53944017857798,278.3462042641067,84470.00038772066,1.0572060545714037,334.453268944432
56.321,1504.5980244251941,-14.230027508194269,11.64567817477169,10.767803901402015,1615.0,-2.331992626,-17.45274544,0.905795038,21.308709578324255,278.3701128412362,84508.1420900656,1.057592584846037,334.4676325857371
56.37,1504.4762581707796,-18.61996433340892,2.597730499565789,11.458025447175515,1615.0,1.818810344,-17.45274544,1.206732154,22.016757769342796,278.3709043218899,84509.40498914746,1.057605382572488,334.4681080758491
56.422999999999995,1504.8026865004877,-22.838792153855593,-0.8151798946570308,11.585394392427725,1615.0,2.264623404,-17.45274544,-0.516332984,25.622183914252208,278.3687825377468,84506.01947115122,1.0575710749723317,334.4668333907629
56.473,1500.1656005635896,-12.09430198165826,3.529943692947565,21.029866720770904,1615.0,-2.812426805,-17.45274544,-1.338717222,24.515055316933527,278.39892359633666,84554.12283534846,1.0580585123245907,334.4849405065343
56.521,1498.1215674454968,-11.282210204548305,2.5718943015905964,13.7060278836882,1615.0,-1.992705941,-17.45274544,1.861337185,17.937617114505663,278.41220981160427,84575.3338963883,1.058273429872627,334.49292183391475
56.571,1497.9711468530277,-30.18617697257685,-2.281283828077984,6.118487103179113,1615.0,2.069147348,-17.45274544,0.205383644,30.884387974440227,278.4131875454553,84576.89499058186,1.0582892469947118,334.49350917303633
56.619,1495.7777968211224,-32.49220149415748,-4.491365491278599,16.481676688551673,1615.0,1.735719681,-17.45274544,-1.37546885,36.70914311692832,278.4274443206627,84599.66065492018,1.0585199040824436,334.50207331068174
56.672,1496.1319331532068,-15.678159605354868,1.1117880559035775,26.306303315111965,1615.0,-2.141310215,-17.45274544,-1.729669333,30.644124320967332,278.42514243450415,84595.98459528036,1.0584826597922992,334.5006905675296
56.721,1495.3234107420524,-19.73108435273523,-1.3293014762473714,9.262757189415629,1615.0,-1.022249937,-17.45274544,1.786236048,21.837614404956817,278.4303978301766,84604.37753163517,1.0585676930424155,334.5038474756502
56.771,1494.9986567895144,-29.816912957786414,-2.828272345813528,6.3966046266367105,1615.0,1.303222299,-17.45274544,0.723634839,30.626197503833463,278.4325087308681,84607.74885773679,1.0586018492675235,334.50511548207146
56.819,1492.714799191867,-23.36312667745727,-3.0281014677076064,19.748660272155867,1615.0,0.072841868,-17.45274544,-1.907035828,30.74109089135706,278.4473538052528,84631.46104514091,1.058842079409968,334.5140327007478
56.872,1492.3097681466866,-5.473883729259916,0.3546265066553338,21.366044904243175,1615.0,-1.919202685,-17.45274544,-0.274517983,22.058944623231973,278.4499865070465,84635.66684806318,1.0588846874118907,334.5156141013253
56.925999999999995,1491.8727881715756,-17.18357475713666,0.05250599039193837,7.267386462333762,1589.0,-1.653419137,-17.45274544,0.477026105,18.657248036783006,278.4528268768847,84640.2045953548,1.058930657812494,334.5173202347132
56.971,1491.8886920461432,-36.47906597631075,-2.040488063003449,3.965516235028096,1589.0,0.249675766,-17.45274544,0.955329835,36.7506621035535,278.45272350170006,84640.03944070848,1.058928984694215,334.5172581401865
57.017,1491.9134476422512,-29.15293253811993,-2.840686290520378,13.368809001885491,1589.0,0.740230024,-17.45274544,0.600064158,32.197640104551404,278.45256259032533,84639.78236539982,1.05892638036178,334.51716148528766
57.073,1488.852194809988,-6.353895568668252,-2.0316834151890157,18.902981831341865,1589.0,-0.003324543,-17.45274544,-1.713157654,20.045509435111317,278.47246073373503,84671.57684228041,1.059248466730868,334.5291135238697
57.120999999999995,1487.085685418697,-12.132273972059787,1.4244090634970439,6.85475743087651,1589.0,-2.043305874,-17.45274544,-0.802356541,14.00745202916821,278.48394304477847,84689.92838489331,1.0594343621845133,334.53601030592375
57.171,1486.8445065150775,-20.8219031714245,0.6596336512187166,4.353421929489094,1589.0,-1.497360945,-17.45274544,0.92124635,21.282364782376845,278.485510707652,84692.43414360801,1.0594597441509763,334.5369519023035
57.22,1482.918069462098,-21.295268010496923,-3.214892897432121,13.503096671998502,1589.0,0.098405182,-17.45274544,1.465596437,25.41963012544026,278.51103254849636,84733.23680299491,1.0598730326910333,334.5522808923356
57.273999999999994,1483.071259870988,-9.65553387524262,-1.7786508619339805,20.571166411639425,1589.0,1.218530774,-17.45274544,-0.644159794,22.793986506093624,278.5100368108385,84731.64458404269,1.0598569058776517,334.55168284313214
57.326,1481.8586517427075,-3.7848429583994574,-1.3479018472900186,15.758654873308542,1589.0,0.179365277,-17.45274544,-1.769611716,16.262751274791263,278.51791876367236,84744.2487623634,1.0599845659073404,334.55641678729916
57.397,1481.3180239365836,-11.324899277081519,0.1354393183887712,8.56878987086175,1589.0,-0.674976826,-17.45274544,-1.756295919,14.201966317943091,278.5214328444122,84749.8686839568,1.0600414854987488,334.5585273419046
57.419999999999995,1481.4916159314237,-12.135056718227165,2.5249658665413692,3.6426964240039825,1589.0,-1.330114365,-17.45274544,-1.18158567,12.919144376437654,278.5203044964457,84748.0641315981,1.0600232087414458,334.55784965830145
57.47,1480.3974640499832,-14.922002667956138,-0.19482032664805887,18.547559526521322,1589.0,0.323175967,-17.45274544,0.327361405,23.80579935587161,278.5274164836751,84759.43876109946,1.0601384113337475,334.56212108111475
57.531,1479.350763384135,-6.1044973929694,1.964271863232963,18.116200716450425,1589.0,0.343416005,-17.45274544,-0.49395752,19.217699674315284,278.5342200380031,84770.32125220279,1.0602486267801627,334.56620720968266
57.571,1479.3356602598508,-5.8756213530238774,1.5455356304689298,9.479985302438886,1589.0,-0.247273147,-17.45274544,-0.775187314,11.259739251137942,278.53431820831094,84770.47828686188,1.0602502171725152,334.56626616916105
57.620999999999995,1475.7244516009794,-11.632388724601293,1.6988297696963626,6.846148111686175,1589.0,-0.600940943,-17.45274544,-0.43749848,13.603978608987228,278.55779106459363,84808.03257297876,1.0606305378139238,334.58036328381297
57.683,1476.3026502655239,-22.91522169724184,2.677456012756954,10.626296255034154,1589.0,-0.662726283,-17.45274544,-0.211129785,25.400675743643994,278.55403277327406,84802.01876692008,1.0605696368121509,334.5781062033134
57.732,1471.8434803546124,-14.983010856541718,1.2840493287205752,15.354024316167383,1589.0,-0.528502941,-17.45274544,0.382755131,21.491520646694454,278.583017377695,84848.40723694485,1.061039385311372,334.59551281147554
57.775,1472.394690328188,-6.862632028812994,4.43460380742678,14.825182478909888,1589.0,0.223573744,-17.45274544,0.426431,16.927712923626473,278.5794345128668,84842.67192080407,1.0609813098170506,334.5933611829227
57.82,1469.0083411820974,-20.09436818960609,9.431954737166116,4.773943149585535,1589.0,0.166049466,-17.45274544,-1.325396419,22.705416452883618,278.6014457823163,84877.91169876001,1.0613381340586507,334.60657945793514
57.870999999999995,1469.3833797281216,-27.464881487044007,11.123214698892157,15.762037014086868,1589.0,-0.599875689,-17.45274544,-1.576798797,33.56318565286179,278.5990080317672,84874.0083058921,1.0612986112138638,334.6051155582148
57.921,1467.2565129130073,-17.304992529904606,5.356637656436806,21.714844045412182,1569.0,-1.655552745,-17.45274544,0.217639148,28.278804524926155,278.6128326660654,84896.14661390429,1.0615227626277877,334.6134173393406
57.971,1467.0672132287991,-14.727955569371176,5.132152858989487,18.353038511865304,1569.0,-1.263002753,-17.45274544,0.865319967,24.084968151098238,278.61406311401277,84898.11723876692,1.0615427147585033,334.614156221204
58.022,1465.4225314559299,-32.170377704797865,2.935002496204986,7.6745646250944715,1569.0,0.746618569,-17.45274544,-0.626050293,33.203108039863324,278.6247535455364,84915.24006657698,1.0617160758057882,334.62057573817054
58.071,1465.4838239451503,-31.322599020269973,1.4993492158657884,27.322288561738674,1569.0,-1.024383545,-17.45274544,-1.100093007,41.591594219344984,278.6243551443565,84914.60189860148,1.0617096147570337,334.6203365037196
58.12,1461.5363055492876,-17.58053326890173,4.044919677267565,29.532060471941552,1569.0,-1.326385975,-17.45274544,-0.522719622,34.606056130869916,278.6500140139296,84955.71078345928,1.0621257974539313,334.6357439541955
58.169999999999995,1461.5734847239441,-22.831380132646366,0.19962925632970907,10.129683396350243,1569.0,-0.410793185,-17.45274544,0.495143712,24.978435825961476,278.6497723492943,84955.32352975916,1.0621218771106844,334.6355988444907
58.221999999999994,1459.3524060880468,-32.26683766185592,-0.8360572724737416,21.494569844809188,1569.0,0.119708531,-17.45274544,-0.557337582,38.77968975214733,278.66420936042766,84978.46051908364,1.0623560972857622,334.6442675673305
58.272,1459.3710190343177,-21.8153172687895,0.6880103215484544,30.017650201438254,1569.0,-0.580702841,-17.45274544,-0.956811726,37.113888901008586,278.66408837627694,84978.2666067144,1.0623541343241245,334.64419492316676
58.323,1457.6053706599037,-20.942413062490353,0.5535161333449028,13.894328402980554,1569.0,-1.130911946,-17.45274544,0.013644182,25.13848457564043,278.6755650907106,84996.66298232926,1.0625403557805657,334.6510859731429
58.37,1457.2480211324043,-32.28067907933468,0.17188951020979312,8.077555645402091,1569.0,-0.337822556,-17.45274544,0.446141541,33.276398438402,278.67788786263935,85000.38661664928,1.0625780481745886,334.65248063529856
58.419999999999995,1453.162828387576,-27.665905435462605,-1.4687900068022572,24.541236653397704,1569.0,0.632100761,-17.45274544,-0.708605111,37.011241050876855,278.70444161548073,85042.96430962649,1.0630090174629452,334.66842389447686
58.47,1453.636208006387,-10.656869020289383,-0.35743611056705626,28.060749866719913,1569.0,-0.553005934,-17.45274544,-1.439909101,30.018366060986107,278.7013646479585,85038.02965255984,1.0629590712134154,334.66657647735764
58.532999999999994,1451.9307294061452,-24.748626329795975,1.2422113426313905,5.286189986087748,1569.0,-1.649695754,-17.45274544,0.438684672,25.337351850590995,278.71245025886003,85055.80918156786,1.063139024555942,334.67323225129326
58.571,1451.8668763722137,-40.29515391300831,1.636540331325365,7.7336897337011115,1569.0,-0.961534858,-17.45274544,1.106072903,41.06321529089311,278.7128653035806,85056.47490470203,1.0631457624527403,334.67348144056757
58.62,1448.276149777577,-21.028341891806967,-2.967155182255816,26.439238652422794,1569.0,1.061934948,-17.45274544,-1.386645913,33.91207031595209,278.7362050264457,85093.91812706245,1.063524715509608,334.6874941105176
58.669999999999995,1448.282775615486,-10.77947592707684,-1.6217581970583645,21.346889112247705,1569.0,0.137285396,-17.45274544,-2.041250944,23.969081661230884,278.73616195849934,85093.84902214911,1.0635240161460868,334.6874682539849
58.721,1447.5424988077539,-19.658317357707283,1.3339127886951365,9.00931734714075,1569.0,-2.232398987,-17.45274544,0.094610207,21.665561698826806,278.7409737577496,85101.57010253998,1.0636021552467232,334.6903570825231
58.773,1444.8351530157915,-31.11681889871688,-0.32405695158749825,13.82267235543415,1569.0,0.747678339,-17.45274544,1.142297745,34.05037007624293,278.75857150539736,85129.81252587668,1.0638879635453278,334.7009219151839
58.819,1444.85031466834,-28.62011726467619,0.33534591208946757,19.98917845825526,1569.0,0.747678339,-17.45274544,1.142297745,34.91118480602667,278.75847295465576,85129.65434179254,1.0638863628007877,334.7008627510355
58.869,1445.1881319113252,-11.86735773094797,0.019924545119401643,14.694338260402295,1569.0,-0.622251749,-17.45274544,-1.88358593,18.888042604063333,278.7562771425764,85126.12989911849,1.0638506970407628,334.699544510128
58.922999999999995,1443.2054795572499,-21.154905355311122,1.7417845947456612,8.995041933844355,1551.0,-0.610001206,-17.45274544,1.269596815,23.053733180512932,278.7691643828779,85146.81657230074,1.06406003276861,334.70728120336304
58.97,1443.227701295534,-34.11192621902901,2.336649366311065,2.0536189019755864,1551.0,0.281092495,-17.45274544,1.175320983,34.25347852741546,278.769019941579,85146.58469173242,1.0640576863411435,334.7071944908301
59.019,1441.3525666147384,-18.926251992441404,1.1449306724434387,27.91770067984281,1551.0,0.675772965,-17.45274544,-1.183174491,33.74776869624701,278.7812083170042,85166.1532451208,1.064255698617895,334.71451146664447
59.069,1438.7342051140677,-7.397311655362323,8.279701672171893,19.082834682592285,1551.0,-1.506421328,-17.45274544,-0.941892087,22.077777492987654,278.7982276667585,85193.4840666375,1.0645322420391283,334.72472832529155
59.122,1438.5907826581254,-11.092202066504424,9.142082158026106,12.903030186823072,1551.0,-1.196961999,-17.45274544,0.479703307,19.315869146127795,278.7991599127222,85194.98133531901,1.0645473914730155,334.7252879513672
59.172,1436.1352858426103,-26.077226456145933,8.701948656322276,10.097912578494656,1551.0,0.09467119,-17.45274544,-0.263318658,29.286745952824923,278.81512064202303,85220.61897016544,1.0648067863913029,334.734869011894
59.22,1435.9692998275746,-23.31013285021068,5.261559869138189,23.74009729168892,1551.0,-0.980713248,-17.45274544,-0.100333191,33.684395870637964,278.81619955112075,85222.35224152451,1.0648243226440457,334.7355166599578
59.272,1434.7623087381987,-18.102046730005558,4.809035541130976,21.023328075469195,1551.0,-0.715462387,-17.45274544,0.408863217,28.15654883006753,278.8240449932017,85234.95683103512,1.0649518466631451,334.7402260879591
59.325,1434.487256050687,-29.830310419598423,0.3388257731482579,9.86592197021638,1551.0,0.624107659,-17.45274544,-0.558396876,31.421308676701386,278.8258328356705,85237.82941323558,1.0649809088471223,334.7412992770251
59.370999999999995,1432.620762422583,-28.752730048385608,5.551531210001263,33.35088554208754,1551.0,-1.21134305,-17.45274544,-1.006340623,44.38266047064302,278.83796504425317,85257.32468177733,1.0651781393870108,334.7485817928644
59.437999999999995,1432.7107654230297,-25.228244721533255,2.9356914870739415,29.27672120931727,1551.0,-1.21134305,-17.45274544,-1.006340623,38.758341308742004,278.8373800247503,85256.38453000462,1.0651686282175712,334.7482306309421
59.476,1432.4841208381101,-22.709447993970613,-1.1703457272832933,14.832872069451042,1551.0,0.140477568,-17.45274544,0.592621386,27.14963777181801,278.8388532145523,85258.75202610517,1.0651925792660628,334.74911492240295
59.522,1430.8642080724253,-34.1325394005697,-0.8644607579380699,20.075000817557928,1551.0,-0.142350152,-17.45274544,-1.143759727,39.60786785675807,278.84938264752924,85275.67494736495,1.0653637782742005,334.7554352128768
59.571,1430.8422424011424,-25.95388730101092,1.5816256898039933,27.39976779474669,1551.0,-0.728245556,-17.45274544,-1.159206152,37.77370886029411,278.84952542439254,85275.90443725385,1.065366099840846,334.75552091384634
59.62,1427.8633212892616,-17.178280585049652,1.2091095354212729,16.607889274764172,1551.0,-0.94769007,-17.45274544,0.363056839,23.924407116795336,278.86888841161976,85307.03182848323,1.065680979882434,334.767143229406
59.669999999999995,1427.2239943872228,-36.80278475395647,-2.0523920909229494,11.533074417273339,1551.0,0.251797706,-17.45274544,-0.14560692,38.62213205475973,278.873044036483,85313.71349261636,1.0657485677490164,334.7696375224931
59.723,1427.0341709897107,-30.5699818402946,-0.5495563823378765,22.76928210590762,1551.0,-0.196680903,-17.45274734,-0.816187203,38.121726214216935,278.87427788856684,85315.69743595425,1.0657686359834047,334.7703781027801
59.77,1423.0917936138726,-4.18620663609712,1.7958116537067115,27.153428573778893,1551.0,-0.933311284,-17.45274734,-0.375700325,27.532852173485487,278.8999033415098,85356.90972389384,1.0661854916515365,334.78575859174856
59.82,1423.1444209396236,-16.174391484500642,-0.5981178674387796,8.545207283944976,1551.0,-0.775652111,-17.45274734,-0.292077065,18.30271161338731,278.89956126389245,85356.35946938173,1.0661799261678584,334.7855532801863
59.870999999999995,1419.5567299920278,-42.380545469031006,1.4316233804741385,4.209160512205013,1551.0,-0.305870533,-17.45274734,0.602212429,42.61311079906782,278.9228812550518,85393.87779733309,1.0665593851920092,334.7995494172112
59.922999999999995,1419.8911911999583,-14.155687514966697,-1.879836707757868,27.401830499262086,1551.0,0.897878349,-17.45274734,-0.597808003,30.89947555832474,278.92070725720026,85390.37960029326,1.0665240058936283,334.79824465706366
59.971,1417.9105513570632,-4.80544253823969,-1.5625843676967472,15.198580039392997,1520.0,0.581494808,-17.45274734,-1.381309867,16.016578383298008,278.9335814161791,85411.09720195824,1.0667335310127584,334.8059712187342
60.021,1418.3540930987667,-22.704597215276088,2.437150238675682,4.91246821794415,1520.0,-2.00336957,-17.45274734,0.285296261,23.35745662494337,278.930698394858,85406.45737730959,1.066686607511791,334.8042409587154
60.072,1415.0514805520115,-28.710221895833044,-0.30642859839889663,9.566059772877884,1520.0,-1.386581302,-17.45274734,1.182781577,30.263513334908097,278.9521653764119,85441.0104178619,1.0670360378765744,334.81712426310975
60.122,1414.8561102590966,-23.560243057295843,-1.637369815075317,23.312490741572624,1520.0,1.262198806,-17.45274734,0.047209661,33.18491008585207,278.95343528331586,85443.05480197708,1.067056711622312,334.817886376021
60.171,1413.5832771283983,-10.027902388366208,-0.505604083631899,17.027898193606173,1520.0,0.455260932,-17.45274734,-1.76267457,19.76774591833379,278.9617086986654,85456.37488887289,1.0671914081195002,334.8228514822915
60.221,1413.2914361919027,-19.890329605993887,2.4163150877855677,7.649981654968939,1520.0,-1.69976902,-17.45274734,0.621387184,21.447284437893263,278.9636056647526,85459.42921558487,1.067222293774614,334.82398989393533
60.271,1411.367590678707,-25.51261154232459,0.7708520423803172,8.825229854392422,1520.0,-0.876319587,-17.45274734,1.223794341,27.006892501057116,278.9761106605884,85479.5658639569,1.067425912307033,334.83149432389223
60.321,1411.2274921070104,-21.172675015595797,-2.6029930058151276,19.411027324023088,1520.0,1.11039865,-17.45274734,-0.363982439,28.841735760496938,278.97702130130443,85481.03240810487,1.0674407414077731,334.83204080606623
60.384,1411.1145408176487,-17.568898488126724,-1.9110720969447748,20.170105713528947,1520.0,0.697075963,-17.45274734,-1.183170676,26.817001233187046,278.97775548468525,85482.21479082786,1.067452697147972,334.83248139424956
60.419999999999995,1408.8839624230218,-9.741395924477755,2.7695137705591097,12.627611642681966,1520.0,-1.477128744,-17.45274734,-0.880635679,16.187080554601113,278.9922542442503,85505.5673690561,1.0676888218226477,334.84118207463206
60.468999999999994,1405.9890150066826,-23.762589215286475,2.089133608236661,9.380767887649862,1520.0,0.325831294,-17.45274734,0.57291764,25.63247806220608,279.01107140245654,85535.88312367696,1.067995334886578,334.8524738814172
60.523999999999994,1406.2055653282007,-20.555501605893348,4.32240217576425,20.87729037295299,1520.0,-0.279238909,-17.45274734,-1.111798048,29.615419297310837,279.00966382536666,85533.61511766301,1.0679724045062096,334.85162923524814
60.573,1404.5838838970465,-17.260999589535103,5.381443367823497,21.05845669034691,1520.0,-0.924256504,-17.45274734,-0.962128401,27.75537133115389,279.0202047546692,85550.60072833128,1.0681441325069703,334.85795448930116
60.622,1404.5730541719947,-14.321092346174877,10.096288147699987,19.608991364267464,1520.0,-0.948224962,-17.45274734,0.389692187,26.297172142132926,279.020275147882,85550.71416884864,1.0681452793920136,334.8579967294784
60.672999999999995,1402.6081537718483,-27.12814697711173,2.071970416167061,12.251475402313673,1520.0,0.409987181,-17.45274734,-1.281707644,29.83836572855063,279.03304700048295,85571.29836182918,1.0683533810501795,334.86566052386456
60.727,1402.9360051342142,-20.945241287637746,4.551492829398176,23.313058658851098,1520.0,-2.09338665,-17.45274734,-0.269169897,31.668879418199506,279.03091596662756,85567.8635295228,1.0683186563140534,334.86438180181034
60.778,1401.84803178768,-17.21091183728143,4.261031890490039,21.065369831429496,1520.0,-1.748773694,-17.45274734,0.850423038,27.534009609523768,279.03798779338007,85579.26243537066,1.068433893524475,334.8686252167044
60.82,1401.8570316193745,-18.84618084101925,1.0666976685020737,11.783479881185679,1520.0,0.561784983,-17.45274734,1.362815261,22.25234311974127,279.03792929447405,85579.16813736102,1.0684329402309602,334.86859011494386
60.869,1399.4643322104869,-39.473592760179194,-0.10356442667483667,16.614425577692977,1520.0,0.326894134,-17.45274734,-1.876121283,42.82772919807496,279.05348184063183,85604.24121217093,1.068686406195959,334.8779221556636
60.921,1399.468085288162,-15.022873038997899,2.4098894375734763,27.163069512867118,1520.0,-1.801504254,-17.45274734,-0.218569815,31.134010772915673,279.0534574456269,85604.20187904764,1.068686008584946,334.8779075180596
60.971,1399.6605662699428,-11.302815135147736,1.529502256167509,16.00723478357371,1495.0,-1.388714314,-17.45274734,0.566530049,19.655141122551075,279.05220631924533,85602.18465340183,1.0686656167904827,334.8771568105461
61.02,1399.2779706527704,-38.76678558290973,-0.38496666114627554,3.7693459411396724,1495.0,0.361515224,-17.45274734,0.101542145,38.951506165814415,279.05469319075695,85606.19434286121,1.068706149976467,334.87864899478063
61.069,1398.047834135581,-25.584475723491227,-1.8290990898249722,22.271670588926472,1495.0,-0.230239168,-17.45274734,-0.793812633,33.96966753366837,279.0626890781187,85619.08748515173,1.068836481844786,334.88344667932387
61.126,1397.9143930416958,-9.946262379291824,0.7609268898461048,21.004805018993196,1495.0,-0.889637887,-17.45274734,-0.314976275,23.253149871261066,279.063556445229,85620.48618462172,1.0688506205408583,334.8839671119598
61.169999999999995,1396.3494447643918,-19.627482282998102,-0.031214955390542892,8.071133986165904,1495.0,-0.709608138,-17.45274734,0.041354705,21.222210982022744,279.07372860903143,85636.89100065333,1.069016444669086,334.89007049494836
61.244,1396.679768190439,-28.513221448765403,0.485415736873536,-2.4888036339992583,1495.0,-0.513066888,-17.45274734,0.168121174,28.625750109866953,279.07158150676213,85633.42812158166,1.068981441494043,334.8887822249687
61.27,1394.4600711277187,-22.586438561833756,-1.843657288305518,16.15516713112215,1495.0,0.715714276,-17.45274734,-0.064636767,27.830481564980193,279.0860095376698,85656.70004761395,1.0692166715901328,334.8974390061879
61.32,1394.324029993926,-6.268841294431013,-1.9754120283301324,17.443361082828584,1495.0,0.311978996,-17.45274734,-1.234829783,18.640586624952917,279.08689380503944,85658.12650751673,1.0692310896960846,334.89796955704463
61.370999999999995,1392.2868971427747,-13.428410647102897,1.8792247184700188,0.7758853125671126,1495.0,-1.657162428,-17.45274734,-0.761319757,13.581446759016234,279.10013516857197,85679.4891736575,1.069447009813067,334.905914131408
61.419,1392.8237592002063,-23.218364258746877,3.0842867714072764,3.170635142916111,1495.0,-1.608160257,-17.45274734,0.928722322,23.63595123851856,279.0966455651986,85673.85887927607,1.069390103405606,334.9038204519118
61.468999999999994,1390.4876091005883,-23.380027354240603,-2.1287501932174218,14.52207968581618,1495.0,1.157798886,-17.45274734,0.756149471,27.60521789211882,279.11183054084614,85698.36123614473,1.0696377479858903,334.9129309827404
61.521,1390.264953171179,-10.357458110949521,-2.78759002788073,17.590609653739865,1495.0,1.02251029,-17.45274734,-1.121911764,20.602843121129187,279.11327780438734,85700.69682531923,1.0696613530117727,334.9137992846057
61.57,1385.8672428802959,-7.977510767209248,-0.1821784725917307,11.916177215222616,1495.0,-0.564200997,-17.45274734,-1.841497898,14.3411696336598,279.14186292127806,85746.83795720349,1.0701276610541441,334.9309487822438
61.620999999999995,1385.6019114323772,-19.12849541231932,3.6818487938906195,4.929102200745955,1495.0,-1.793516278,-17.45274734,0.413666964,20.093566029592502,279.14358757568954,85749.62247951713,1.0701558002567608,334.9319834519277
61.671,1381.7536534714736,-19.50579291854106,-2.519162575186232,11.718712203972123,1495.0,0.558055103,-17.45274734,0.981452882,22.894330153571882,279.1686012524354,85790.01627618281,1.0705639832995462,334.94698951523094
61.723,1382.097500017068,-15.809198139333901,-0.8565514802482006,17.003154873343505,1495.0,0.792945921,-17.45274734,-0.661717534,23.232987364821142,279.16636624988905,85786.40641442302,1.070527506801483,334.9456487325114
61.771,1378.7101716748082,-8.959159764935464,1.4218249247648083,12.915743219619415,1495.0,-0.945033014,-17.45274734,-1.201273918,15.783046370250132,279.1883838841137,85821.97353363257,1.0708868884269391,334.95885692351646
61.824,1378.41811522687,-10.206283988554112,1.9544348281911532,8.982227040769573,1495.0,-1.423336864,-17.45274734,-0.551995277,13.73566347012749,279.19028225102534,85825.04070018581,1.0709178787380953,334.95999571324865
61.87,1375.3063333329278,-24.721827913980643,2.0029713607295148,8.181671596042557,1495.0,0.300793707,-17.45274734,0.441363841,26.11743516859695,279.21050883333595,85857.72603570778,1.071248114662623,334.97212896725114
61.922999999999995,1373.293727062399,-17.24021921117903,3.732822971657722,20.498783817950123,1495.0,0.05471763,-17.45274734,-0.866780937,27.043654778936517,279.22359077409436,85878.87128783336,1.0714617427399837,334.97997615437447
61.971999999999994,1372.996865759832,-12.898964032995186,2.7780495861674206,18.584586491664254,1469.0,-0.379377633,-17.45274734,-0.863052487,22.792272543427035,279.22552037256105,85881.99058908645,1.071493255838683,334.98113360623927
62.021,1372.900025032321,-11.196951382154142,7.329555561475063,11.023344499166337,1469.0,-0.566331506,-17.45274734,0.058401279,17.338057242101097,279.2261498372899,85883.0081730267,1.0715035360500498,334.9815111839931
62.071,1370.7527743955866,-22.18801889598586,8.302524041989907,12.37528484525688,1469.0,0.13834089,-17.45274734,-0.638281703,26.72803327964275,279.24010696642864,85905.57358250614,1.0717314986884885,334.9898831108168
62.12,1370.8794827159302,-26.69347466272374,7.821859551427568,15.569220302608905,1469.0,-1.052092195,-17.45274734,-1.104334831,31.876695205791055,279.23928336234644,85904.24187429145,1.0717180456829236,334.9893890928878
62.172999999999995,1368.7806266844264,-14.460150450452337,6.59444344321336,18.68800272289199,1469.0,-1.58046329,-17.45274734,0.269323647,24.53210307222508,279.2529259265512,85926.30306860631,1.0719409042297676,334.997572143595
62.221,1368.479780196324,-15.942623525269529,2.3296365819983618,12.494750412576627,1469.0,-0.077907793,-17.45274734,1.305825949,20.38904704357823,279.2548814287239,85929.46565892264,1.0719728513033726,334.99874507192004
62.27,1366.308147886803,-36.363245259696356,1.3038056825442093,11.521686879433272,1469.0,0.914909303,-17.45298767,-1.241209388,38.16719512385432,279.26899703873573,85952.29731799159,1.0722034798803508,335.0072116238048
62.321,1365.1734085390376,-21.682621939436615,2.605235856371595,27.588676113406013,1469.0,-1.647051692,-17.45298767,-0.933348,35.18605402323883,279.2763728444962,85964.2294599271,1.0723240049382137,335.01163555168904
62.37,1364.9281294809352,-9.690202620038429,3.6650018103314643,22.767163589252505,1469.0,-1.715228558,-17.45298767,-0.000708919,25.013516405873794,279.2779671583739,85966.80882282954,1.0723500583385377,335.0125917960931
62.437,1364.9653117493037,-15.45975448056653,1.171887590236113,12.190889919459487,1469.0,-0.499761879,-17.45298767,0.861090004,19.722959365975615,279.2777254736295,85966.4178088031,1.07234610882826,335.01244683755783
62.476,1363.627725423325,-33.210174105028024,-1.1077945538104528,16.862246980243178,1469.0,0.326350689,-17.45298767,-0.533873796,37.262289866330626,279.2864197847484,85980.48496295851,1.0724881945985698,335.01766150293753
62.52,1362.2029202661395,-20.4669362367048,1.556677996747815,28.87152442582524,1469.0,-0.82147181,-17.45298767,-0.916303754,35.424336944732254,279.29568101827005,85995.47143196975,1.0726395610741182,335.0232161072008
62.578,1362.4201040490266,-17.763016137731356,0.1350676281919416,11.509057452291788,1469.0,-0.784720182,-17.45298767,0.19157131,21.166043300854394,279.2942693236813,85993.18690016637,1.0726164871487092,335.0223694219653
62.622,1361.1111161325014,-37.78475353563137,0.5155151164083931,6.651041569336185,1469.0,-0.058742408,-17.45298767,0.110611215,38.369124430206774,279.3027777451387,86006.95674146955,1.072755561708332,335.02747244433385
62.669999999999995,1361.456204278933,-25.762526565842773,-1.1580584690189206,18.457397760175525,1469.0,0.16975683,-17.45298767,-0.343724072,31.713158255694964,279.3005346721869,86003.32642847457,1.0727188961791334,335.02612714340916
62.846,1359.5803936426655,-4.965279472146349,-0.384022680166333,19.994176311968584,1469.0,-0.962620735,-17.45298767,-0.920029759,20.605061515304577,279.31272744132264,86023.06137457668,1.072918212148574,335.0334397889923
62.873999999999995,1358.3346008291323,-29.44825606608497,0.4042711815677672,5.383689917245524,1469.0,-0.89071542,-17.45298767,0.721542716,29.939060400203072,279.3208250946106,86036.17008309982,1.0730506006554728,335.038296289799
62.927,1355.7044240860582,-7.891625149600005,-0.3217571396888511,16.27150719007391,1469.0,-0.271796733,-17.45298767,-1.673704386,18.08710096713586,279.3379212434406,86063.85112134801,1.0733301465809282,335.048549332931
62.971,1355.6222171831523,-8.910505745421357,-0.2756753881766155,12.849266271874724,1443.0,-0.271796733,-17.45298767,-1.673704386,15.638949877928846,279.3384555883095,86064.71641607606,1.0733388847640903,335.04886978957853
63.025,1353.6039098475444,-26.396174198757794,-0.10791292716175555,7.318040495533709,1443.0,-0.438510597,-17.45298767,1.142322183,27.392031217587473,279.35157458599093,86085.96295730614,1.0735534378240021,335.056737402596
63.071,1353.499094205608,-24.319340116978985,-1.8208108709487407,12.61854339730116,1443.0,0.38067776,-17.45298767,0.838721812,27.45857413309441,279.35225588766355,86087.0664582145,1.0735645809858934,335.05714598195834
63.134,1353.5268429658101,-20.021870684996376,-1.5865092064887636,21.535646156705884,1443.0,0.687473893,-17.45298767,-0.638267338,29.44785853972801,279.3520755207222,86086.77431766785,1.0735616309507254,335.0570378152243
63.169999999999995,1350.0632171101797,-13.482685414976178,1.9208916474739857,9.65865878867363,1443.0,-1.351442218,-17.45298767,-0.478477687,16.696176817360584,279.3745890887838,86123.24577442308,1.0739299049902926,335.0705390169502
63.218999999999994,1350.035584338857,-19.74408381083731,1.1761902861381834,3.4404344357592,1443.0,-1.209229469,-17.45298767,0.22779265,20.076076763783593,279.3747687017974,86123.53679362721,1.0739328434653301,335.07064672721083
63.27,1344.0529281796146,-26.969428981733824,0.2158930606383278,14.074794883871537,1443.0,0.333806127,-17.45298767,0.182518914,30.421974959516888,279.4136559668325,86186.56290052041,1.0745691852949786,335.0939658116675
63.32,1341.5053374979666,-10.800008837846946,1.8164367513142774,28.66116379326328,1443.0,-0.342636824,-17.45298767,-1.052122593,30.682274090317414,279.4302153062632,86213.41260314375,1.0748402458861208,335.1038952700013
63.386,1341.626417754465,-10.012274162552982,2.057298599800953,7.904998403739101,1443.0,-1.179401994,-17.45298767,-0.117353037,12.921575414708018,279.42942828459593,86212.13635440882,1.0748273619082809,335.1034233557314
63.422999999999995,1339.2333244833708,-17.12080355358432,1.607184046652152,2.432289942532178,1443.0,-0.436380088,-17.45298767,0.588384688,17.367238964348417,279.44498339085806,86237.36363634317,1.075082029469142,335.1127503919899
63.47,1338.9521417317158,-23.279940988793545,0.302740840031356,12.429879266904464,1443.0,0.314631373,-17.45298767,0.146832556,26.39221860791082,279.44681107874385,86240.32817418972,1.0751119553305066,335.1138462794619
63.522,1337.4195819772526,-16.09834896577197,1.9484454216972686,19.932877966006128,1443.0,-0.249958813,-17.45298767,-0.914170861,25.69577597568902,279.4567727171478,86256.4875554557,1.0752750745847792,335.11981924654975
63.571,1337.6493519099845,-6.613548770059727,5.537575703123153,13.668706734339057,1443.0,-0.87793225,-17.45298767,-0.021479232,16.162837491948753,279.4552792125851,86254.06469438254,1.0752506176271062,335.1189237526905
63.626,1334.1599995110282,-9.989121947805671,6.383475014483427,4.896365474861224,1443.0,-0.375660002,-17.45298767,0.235249504,12.825977756572016,279.4779600031783,86290.86489738678,1.07562207387725,335.1325227226944
63.669,1334.4931348323944,-29.416193984936115,5.003197952087642,12.16051301706526,1443.0,-0.102419682,-17.45298767,-0.043317154,32.2214607854048,279.4757946235894,86287.35096093215,1.0755866059817853,335.13122442616697
63.727,1332.9674840175687,-24.173169551697566,2.067117728186833,19.77811371578325,1443.0,-0.139171317,-17.45298767,-0.396452308,31.30157957726345,279.4857113538858,86303.44459042362,1.0757490446769675,335.13717015840854
63.771,1332.8314949538596,-11.40143455541312,2.610976119427568,14.738115540442818,1443.0,-0.718680799,-17.45298958,-0.39804101,18.81547118466693,279.4865952827999,86304.87921594059,1.0757635245799873,335.1377001268267
63.824,1330.554987441593,-16.6100232642424,2.0124274256800625,10.143559044161389,1443.0,-0.62760067,-17.45298958,0.148972318,19.566157698043103,279.5013925816296,86328.89824832194,1.0760059456846804,335.14657187084504
63.870999999999995,1330.5371366307832,-31.395756103093607,1.1095824102725051,11.452189941187516,1443.0,0.189457133,-17.45298958,-0.202032328,33.43766332833624,279.5015086118999,86329.08661048874,1.076007846749871,335.1466414360499
63.921,1327.9207725863182,-19.1311726432066,2.8588604317175843,28.29802994552116,1443.0,-0.64571017,-17.45298958,-0.882736266,34.27759251274555,279.51851497818893,86356.69814335341,1.0762865105445094,335.1568373378123
63.973,1327.7104087066905,-12.833050553590539,2.018857174702839,24.507792223485975,1423.0,-0.883796811,-17.45298958,-0.587125421,27.737967670188443,279.5198823434065,86358.91850780344,1.0763089183858634,335.157657106838
64.019,1325.9375990399137,-17.372466143888346,0.5687912601092457,3.605372993261001,1423.0,-0.441712052,-17.45298958,0.393983126,17.7517553452795,279.5314056062405,86377.6321285835,1.0764977712457775,335.1645655062299
64.074,1326.0537692358848,-26.08396095551173,-1.4123317803000641,17.142958718145668,1423.0,0.119682312,-17.45298958,-0.191912308,31.244979337460805,279.5306504999667,86376.40574582534,1.0764853951570947,335.164112811055
64.132,1323.3388789993696,-20.562535133354803,-0.8175586192935904,20.37615283712404,1423.0,-0.163145393,-17.45298958,-0.760763526,28.959866326491735,279.54829728650407,86405.06992011957,1.0767746520323396,335.1746921092453
64.173,1322.8734794358854,-8.661804323997117,1.1387285069497235,21.478550814320787,1423.0,-0.745312393,-17.45298958,-0.608963311,23.18731769401358,279.55132238366673,86409.98444424481,1.07682424380912,335.1765056299802
64.224,1321.920983807742,-17.788179108741325,2.6092086857666934,0.8006916322591284,1423.0,-0.677668095,-17.45298958,0.243248224,17.996343880369466,279.55751360524965,86420.04330876478,1.0769257447333958,335.18021718553393
64.272,1321.857921376335,-31.20394319515455,-0.017816069231905485,14.306407998411151,1423.0,0.149509728,-17.45298958,0.220877662,34.32724425519412,279.5579235110538,86420.70931531588,1.076932465122389,335.18046291719804
64.319,1318.0975023342658,-23.216787798373865,0.16920828475331018,19.410488464231552,1423.0,0.352975219,-17.45298958,-0.109886944,30.26243429630896,279.58236623482725,86460.43086569442,1.0773332605858046,335.19511559506657
64.37400000000001,1318.0389994076568,-3.90523601127994,2.302247551359442,14.904302275578553,1423.0,-0.763421893,-17.45298958,-1.246524215,15.57849281584564,279.5827465038502,86461.04895267097,1.0773394968846661,335.19534354985046
64.429,1316.2707748525456,-20.375879132389386,2.453650252385198,3.8688028646888233,1423.0,-1.389797449,-17.45298958,0.523412764,20.884551361822346,279.59423996345845,86479.73204098377,1.077527999235731,335.2022333071709
64.468,1316.445625303796,-22.80764990799705,3.005695102330724,6.061465598771363,1423.0,-1.389797449,-17.45298958,0.523412764,23.79000762040696,279.5931034355253,86477.88442274644,1.0775093581028896,335.2015520215182
64.519,1313.5812700377305,-23.776931578819074,-2.410524765370253,16.86433419651644,1423.0,0.712502003,-17.45298958,0.36415571,29.249937997200966,279.61172174475473,86508.15565844651,1.077814763447523,335.2127124939694
64.568,1313.2146793014067,-16.430322697489146,-1.093904220054166,20.89133343686781,1423.0,0.432337433,-17.45298958,-1.058504939,26.600750800619714,279.6141045845408,86512.03050193739,1.077853855127941,335.21414082551684
64.62100000000001,1311.893984167073,-16.695110953636306,3.8317985177379166,3.6974791539805807,1423.0,-1.148515105,-17.45298958,0.240585059,17.523719974049072,279.622689102914,86525.99134052376,1.077994697445476,335.21928654209034
64.681,1311.5420464937931,-28.644457771672297,-0.2742447989699419,11.81931401570672,1423.0,0.342322588,-17.45298958,0.327404112,30.988326109113423,279.6249766977903,86529.7119202847,1.0780322313576272,335.2206577547705
64.721,1309.7832955525882,-16.84268827691655,0.04320030955639492,21.227315922178988,1423.0,-0.321337193,-17.45298958,-1.155444026,27.09754520099785,279.6364085789082,86548.30685023703,1.0782198159251832,335.2275100817441
64.771,1309.6980421882697,-10.961553143614157,1.7604302377613643,12.707476950490678,1423.0,-1.104305387,-17.45298958,-0.576474547,16.87408463856792,279.63696272577624,86549.20829961328,1.078228909498965,335.22784223660136
64.825,1307.9816673553298,-15.926453821716564,2.024397848677136,8.649231092091897,1423.0,-0.871012568,-17.45298958,0.436591923,18.236208939069765,279.6481191621903,86567.35846789589,1.0784119995790136,335.23452931896713
64.872,1307.8480847781177,-28.90067540878897,0.7455751459219246,7.135349357197693,1423.0,0.332203656,-17.45298958,0.045107242,29.77781274425067,279.6489874489422,86568.77119434059,1.0784262501706832,335.2350497577877
64.92500000000001,1303.3059458775506,-20.900926129533097,2.326767471836792,20.805304746067925,1423.0,0.068018079,-17.45298958,-0.791125357,29.582482409644964,279.6785113517959,86616.8185074136,1.0789108913658791,335.2527454875593
64.971,1303.3431184612532,-10.516755124087735,3.4524809245494703,18.77450744368641,1403.0,-0.786324024,-17.45298958,-0.701110482,21.794584020518492,279.67826973000183,86616.4252035593,1.0789069244162224,335.25260067059264
65.02000000000001,1301.258998023822,-14.606546502334323,2.811824230401129,9.307135503316978,1403.0,-0.345304519,-17.45298958,0.322075993,17.54651895689368,279.69181651284515,86638.4784348448,1.0791293528932868,335.26071989127666
65.07000000000001,1301.372441563692,-20.10426543990987,5.5507739699405105,2.307915578922495,1403.0,0.16868557,-17.45298958,-0.178065658,20.983780757126603,279.691079129836,86637.27790899837,1.079117244689386,335.2602779482043
65.12100000000001,1298.7241599357083,-29.084243104633856,5.128871666428815,17.284792212024005,1403.0,-0.58339113,-17.45298958,-0.332529008,34.219330258685424,279.70829296041785,86665.30708654803,1.0793999316481724,335.2705947320807
65.171,1298.711491814208,-11.775448685260132,3.1963876921723795,18.46084844056125,1403.0,-0.265409708,-17.45298958,0.11381679,22.12873722477716,279.7083753032076,86665.44118246484,1.0794012840244545,335.2706440819119
65.22200000000001,1296.4072656982296,-12.281367029720506,2.3306841258580198,11.761836510490362,1403.0,-0.04063889,-17.45298958,0.063216731,17.16405729169932,279.7233527729615,86689.83491100349,1.0796472916031705,335.27962028562075
65.27000000000001,1296.5157030325315,-26.04259979503776,0.2648485572214987,8.607054371138465,1403.0,0.008891946,-17.45298958,-0.82573998,27.429337100821392,279.72264793028853,86688.68681268903,1.0796357134764163,335.27919786909695
65.322,1293.2398032345598,-23.857395930294214,1.4858299865378575,21.134866783988834,1403.0,-1.069155693,-17.45298958,-0.472604811,31.907140663191186,279.74394127897534,86723.37637956339,1.0799855314459956,335.2919588683597
65.37100000000001,1293.5957095421618,-13.556367954175283,3.1952021855161927,23.760488006933024,1403.0,-1.044121981,-17.45298958,-0.008682137,27.541699646952186,279.74162788797594,86719.60702791554,1.0799475216831398,335.2905724880151
65.42,1291.4169088590288,-16.746630658590615,-0.8585429371931963,6.087698021540971,1403.0,0.130332083,-17.45298958,-0.094968557,17.839473131001526,279.7557900924163,86742.68446721377,1.0801802273312409,335.29905959372945
65.47800000000001,1292.0541129387732,-30.074961546503694,1.0775862047342915,2.9532631230146182,1403.0,-0.250499964,-17.45298958,-0.619611323,30.23882053133137,279.7516482658979,86735.93480927302,1.0801121671198612,335.2965775080569
65.527,1288.7971283402844,-31.171075305268957,1.4445967079377309,10.813387605176281,1403.0,-0.521077096,-17.45298958,-0.497105896,33.02502304064469,279.7728186657881,86770.4392645542,1.080460082387042,335.30926416849906
65.571,1287.1496796213762,-10.597831342562907,-0.14488884163945048,15.239499892459017,1403.0,-0.422540158,-17.45298958,-0.02359584,18.562795557622746,279.78352708246103,86787.89654865862,1.0806360976173983,335.31568115527887
65.619,1287.2942920370597,-14.797461780693068,-0.40128147722143226,8.310302292643877,1403.0,-0.241445214,-17.45298958,-0.105088569,16.976072165555706,279.7825871017591,86786.36404111063,1.0806206461898682,335.31511787956106
65.673,1284.463050395672,-28.398685939080107,0.7006913909662139,7.407076309132183,1403.0,-0.370874852,-17.45298958,-0.211615011,29.357130495693674,279.8009901724281,86816.37166873296,1.080923187090255,335.32614559648295
65.71900000000001,1284.0496198000094,-23.29585031911301,-0.9028582068783274,12.653825188453736,1403.0,-0.279794723,-17.45298958,-0.169004425,26.526045444660454,279.8036774712999,86820.7542199255,1.0809673708901693,335.3277558827949
65.77000000000001,1284.730116359558,-9.115955055466706,0.47350306693887173,25.615248767111655,1403.0,-0.380462229,-17.45298958,-0.355425715,27.193120658150008,279.79925424366286,86813.54074403053,1.080894646180222,335.3251053871463
65.827,1283.3422323387126,-12.094374873712859,1.5918307135953467,-1.3296201996150447,1403.0,-0.680336773,-17.45298958,-0.279255033,12.270929813256481,279.80827548979835,86828.2532622512,1.0810429734005773,335.33051109477833
65.87,1283.373213963083,-27.357007941517452,2.279646952793585,-3.3138038120368467,1403.0,-0.836398005,-17.45298958,0.276280373,27.65111154088204,279.80807410923995,86827.9248138495,1.081039662133946,335.3303904245487
65.91900000000001,1282.5147113207358,-22.992550442542694,-2.0866672075028334,12.036077342988214,1403.0,0.432331979,-17.45298958,0.342859417,26.036104042159074,279.8136543764152,86837.02651078773,1.0811314203995492,335.33373418767457
65.97,1281.9437352131076,-13.988842395552881,-0.9214656774637757,20.608042655544363,1382.0,0.685332298,-17.45298958,-0.196697041,24.924450498558585,279.81736572111475,86843.08032875857,1.0811924506248205,335.3359580515403
66.021,1280.8656357476182,-7.404468264186946,-0.4726184018937175,11.942348358599016,1382.0,-0.499241799,-17.45298958,-1.131999135,14.059487997338055,279.8243733676405,86854.51189284389,1.0813076931993246,335.34015704244797
66.07000000000001,1279.2735478786008,-13.854695961994096,2.8345120278762144,4.16331641498628,1382.0,-1.181011081,-17.45298958,-0.330387741,14.741786262416257,279.8347219387891,86871.39573096242,1.0814778953357902,335.3463578235809
66.126,1279.378428932684,-23.118393942812382,1.5772206724026057,12.485888082727662,1382.0,0.388123482,-17.45298958,0.440863729,26.321952145669574,279.8340402119375,86870.28340233435,1.0814666823972592,335.3459493418272
66.17,1279.7211031760064,-18.77064044851175,-1.2323412119502788,16.032523224684216,1382.0,0.623014331,-17.45298958,-0.177522287,24.716338900816503,279.83181282935595,86866.6492098465,1.0814300473707368,335.3446147200418
66.22200000000001,1275.9223705353888,-0.9620748181598755,2.175246693611073,18.46149557201109,1382.0,-0.573277652,-17.45298958,-1.15650022,18.614083509246118,279.85650459152,86906.94311711854,1.0818362198874731,335.3594094403706
66.27000000000001,1275.8813981444519,-7.446695632711493,1.279280094449695,10.585707903845865,1382.0,-1.369030237,-17.45298958,-0.514678478,13.005654356157727,279.85677091206105,86907.37780184476,1.0818406014212765,335.3595690097868
66.321,1273.4263011907797,-21.33416010747699,1.8071852707036578,-1.3445276491798095,1382.0,-0.337321609,-17.45298958,0.894666374,21.452740167482563,279.8727290422599,86933.42765608926,1.0821031710528313,335.3691303924871
66.369,1270.8910574715553,-19.263977815966758,-0.2865411995473075,12.699284394978271,1382.0,0.886667252,-17.45298958,-0.343170911,23.074981501566494,279.8892081264349,86960.33454441246,1.0823743634474714,335.3790036209339
66.424,1270.833726381911,-10.799905748197162,2.0132223697300535,17.685438304005846,1382.0,0.089849435,-17.45298958,-1.314159393,20.819840452912235,279.88958077851754,86960.94308506991,1.0823804966958852,335.3792268872102
66.473,1269.2717611638043,-6.160071603367195,4.048217001734146,13.709632491406285,1382.0,-1.068625689,-17.45298958,-0.91095686,15.56562128863359,279.89973355243524,86977.52388640727,1.0825476051053526,335.3853096405941
66.525,1269.451522212392,-10.438187729389403,4.154675323323296,5.4115223431668,1382.0,-1.186870098,-17.45298958,0.273084581,12.470030640972801,279.8985651056194,86975.61553032258,1.082528372184971,335.3846096036538
66.57000000000001,1267.5161715514203,-24.19648933767206,3.3534137855064348,9.498534619076509,1382.0,0.733801782,-17.45298958,-0.037972637,26.209495229681497,279.91114488491576,86996.16313322695,1.0827354521728043,335.3921462928151
66.619,1267.0454183861357,-26.56771543622864,3.3567695053946305,16.64961090604739,1382.0,0.756704986,-17.45298958,-0.622270167,31.532855061594738,279.9142047804901,87001.16171020067,1.0827858267272876,335.3939794855232
66.671,1261.8466365981883,-10.523589599905435,4.309130166826593,19.37211186406758,1382.0,-0.713892579,-17.45298958,-1.345052123,22.46315336135692,279.9479968621118,87056.37916635087,1.0833422594212072,335.4142237576947
66.72500000000001,1261.5610019400451,-11.667050394494158,3.6741651074045807,8.78310636376677,1382.0,-1.447327256,-17.45298958,0.347653091,15.05863577955772,279.9498534873897,87059.41377989396,1.0833728376260472,335.4153359955047
66.77000000000001,1257.9754466383638,-16.859693437003116,3.0531844020735575,6.401579561098944,1382.0,-0.906705439,-17.45298958,0.932483256,18.29074680432352,279.9731595968506,87097.51439448765,1.083756740229134,335.42929753852206
66.82300000000001,1258.0422379862,-28.288123966903846,-0.40242169323512617,15.164258626518786,1382.0,0.580401778,-17.45298958,-0.925867379,32.09882615420781,279.97272545308965,87096.80453684651,1.083749587980587,335.42903746967573
66.87100000000001,1256.9254093918544,-16.053864441353618,1.623550824655875,23.599192164763572,1382.0,-0.610563874,-17.45298958,-1.348244786,28.58818552498632,279.97998483895293,87108.67479347478,1.083869186595796,335.43338609510835
66.91900000000001,1257.0942321609782,-8.462154478943138,2.4417162937516985,17.615031418677788,1382.0,-1.379152179,-17.45298958,-0.348494053,19.694145545457804,279.97888749095364,87106.88036999699,1.0838511071044983,335.4327287489841
66.971,1255.0910046697215,-20.77350101652613,2.1519737179967886,2.1471764720557993,1355.0,-0.817757845,-17.45298958,0.640071332,20.99475415832991,279.9919084696468,87128.17467905021,1.084065650706963,335.44052864359867
67.019,1255.1432442945472,-27.128458704318486,-1.5069978163151028,15.47483425989829,1355.0,0.452037424,-17.45298958,0.13034232,31.26811170284534,279.9915689120854,87127.61931829384,1.0840600554843685,335.4403252423593
67.07000000000001,1254.63775706979,-20.995204824843544,-0.5450494906511519,23.09999462829723,1355.0,0.284258276,-17.45298958,-0.88378948,31.22027316363125,279.9948545790463,87132.99328593224,1.084114197565197,335.4422934122669
67.12400000000001,1254.6163397127195,-8.576383595214631,1.075438135154065,12.766038594990794,1355.0,-1.023886561,-17.45298958,-0.887517869,15.416960276384085,279.9949937918673,87133.22098541517,1.0841164915962074,335.4423768028388
67.171,1255.0302390796842,-15.068172207286539,1.7025857466488517,9.306033085145335,1355.0,-1.314171076,-17.45298958,-0.440106779,17.791876339356506,279.99230344598203,87128.82068316209,1.0840721591467841,335.4407652415502
67.22500000000001,1253.1081873027103,-28.027342117656623,0.851368682721305,13.179988093907813,1355.0,0.127131745,-17.45298958,0.656582952,30.983363616135016,280.00479678253237,87149.25617929088,1.0842780403992187,335.44824888944686
67.27000000000001,1251.3713012074004,-15.344734652186956,-1.9127767831403513,18.335900495048467,1355.0,0.461092174,-17.45298958,-0.926400065,23.98593011605901,280.01608654215187,87167.72630870553,1.084464113292236,335.45501143774044
67.321,1251.7473520548294,-9.729176588077756,1.3857683078972405,11.49811404960777,1355.0,-1.201253057,-17.45298958,-0.691509247,15.125602718006323,280.01364221164357,87163.7270972746,1.084423824831289,335.4535472991651
67.369,1249.7013683372209,-13.208441518616437,4.190740821629116,6.824364245038111,1355.0,-1.276354194,-17.45298958,-0.131712735,15.446591317625185,280.026941105808,87185.48744300936,1.0846430365089283,335.4615131757905
67.42,1249.810996945401,-33.63118542182318,2.2225483988879056,11.385061763375024,1355.0,-0.132260144,-17.45298958,0.378016323,35.575496983433915,280.0262285198549,87184.32136110294,1.084631289773393,335.4610863502264
67.471,1247.1521665852588,-18.79207605833538,0.35325969137687946,21.945131118240354,1355.0,-0.141314894,-17.45298958,-0.628658593,28.893869501826416,280.0435109171958,87212.60598904989,1.084916211623451,335.47143802758154
67.522,1247.1759696862339,-7.918650374095666,3.7287767793815356,19.18991873468812,1355.0,-0.562627017,-17.45298958,-0.44170469,21.091746752261997,280.04335619703943,87212.35273878819,1.084913660614941,335.47134535591
67.57000000000001,1244.7161923414951,-18.82744848885307,1.5891275558382105,6.827590930016745,1355.0,-0.582334399,-17.45298958,-0.075253725,20.090150345300728,280.0593447497803,87238.52639621697,1.0851773023375348,335.48092177438974
67.62100000000001,1244.8023122365403,-28.82988973995782,1.9005105003048557,10.247513778633563,1355.0,-0.306430876,-17.45298958,-0.160474882,30.655929625819194,280.05878497046245,87237.60991615421,1.0851680710817309,335.48058649656576
67.67,1241.6872178405679,-19.329787124100594,1.5952856779600035,25.01486441984826,1355.0,-0.54398489,-17.45298958,-0.31440559,31.653262842884615,280.07903308403627,87270.76542601554,1.0855020185912012,335.49271381876787
67.727,1241.1690170728025,-14.835473911836536,3.081798652451229,10.74281191101754,1355.0,-0.277668744,-17.45298958,-0.08750426,18.574088857290764,280.08240138902676,87276.2818860648,1.0855575789019083,335.4947311750338
67.772,1238.5792585810696,-26.135229532508152,3.2519753224151415,5.98633826889268,1355.0,-0.251569748,-17.45298958,-0.297893971,27.008550721652806,280.099234819223,87303.85516085934,1.0858352795382138,335.5048129264335
67.82000000000001,1238.6983871942457,-30.14934638317771,1.4205522193578555,22.168129418983128,1355.0,-0.543454528,-17.45298958,-0.282443941,37.44899221444469,280.0984604832374,87302.58663841768,1.0858225041463268,335.50434917359655
67.869,1235.3741071281167,-20.62629463428033,3.7718974721154326,27.201069389048186,1355.0,-0.517355502,-17.45298958,-0.192961723,34.34486012183055,280.1200683036672,87337.99031891864,1.0861790442098047,335.5172899407641
67.946,1235.34923391479,-25.634045634181465,3.6332315938052995,10.368398998485855,1355.0,-0.271812081,-17.45298958,-0.427319914,27.889215929841505,280.12022997955387,87338.25526318376,1.0861817122819748,335.5173867654005
67.974,1233.8601294498715,-35.16937250163417,4.186262778211905,18.97580762510774,1355.0,-0.65583992,-17.45298958,-0.616936982,40.180727136676374,280.1299091585758,87354.11807824906,1.0863414530182733,335.5231833920823
68.02000000000001,1234.043807104277,-29.842608679893964,2.955354349741619,26.485266082373467,1355.0,-0.71762526,-17.45298958,-0.138100594,40.00980794265253,280.1287152538222,87352.16130990727,1.0863217483895269,335.5224683967581
68.07600000000001,1231.2756027017394,-21.782750809057806,2.3899768993875767,13.490530056537446,1355.0,-0.164220348,-17.45298958,-0.055009976,25.73314251302112,280.1467085824387,87381.65551298516,1.0866187456797864,335.5332439237946
68.12,1230.9353796673356,-24.71248173589762,1.8827960012464966,11.659342022238087,1355.0,-0.201504603,-17.45298958,-0.26433444,27.38963181061239,280.1489200321623,87385.28102106602,1.086655252082248,335.53456825389105
68.16900000000001,1229.058240067427,-29.986956660733483,2.825396206630809,31.224391151739965,1355.0,-0.544519782,-17.45298958,-0.447559953,43.38390296289638,280.1611214395617,87405.28651511384,1.0868566886296915,335.54187499165687
68.22200000000001,1229.3875790683696,-18.27582186618644,2.3182472805524093,27.613501764185834,1355.0,-0.591391385,-17.45298958,-0.26806289,33.19465943520225,280.1589807360556,87401.77633775848,1.0868213450730537,335.5405930560394
68.27300000000001,1227.5444834143777,-31.514523681515584,1.4225552302505833,8.41197123409087,1355.0,-0.305367887,-17.45298958,-0.067260511,32.64889165498719,280.1709608578065,87421.4219799074,1.0870191512243081,335.5477671508584
68.322,1227.2371784785712,-40.44143242697363,2.8670369060923924,16.89383931975821,1355.0,-0.31016326,-17.45299149,-0.339965463,43.92187569228093,280.17295833988925,87424.69790525029,1.0870521347234048,335.548963294556
68.37,1223.3608983909294,-22.54355905594091,1.2262102625889597,28.752130957253183,1355.0,-0.823620737,-17.45299149,-0.391630769,36.556814427679704,280.19815416045896,87466.02827673737,1.0874682474157122,335.56405083450704
68.423,1223.6491353376525,-28.32711444755364,-0.5565425178005619,15.029325582123843,1355.0,-0.159428343,-17.45299149,0.191068873,32.07204047067171,280.19628062030523,87462.95444047387,1.0874373014307486,335.5629289609954
68.47,1220.2289139511074,-36.26335532114358,1.1542396138499078,19.829457327344645,1355.0,-0.029466081,-17.45299149,-0.451285601,41.34695377087259,280.2185120593178,87499.43424021035,1.0878045501149178,335.5762408772082
68.519,1220.6921521137394,-30.525606615258596,-1.3158941368194563,22.103683724170665,1355.0,-0.167950451,-17.45299149,-0.703753293,37.710967513271285,280.2155010112607,87494.49265889122,1.0877548040358789,335.57443792904627
68.569,1217.9376294334181,-10.087296579967731,2.553135235891959,14.905739336464386,1355.0,-0.767694354,-17.45299149,-0.277647495,18.178369481105932,280.23340540868276,87523.87978305153,1.0880506314759033,335.58515853891294
68.622,1218.2508818441954,-37.321714266749645,1.1800329584079488,13.599797620253934,1355.0,-0.469420284,-17.45299149,0.417437583,39.73987077109962,280.2313692680127,87520.53739024424,1.088016986008975,335.5839393769259
68.66900000000001,1214.632114326853,-40.47091729730559,2.2714900788739003,14.437006723814775,1355.0,-0.469420284,-17.45299149,0.417437583,43.028850521565694,280.25489125687545,87559.15581961919,1.0884057150877229,335.59802316074587
68.71900000000001,1214.5714616123519,-18.24365438329975,-0.8348785874050557,22.82935412646943,1355.0,-0.333066434,-17.45299149,-0.992439926,29.23537852234423,280.2552854995197,87559.80320521398,1.0884122313255011,335.5982592083755
68.769,1212.7926630337206,-30.06598672009246,3.4131682024664007,7.697003124002738,1355.0,-1.112840056,-17.45299149,0.192666769,31.222702184820772,280.26684769028077,87578.79119503507,1.0886033502170436,335.6051818451156
68.819,1212.9809425677875,-33.652874873639554,-1.0707848537600895,17.215866735780114,1355.0,0.055755071,-17.45299149,0.463243932,37.815983855084646,280.2656238733094,87576.78122574705,1.0885831197439353,335.60444911527446
68.869,1210.764165524308,-22.80630975000267,-0.23582437938354472,29.113004627579006,1355.0,-0.388460189,-17.45299149,-1.093640089,36.98310987459566,280.280032924092,87600.44869381152,1.0888213287634667,335.6130760730351
68.92,1209.339040340582,-24.93390252424164,1.2056474252990244,12.833885159072922,1355.0,-1.194865346,-17.45299149,0.159110934,28.06887402584553,280.2892962377862,87615.66680853267,1.0889744900181453,335.61862206838157
68.97200000000001,1209.2844615757951,-33.40923537620125,2.022351227167241,2.3677442732545937,1355.0,-0.701647937,-17.45299149,0.576694608,33.55403292976825,280.2896509997573,87616.24966719357,1.088980356042538,335.6188344644449
69.02000000000001,1209.644446070375,-28.955278765674077,-2.014608567703711,19.654018129783893,1355.0,0.489850342,-17.45299149,-0.572193086,35.05349119167498,280.2873111005425,87612.40537135753,1.0889416660229552,335.61743356383477
69.07000000000001,1207.8386982487805,-13.180530259848936,1.1868678116566058,21.37318133256055,1355.0,-1.150656939,-17.45299149,-0.522658288,25.13857421190897,280.2990484613829,87631.69043565431,1.0891357528047156,335.62446067766865
69.126,1207.799529894478,-9.240739941010863,1.754277327025445,19.398113040968056,1355.0,-1.150656939,-17.45299149,-0.522658288,21.558189932081124,280.29930305568587,87632.1087847691,1.0891399630212457,335.6246131006909
69.17,1205.6459937222025,-44.43803165093849,1.6143977521576711,14.360366630659602,1355.0,0.474404007,-17.45299149,-0.129043102,46.72863219567789,280.31330104080564,87655.11274945865,1.0893714663437688,335.6329934456214
69.223,1203.6392183893618,-17.88765722099522,0.22150154309341247,24.226329573071265,1355.0,-0.708039522,-17.45299149,-1.000429511,30.11531816820939,280.32634508046914,87676.55342329647,1.0895872268825793,335.6408024920214
69.27600000000001,1204.2556392682047,-6.131490578225069,2.6664414909935945,16.995461302340672,1355.0,-0.969029307,-17.45299149,-0.760744929,18.263372958331498,280.32233834475664,87669.96704289467,1.0895209482717072,335.63840380773973
69.321,1202.0160891498779,-24.892257608540348,2.6720390032336128,0.2015179963166116,1355.0,-0.652648032,-17.45299149,0.705595315,25.036071792267574,280.33689542052576,87693.89827384448,1.0897617632259942,335.64711850788575
69.37100000000001,1201.9800749848698,-33.38439086084426,1.1981052274094361,14.7499910140188,1355.0,0.700770438,-17.45299149,0.16337572,36.517327999173254,280.3371295125983,87694.28315474761,1.089765636099572,335.64725864697283
69.423,1201.4561963033798,-20.50455876145256,-1.7286004565873416,21.551862261865846,1355.0,0.881865382,-17.45299149,-0.508806169,29.797781066629984,280.34053472402803,87699.88196483125,1.0898219738984027,335.64929716825736
69.47,1199.9602848030431,-6.272209747329557,2.031618760484712,15.300473795138844,1355.0,-1.038806438,-17.45299149,-1.356223941,16.660509843884725,280.3502581487802,87715.87070301025,1.0899828561590497,335.655118003957
69.52000000000001,1198.7118536398843,-21.27425785028021,3.363791263767589,4.697392749501208,1355.0,-1.371168971,-17.45299149,0.858993411,22.044832441855277,280.35837295134075,87729.21610603582,1.0901171363179272,335.65997577601553
69.57000000000001,1198.6074005465669,-34.2840230548155,0.17854298829100745,8.49196488962053,1355.0,0.500500739,-17.45299149,1.256869674,35.32052635661503,280.3590518964473,87730.33275684809,1.0901283717745598,335.66038221039025
69.62400000000001,1195.1666897999162,-19.455461352556405,-1.2935345306669763,25.100261971623887,1355.0,0.630995631,-17.45299149,-1.692314982,31.783822285354415,280.38141651630053,87767.12194500862,1.0904985200219597,335.67376998420013
69.67800000000001,1195.1030473631245,-9.119295371144633,0.6284690752974418,15.72023161450941,1355.0,-1.32962358,-17.45299149,-1.689651728,18.18466946245123,280.38183019213966,87767.8025481033,1.0905053675177185,335.6740176113057
69.73100000000001,1195.1677425983924,-9.99457206932765,2.1901325371745775,11.131978757669582,1355.0,-2.018316984,-17.45299149,-0.908280373,15.119824815141937,280.38140967311045,87767.11068623776,1.0904984067482408,335.67376588785265
69.77000000000001,1191.6752372358926,-23.979964620824,-0.8865914845846466,9.307305165225133,1355.0,-0.391125649,-17.45299149,1.433171034,25.738117202218486,280.4041109579667,87804.46644983366,1.0908742253045298,335.6873546481578
69.821,1188.032745165314,-23.67877191438453,-1.2042288940505943,19.711247080094417,1355.0,1.053905606,-17.45299149,-0.93065089,30.8328991185591,280.42778715642544,87843.44018269118,1.0912662890553133,335.70152639592317
69.87,1187.9608718057225,-12.626569541061592,0.3160813551050271,16.880563817687722,1355.0,-1.344539762,-17.45299149,-1.358883142,21.08277971713733,280.42825433326277,87844.20935014634,1.091274026309983,335.7018060256875
69.921,1188.2169139518355,-14.469107219604778,1.3901970522028515,12.12137225340438,1355.0,-1.600735903,-17.45299149,0.547407687,18.926578583620817,280.42659005931307,87841.46928765177,1.0912464632527574,335.70080986964587
69.971,1185.3205528577687,-35.56150266103588,4.115543384702879,2.3454032354320833,1355.0,0.547369778,-17.45299149,0.77058059,35.87560571194595,280.4454164064245,87872.4690434998,1.0915582889501236,335.71207826238515
70.019,1183.127570420735,-23.07638400222756,-1.7003840237558294,20.27045918851059,1355.0,0.828067005,-17.45299149,-1.030781627,30.762027243983475,280.4596707922652,87895.94642916229,1.091794433403367,335.72060988459975
70.07600000000001,1183.009188265555,-15.81657001424268,-1.0462131208909178,18.175878477691455,1355.0,0.123394571,-17.45299149,-1.47393167,24.116820008980714,280.46044027627386,87897.21393605298,1.0918071821271496,335.721070434708
70.119,1179.4115230983261,-15.193492399663308,1.2030904896785897,10.76376587001893,1355.0,-1.550135851,-17.45299149,-0.047009878,18.6587323719905,280.48382509986084,87935.74086755751,1.092194673556851,335.73506637359327
70.17,1179.3519806686545,-21.855683981476286,-1.0025715471475505,5.69421884406086,1355.0,0.530858219,-17.45299149,0.59587723,22.607525301309888,280.4842121256537,87936.37861475286,1.0922010875402954,335.73529800564086
70.22200000000001,1178.1204590187274,-23.574771370612606,0.482824861476996,17.407092403607038,1355.0,-0.027340354,-17.45299149,-1.334914684,29.30886949323071,280.4922170163783,87949.57003956732,1.0923337550224141,335.7400888371419
70.271,1178.2242698926882,-14.517316107024918,0.8526808922570615,23.159325658191996,1355.0,-0.582343161,-17.45299149,-1.325859904,27.346551822807488,280.49154224569753,87948.4580091825,1.0923225713674576,335.73968499758627
70.34100000000001,1178.0687812469214,-3.0404642200597456,2.6537263604697783,20.110475356370173,1355.0,-1.271036625,-17.45299149,-0.538629413,20.51140915024825,280.49255292189497,87950.12362023667,1.09233932235594,335.7402898710876
70.37100000000001,1175.8215587458276,-15.828685121320511,-0.2811941280690745,5.806361441845591,1355.0,-0.687804341,-17.45299149,0.605464637,16.862389391806996,280.5071598681521,87974.19896111765,1.0925814404239427,335.74903177256414
70.424,1172.828165256174,-25.08818552877204,-2.5560767306749157,9.98361453289851,1355.0,0.441908658,-17.45299149,-0.794825494,27.12237343081698,280.52661692583484,88006.27660103283,1.0929040154884881,335.7606759940557
70.47,1172.783834159234,-18.526547122110394,-0.28786737064123774,19.217253745235965,1355.0,-0.074744619,-17.45299149,-1.157015443,26.69491819428639,280.52690507796495,88006.75173067323,1.0929087932583352,335.7608484378156
70.524,1170.6656637976596,-6.793803156710839,0.7520786986573262,18.23760838119399,1355.0,-1.235882878,-17.45299149,-0.252073258,19.476440721212526,280.5406731853152,88029.4561730564,1.0931370970164798,335.76908781628873
70.57000000000001,1170.2683795557286,-13.413795201830576,0.7857022321408654,6.288008221335387,1355.0,-0.385801822,-17.45299149,0.569245636,14.835305089745392,280.54325553288777,88033.7151486826,1.0931799217549476,335.7706331724107
70.62,1167.709413958711,-18.732315788627243,-0.11945977197761076,4.490579835225283,1355.0,0.172929361,-17.45299149,0.481893927,19.263416952828134,280.55988880926833,88061.15182897182,1.0934557928849282,335.78058686556113
70.671,1167.9269136602184,-22.410934814172016,-1.5770078530427964,9.629083317798603,1355.0,0.388645411,-17.45299149,-0.625448465,24.44291714494678,280.5584750612086,88058.81957461165,1.0934323431020745,335.77974086124954
70.71900000000001,1166.8798799084527,-9.006404520487422,0.7461562569240929,18.625050891766,1355.0,-0.445989281,-17.45299149,-0.956213057,20.701801667180487,280.56528078059506,88070.04740106793,1.0935452328308952,335.78381346827564
70.769,1166.6525602152524,-1.3220688528504692,1.417091119092985,15.400718545777927,1355.0,-0.924825668,-17.45299149,-0.595621049,15.52218235357895,280.56675835860085,88072.48520826876,1.0935697433033762,335.7846976584414
70.821,1165.3231816276138,-10.492892374034742,0.6124583918378268,3.9272736360146223,1355.0,-0.522688329,-17.45299149,0.582028806,11.220489020846843,280.5753993194205,88086.74273856982,1.0937130903664354,335.78986840656097
70.87,1165.423827805203,-14.810176592873503,-0.8025631629716455,1.2410132523853608,1355.0,0.011538428,-17.45299149,0.659798563,14.88373448551315,280.57474511926614,88085.66324709599,1.0937022371732998,335.78947693618915
70.92200000000001,1165.451207744258,-21.206524702412597,-1.3847922532955557,1.5414557595405494,1355.0,0.732722461,-17.45299149,-0.052330688,21.307520395330936,280.5745671496623,88085.36958244896,1.0936992846684073,335.7893704399155
70.973,1162.3568129745036,-9.997541163057818,-0.8206362852314407,19.34169034654666,1355.0,0.356684119,-17.45299149,-0.841159046,21.788190807897983,280.59468071566573,88118.56365758412,1.094033006103485,335.80140610069606
71.02900000000001,1161.8593264326146,-0.43308128613903607,0.43519884209582005,11.559738395309099,1355.0,-0.516300082,-17.45299149,-1.056342363,11.576031668950666,280.59791437818797,88123.90122148079,1.0940866658416477,335.80334103633095
71.07000000000001,1161.4300521352084,-3.040516747899213,-0.4020964443374161,4.937106671380414,1355.0,-0.834281564,-17.45299149,-0.892291725,5.812180823872687,280.60070466112114,88128.50714239574,1.0941329697102535,335.80501065672735
71.12100000000001,1159.9740440951769,-2.9967793706971864,2.1073646397240138,-5.572836725716762,1355.0,-1.032420754,-17.45299149,0.331697166,6.66919646530921,280.6101687133813,88144.13090831912,1.0942900338502768,335.81067359577264
71.16900000000001,1159.9691564012135,-10.033307582302657,0.5011849017269097,-8.191209777143385,1355.0,-0.368228346,-13.13653946,1.032108545,12.962035525332444,280.6102004833921,88144.18335973666,1.0942905611301557,335.8106926056119
71.22,1157.2100260188317,-6.3300343952091085,-0.640640767990023,-1.4081811797395698,1355.0,-0.06516061,-10.20280075,1.126384497,6.516343320690978,280.62813483087757,88173.79651048791,1.0945882445753137,335.8214235936784
71.27000000000001,1157.4291640055706,-12.72848996336445,-0.19839243604479878,-0.9659329389908526,1355.0,0.962819576,-9.325555801,0.203865409,12.766630046679383,280.62671043396375,88171.44425531739,1.094564599444415,335.8205713206042
71.321,1155.6754167891752,-14.82998621322471,-0.26590659607156886,2.68912404859224,1355.0,1.08053124,-8.351903915,-0.196674019,15.074169481301,280.6381097908703,88190.27062614633,1.094753840856916,335.82739194660263
71.37100000000001,1155.5083097909403,-13.829414916577178,0.5427798837550912,7.604152010179941,1355.0,1.043246984,-7.234442234,-0.380964756,15.791467782666063,280.63919598635886,88192.06467955618,1.0947718741598969,335.8280418473687
71.42,1155.195421881141,-5.51868357967249,0.43455219655844946,6.814732127407877,1355.0,0.771604657,-6.414721012,-0.770851552,8.77982220961254,280.6412297577726,88195.42390991357,1.0948056399785462,335.82925870560484
71.46900000000001,1155.157016846211,-1.297211868705558,0.28584020359484785,8.863104134679256,1355.0,0.601162314,-6.319912434,-0.89122647,8.962091170952807,280.6414793904996,88195.83624157899,1.0948097845765987,335.8294080670424
71.524,1155.2762950653103,-1.8264305656255522,-0.4592490738468343,8.804005406140142,1355.0,0.197959706,-6.356664181,-1.141030908,9.003181077498402,280.64070408207544,88194.55562848279,1.0947969123381538,335.8289441806106
71.569,1152.7735550901425,3.9799521031847918,1.1160668554957343,10.983758823647596,1355.0,-0.293659836,-6.828043938,-1.192696214,11.735782115634118,280.65697189191405,88221.42908567323,1.0950670267088802,335.838677484002
71.62400000000001,1149.5642270961766,2.943079537374312,0.21351394607314067,6.281880350832995,1355.0,-0.644664466,-7.202484131,-0.994557142,6.9404125317347525,280.6778325238748,88255.899315052,1.095413475935477,335.85115833709665
71.67,1149.3907506859273,6.398359992748862,1.1215198987308908,6.273635119871345,1355.0,-1.113913536,-7.608882427,-0.328766793,9.03079814287429,280.67896012054143,88257.76287296809,1.0954322052251344,335.85183296156356
71.724,1146.9355744602199,9.024557173036607,1.3059786478084103,2.673160048390621,1355.0,-1.06224823,-7.450158119,0.121307418,9.502315351652443,280.6949187660085,88284.14084454611,1.0956973033091302,335.8613806386436
71.77000000000001,1146.8415352223733,9.63560413410547,1.3845446692147048,0.09411735069555308,1355.0,-1.015909195,-7.412341118,0.253400236,9.735023833866213,280.69553002105454,88285.15131212017,1.0957074581882031,335.8617463325664
71.821,1143.2681593253667,4.185166615486541,0.4098273208836955,-2.617160176938893,1355.0,-0.835346818,-7.540173054,0.554870009,4.953090492216005,280.7187569643851,88323.55478232463,1.0960933845119711,335.87564195886165
71.87100000000001,1140.0189738313318,1.61864232588509,-0.602427894033241,-3.643806983363522,1355.0,-0.302183867,-8.555903435,0.999621093,4.032400237906052,280.7398766700963,88358.48588271093,1.0964443883746493,335.88827642150835
71.924,1140.2624417175377,0.0751810234398575,0.05119530784269427,-7.254830342603126,1411.0,0.195827231,-9.619569778,0.9729895,7.25540050209398,280.738294128836,88355.86803872624,1.0964180839820397,335.8873297127406
71.97,1139.9578109401998,-5.560874769330432,0.2196643099821722,-8.784544177586652,1411.0,0.662413061,-10.48083591,0.575113237,10.399028657390422,280.74027422888867,88359.14353539898,1.096450996519979,335.88851424894466
72.021,1137.4751890030889,-9.035375017150486,0.5972576572987774,-11.117328661443912,1411.0,0.673598349,-10.28695774,0.421182543,14.33840001451736,280.7564112714799,88385.8412208598,1.0967192490389204,335.89816760094067
72.07000000000001,1137.7047895318717,-13.219661008036876,0.025209000505772572,-4.872658609604138,1411.0,0.615541399,-8.720486641,0.097342141,14.08910481850662,280.7549188680428,88383.37186254229,1.0966944381123624,335.89727484083636
72.13000000000001,1137.3798294273026,-10.5882697019927,-0.22167598446559922,0.6705898573621014,1411.0,0.658684611,-6.267181873,-0.078426495,10.611799389407167,280.7570311087225,88386.86683143994,1.0967295538427555,335.89853838869607
72.16900000000001,1136.9379024780026,-10.503322521872583,0.4341284943791333,1.4559166654788178,1411.0,0.661880434,-4.683133602,-0.227563515,10.612631383635573,280.759903633893,88391.61996659858,1.0967773105856404,335.90025673308526
72.22,1136.9059654665016,-9.282978314901383,0.8341640884911938,4.499169552540852,1411.0,0.56068027,-2.773647308,-0.382559508,10.349494808152151,280.7601112244677,88391.96347241169,1.0967807619137142,335.9003809134143
72.271,1136.6493800019691,-9.83526373688575,-0.528835436431464,3.2513010850713413,1411.0,0.491970778,-2.417316198,-0.371906847,10.372224372752047,280.76177902998717,88394.7232751399,1.0968084905647544,335.9013785901763
72.319,1134.590631341636,-9.141284400383338,-0.026741368723821213,4.535326990679919,1411.0,0.486644447,-1.833551526,-0.317045718,10.204557143839352,280.7751608962793,88416.86945675283,1.0970309946144814,335.9093834792172
72.37100000000001,1133.256658933733,-7.536503667224346,0.3259889681916569,6.236050586227563,1411.0,0.503153682,-1.022885561,-0.233951241,9.787414533341162,280.7838317169307,88431.22154050262,1.097175185220659,335.9145701693854
72.421,1133.263283988843,-9.472627348311516,0.5341817005535991,8.497413163539507,1411.0,0.515404224,-0.832735896,-0.203591213,12.73664200019299,280.7837886540725,88431.15025749659,1.0971744690750371,335.9145444103487
72.47,1133.1623994275374,-6.456046885946456,0.2983091717854466,5.704672079118401,1411.0,0.650160193,-0.707567334,-0.067237355,8.620487995802982,280.784444403721,88432.23574102302,1.0971853743871163,335.9149366618331
72.524,1130.5261688911007,-6.214573102884078,-0.08864121399374306,6.871991426442464,1411.0,0.603288531,-0.480665982,-0.191873297,9.265691678499088,280.80157990220783,88460.60450871388,1.0974703722301633,335.92518648547366
72.57000000000001,1131.1820053676163,-8.207989892490717,-0.705282296535687,6.447235301023713,1411.0,0.602755904,-0.277733117,-0.252060741,10.46113589529372,280.7973169651105,88453.5462915245,1.0973994657110413,335.9226365828432
72.62100000000001,1128.3766481429193,-6.704787912984729,0.586846366428472,7.441942128619773,1411.0,0.609147489,-0.911565483,-0.269104987,10.03399582726753,280.815551787071,88483.74119220806,1.0977027947215352,335.933543720585
72.67,1128.4706846214651,-5.295463414199882,0.3267706589158611,6.759719074485996,1411.0,0.611278057,-1.042593002,-0.271768153,8.59316669224027,280.81494054996045,88482.72891422448,1.09769262599644,335.9331781155482
72.72,1126.5305577319882,-4.487771968337455,-0.2471109765038026,7.394713485702364,1411.0,0.584113777,-1.00850451,-0.304791331,8.653493433875854,280.82755137474203,88503.61576959699,1.0979024380795943,335.9407210669281
72.77600000000001,1126.5662561861411,-5.118347807842781,0.878062365097133,9.090744670200477,1411.0,0.383311421,-1.484677792,-0.58335799,10.469485013974056,280.82731933479005,88503.23141412206,1.0978985772473089,335.940582277688
72.822,1123.9887844962743,-4.915353629356298,0.23676144647104053,7.950542578440814,1411.0,0.058938403,-1.933154106,-0.786290884,9.350287940794203,280.8440729007742,88530.98582002254,1.098177360720658,335.950602881784
72.869,1124.1171647661834,-6.54731215616673,0.7826995025068045,9.854068278761824,1411.0,-0.001781673,-2.040745735,-0.812389851,11.856752364117801,280.8432384290198,88529.6032450201,1.0981634736232668,335.95010377654324
72.92200000000001,1120.9828572323077,-3.83009212409417,1.3795886543344011,11.928472919279788,1418.0,-0.207910344,-2.911599398,-0.751669765,12.604020656925618,280.86361142798995,88563.36276925627,1.0985025550415306,335.9622888429092
72.96900000000001,1118.6603955829362,-0.9080974175150884,1.0635222158364563,10.950402032305655,1418.0,-0.264369369,-3.650360346,-0.652600169,11.039339884811913,280.87870742871087,88588.38465120082,1.0987538595162645,335.9713174578688
73.019,1118.4912063457784,0.4086928603883644,0.931579821274578,12.132873824343422,1418.0,-0.286739916,-4.131327152,-0.595075905,12.17544652384364,280.87980715875244,88590.20769641479,1.0987721685392602,335.97197517484676
73.069,1117.1016090889636,3.5750337704184805,1.1524842488124145,10.478101554076005,1418.0,-0.286739916,-4.76835537,-0.528496861,11.131024147890583,280.8888395409217,88605.18201238493,1.098922554359864,335.97737713469667
73.119,1116.7777067072257,6.371991828253107,0.8888747115828468,8.991223514841296,1418.0,-0.322426289,-5.210440159,-0.516778946,11.055970260725692,280.89094490640304,88608.67268268601,1.0989576101788647,335.97863626953455
73.17,1117.1702648659468,8.28076173574262,1.4112748209894526,7.8873969648282305,1418.0,-0.353851587,-5.353718281,-0.539149523,11.522748909235137,280.8883932783713,88604.4421288195,1.0989151238837882,335.9771102423186
73.223,1115.571968980546,11.363303351326453,2.0520782959892934,5.323719281755114,1418.0,-0.459312767,-5.621632099,-0.576433778,12.715253649773114,280.89878220162643,88621.66780141961,1.0990881141876505,335.9833234006825
73.271,1114.1781374210648,10.211547947380035,1.097004546925854,1.2792954871906317,1418.0,-0.621232927,-5.576358318,-0.647806525,10.349672816140794,280.90784210676304,88636.69206824614,1.099238991460732,335.9887416379377
73.33200000000001,1114.2798807426143,9.60987512310856,0.4425637851127151,-0.7423267834379352,1418.0,-0.690475106,-5.636546135,-0.635555983,9.648658540908336,280.907180775173,88635.59529578687,1.0992279775745923,335.98834613438424
73.369,1114.3880760141237,8.576372878182283,1.0448817354279996,-3.0134882049011797,1418.0,-0.939747036,-6.424841881,-0.466178924,9.150249217793482,280.9064775059082,88634.42898466655,1.0992162653466138,335.9879255498616
73.42200000000001,1113.0162012430976,8.038078143440137,2.339090610602333,-3.3982740088652537,1418.0,-1.02976191,-7.570001125,-0.143403769,9.034949438928098,280.91539469191986,88649.218284988,1.0993647789991954,335.9932583621907
73.47500000000001,1110.8904033844412,2.9668212251007926,2.050569567459987,-7.663614160401642,1418.0,-0.874233246,-10.02277279,0.329041004,8.469819698919817,280.9292123780011,88672.13909270219,1.0995949396595712,336.0015216905235
73.524,1110.750065639584,1.1341204874626463,2.8898691193855472,-7.529491852210494,1418.0,-0.733618319,-10.79295826,0.438230604,8.14437354004376,280.9301245733427,88673.65241315734,1.0996101353589796,336.00206719942844
73.569,1104.3200162452447,-10.766079564725413,4.234537646660805,-5.474848835259835,1418.0,-0.091796517,-12.3807354,0.592161298,12.798974491885344,280.9719198944059,88743.01275287621,1.1003065501568998,336.0270605888236
73.619,1104.8144331376286,-12.067896041177004,2.4482134245393885,2.141197318766544,1418.0,0.269328117,-11.73731518,0.294419914,12.498503502045496,280.96870618460537,88737.67796563238,1.100252989725414,336.0251388726852
73.67200000000001,1102.3877742465954,-9.514236020359565,4.162375083083938,7.237333977025274,1418.0,0.414204091,-11.38098431,-0.015572032,12.658003652961627,280.9844794673971,88763.86424805968,1.1005158900387355,336.03457078634466
73.72800000000001,1102.874202280816,-5.906528266082676,2.622764782990768,10.878621862617187,1418.0,0.210738584,-11.41294289,-0.378294587,12.65347323444211,280.98131768517464,88758.61466041855,1.1004631873586836,336.03268016391075
73.771,1098.7255392526115,-3.2494092393055047,3.1547561235299715,12.158964775452938,1418.0,-0.039598562,-12.12453938,-0.467776805,12.975036455214266,281.008283994858,88803.39558433923,1.1009127416654696,336.0488046236939
73.822,1098.449596538403,3.1209153701567347,3.207263741665569,10.316606636857369,1418.0,-0.298457831,-14.14534569,-0.351130337,11.245400213239753,281.0100776225004,88806.37477572991,1.1009426481450733,336.04987709290157
73.87,1096.9175753072855,4.640648785028706,3.0192195900207777,8.363220024837236,1418.0,-0.368765295,-14.91020584,-0.296269238,10.029693777109657,281.0200357605026,88822.91658102714,1.1011086988459573,336.0558313302615
73.924,1096.6140436460855,-0.608508363137105,3.464253240855244,-0.8195819001540067,1379.0,-0.304853529,-17.45299339,0.130908579,3.61151594705657,281.02200871630043,88826.19422182087,1.1011415999101368,336.05701100084144
73.971,1093.5458304803917,-7.44288535415427,2.017050504119686,-1.9453771590819406,1379.0,-0.169564947,-17.45299339,0.136234909,7.9529571495344635,281.0419521018774,88859.33135707439,1.1014742185737576,336.0689353260451
74.02300000000001,1093.8566023007606,-17.221540557145662,1.477663284835921,2.9839613672719345,1379.0,0.180374429,-17.45299339,-0.205714986,17.540495243468367,281.03993208504505,88855.97452202461,1.1014405249434123,336.06772755951596
74.07000000000001,1091.755814140018,-15.291104146356272,2.2567900240394816,8.094894311888726,1379.0,0.085565887,-17.45299339,-0.583351195,17.4481598212524,281.0535872080899,88878.66840919373,1.1016683060544394,336.0758918627087
74.12,1092.1011271154853,-8.577759119347375,2.791433058949876,16.256969450845638,1379.0,-0.401792616,-17.45299339,-0.692540824,18.591909685609856,281.05134267374933,88874.93782326204,1.1016308625017925,336.0745498848427
74.17,1088.7260786677407,-0.6659126106096057,2.3131037857291052,11.259746956528073,1379.0,-0.789016247,-17.45299339,-0.180681273,11.514156080823572,281.0732804886597,88911.40556900151,1.1019968731345595,336.08766598906556
74.221,1088.6910400355796,-3.8271456888356075,1.7567110240608312,5.2346284472178395,1379.0,-0.349062026,-17.45299339,0.503218532,6.718214995521659,281.0735082397687,88911.78422856545,1.1020006734232597,336.0878021534192
74.27000000000001,1087.1101059931977,-12.923544438516606,1.5925647325649177,-1.2377406363532877,1379.0,0.252812415,-17.45299339,0.296024561,13.079994845740702,281.0837843110442,88928.87060909523,1.1021721519008982,336.09394579652775
74.321,1087.4241293760233,-20.48286642535197,0.04884153564308058,3.0422492298567736,1379.0,0.402482063,-17.45299339,-0.460845828,20.707618957064547,281.0817431590558,88925.47650321614,1.102138089240139,336.09272548409876
74.369,1084.989569610933,-20.128313282096762,2.264678757982444,18.287084399025478,1379.0,-0.373563081,-17.45299339,-0.922637939,27.289104442545764,281.09756779752894,88951.79306550795,1.1024021912412794,336.1021862035309
74.41900000000001,1084.6702316241672,-9.498922415189691,2.8728699375703166,21.101954835377946,1379.0,-0.55412674,-17.45299339,-0.699995458,23.318992401094846,281.0996434944429,88955.24544199918,1.1024368367432131,336.1034271338389
74.471,1083.0003080646031,-2.424275241838017,1.5621379174878602,10.59512960009798,1379.0,-0.733091176,-17.45299339,-0.250453889,10.980626419486025,281.11049799758007,88973.30082352254,1.1026180230565148,336.10991629270256
74.534,1082.821216435313,-5.733343782884769,1.3328255163234326,3.280459360920177,1379.0,-0.640945792,-17.45299339,0.130910784,6.738625112614225,281.1116620931704,88975.23735641115,1.10263745580867,336.11061221773764
74.569,1081.8295751190008,-23.726857551118616,-0.0002633618762556411,7.996548819690096,1379.0,0.150013044,-17.45299339,0.164999247,25.038142150449602,281.1181077617265,88985.96067527517,1.1027450608891194,336.11446557118757
74.62100000000001,1081.7744011774255,-20.41342494693728,-0.18873408285074197,16.380545879219273,1379.0,0.200080469,-17.45299339,-0.502921522,26.173762089533064,281.1184663923467,88986.55734085676,1.102751048165234,336.1146799666631
74.66900000000001,1081.2827146769343,-6.756174413701248,0.3243863296972106,16.792925710418338,1379.0,-0.442806631,-17.45299339,-0.89067781,18.1039629118841,281.1216623545999,88991.87471165361,1.1028044053000667,336.11659056113706
74.72200000000001,1081.2711021148293,-8.303657772877724,1.3097862856000888,6.749729436489924,1379.0,-1.031897902,-17.45299339,-0.061369445,10.78077548179338,281.1217378362536,88992.0002994574,1.1028056655030216,336.1166356850777
74.771,1079.8213840554831,-13.965675271768177,1.984775345057014,3.1216945926508735,1379.0,-0.814583898,-17.45299339,0.293896258,14.447297190014783,281.13116100363936,89007.67987099964,1.102962998523998,336.12226893279853
74.827,1079.6296393207288,-20.567280369464235,-0.48170776162394985,10.177510731731912,1379.0,0.129773021,-17.45299339,0.438772202,22.95270765853728,281.13240734441524,89009.75387296281,1.1029838092203592,336.1230139985957
74.87400000000001,1076.2915694135736,-12.109599254139725,1.1064875343076404,22.295401821950556,1379.0,0.235234201,-17.45299339,-0.721833408,25.395898313737117,281.1541047988118,89045.86629078643,1.1033461492319774,336.13598452932484
74.92,1076.36232999671,-7.210198146111106,0.6570914065375955,15.705681958231832,1304.0,-0.081149347,-17.45299339,-0.893873572,17.29413693122205,281.15364485502135,89045.10065477762,1.1033384673845756,336.135709584518
74.97,1074.3746467737,-13.140398515529387,2.1960194477978114,5.175035479350494,1304.0,-0.907794535,-17.45299339,0.133573949,14.292430401249801,281.16656479597094,89066.60959814193,1.1035542680490364,336.143432770234
75.021,1074.8777073486765,-22.982192315509174,3.478763867157115,2.034828660105685,1304.0,-0.499265641,-17.45299339,0.325854182,23.33288429119886,281.1632949022336,89061.1655255763,1.1034996482429107,336.14147813437216
75.069,1073.2116105973953,-25.548500261162864,1.9342446417864714,15.270259502129147,1304.0,0.248550013,-17.45299339,-0.33940348,29.826967549371897,281.1741245311169,89079.19689405434,1.1036805526298759,336.14795168990685
75.12700000000001,1072.9467726894368,-19.054635824866633,2.167857864519252,21.740139467510215,1304.0,0.096749812,-17.45299339,-0.644069076,28.98986750928407,281.17584597751863,89082.06338036699,1.103709310756373,336.1489806960381
75.16900000000001,1071.924261744211,-8.586592113568642,3.478184280735956,11.446214238353486,1304.0,-0.906729281,-17.45299339,-0.206245407,14.72559507815708,281.1824922986626,89093.13127949428,1.1038203481981348,336.1529535495167
75.22,1071.9850042244555,-28.9079227092221,3.0745299456331585,8.763924159115504,1304.0,-0.16104418,-17.45299339,0.236371964,30.363252401804424,281.18209747254105,89092.47375748474,1.1038137517565332,336.1527175426224
75.269,1067.8320703877032,-28.67427206212437,1.2118349149774683,17.646794312703165,1304.0,0.146817252,-17.45299339,-0.509313107,33.691123039589186,281.2090915424799,89137.4372678562,1.1042648167203881,336.1688528376423
75.321,1067.8863064666198,-14.399326302609902,3.623482740061162,25.296904924699977,1304.0,-0.885424018,-17.45299339,-0.630753279,29.332637520445797,281.2087390079669,89136.84993940919,1.1042589250376909,336.1686421204864
75.37,1066.1244027732562,-18.99275520899364,1.6492866897856517,11.200368458139982,1304.0,-0.854531348,-17.45299339,0.111203395,22.11092830733156,281.2201913819738,89155.93139042081,1.1044503335018612,336.1754873732971
75.423,1065.913558201489,-18.532237426181105,2.1098044725981855,11.660886240952516,1304.0,-0.854531348,-17.45299339,0.111203395,21.99707632521601,281.2215618716903,89158.21506277571,1.1044732407877103,336.1763065258707
75.46900000000001,1065.9450051757403,-18.751677610881046,1.8903642878982465,11.441446056252577,1304.0,-0.854531348,-17.45299339,0.111203395,22.047802117705885,281.2213574663577,89157.87445538516,1.1044698241965936,336.1761843513088
75.524,1065.7525422121048,-25.069353010813046,2.2742761563209823,9.77218687312537,1304.0,0.045028228,-17.45262337,-0.435726881,27.00260040624338,281.2226084756213,89159.95907015489,1.1044907346737247,336.1769320879973
75.569,1061.816354172899,-27.482103796573178,1.3294449022121662,9.43179290173876,1304.0,-0.696395814,-17.45262337,0.219410762,29.085944546721006,281.24819369787616,89202.60157124024,1.1049184551867504,336.1922241833762
75.62,1061.823417810486,-36.690501303215264,1.8879996542517439,14.480459157016819,1304.0,0.011472397,-17.45262337,0.094242185,39.48975976090166,281.24814778423183,89202.52503287865,1.1049176875127127,336.1921967417585
75.66900000000001,1059.8424947797014,-23.24009169608156,0.4385307342603442,28.281061256920957,1304.0,-0.339532226,-17.45262337,-0.99072969,36.607548361845886,281.26102378393193,89223.99149687738,1.1051329896288045,336.19989236769356
75.72,1058.2506241419205,-23.992994011159386,0.9232855392883562,14.148967118261208,1304.0,-1.121968985,-17.45262337,0.066012681,27.8695082181266,281.2713709430775,89241.24498819822,1.1053060297641955,336.2060764484999
75.771,1058.8249190910933,-39.19710401425387,2.547502481817707,14.530728045189328,1304.0,-0.097184576,-17.45262337,0.323274046,41.881317905748325,281.2676380259079,89235.0201803991,1.105243600143442,336.20384544718047
75.82300000000001,1058.3093133359619,-30.80148486420971,-0.7378846307277496,25.66071042732646,1304.0,0.264472693,-17.45262337,-0.640257657,40.09673307394887,281.2709894633162,89240.6088373553,1.1052996497408207,336.2058484554111
75.87,1056.8347904630089,-15.869666780903616,2.8535228488306075,22.013250108875646,1304.0,-1.096402645,-17.45262337,-0.648247182,27.286848420835042,281.28057386199043,89256.59277265541,1.1054599516780965,336.2115765673724
75.921,1056.6871315363373,-28.60683656113338,3.0062350621462786,13.128175441051901,1264.0,-1.161916494,-17.45262337,-0.099103317,31.618626435936672,281.2815336450138,89258.19353385827,1.105476005316178,336.21215017592937
75.96900000000001,1054.8094429429727,-34.354785993127244,-0.16565497142495128,26.640696891003646,1264.0,0.326788574,-17.45262337,-0.43465817,43.474193414501215,281.29373862087067,89278.5514660833,1.105680165204255,336.2194443210703
76.02000000000001,1052.3644369493618,-19.211185314824057,3.421664616811791,25.68513483571384,1264.0,-1.047402501,-17.45262337,-0.906570315,32.256837747666054,281.3096311598291,89305.06589857384,1.105946052385868,336.22894205317976
76.069,1052.3048464948984,-27.155917983175858,3.200306470938542,18.20092485585344,1264.0,-1.327567101,-17.45262337,-0.273270607,32.84751906347462,281.3100184977831,89305.71219624109,1.105952533282377,336.2291735315425
76.12100000000001,1048.8192188114747,-38.55450110323234,1.031395592012751,27.46356851850602,1264.0,0.164335743,-17.45262337,0.182662591,47.3472378070468,281.3326750777254,89343.5227111231,1.1063316712704194,336.24271313068704
76.17,1048.5630025276002,-33.227351464817254,-0.3814173968338324,30.76153772854301,1264.0,-0.019955011,-17.45262337,-1.028010488,45.28216611450556,281.3343404835706,89346.30254100803,1.106359544298781,336.24370835769184
76.22,1049.1101991184962,-28.9477586044281,3.188200349534598,19.440868509354168,1264.0,-1.22583437,-17.45262337,0.041515041,35.01549254382997,281.33078370572974,89340.36579236589,1.106300017016048,336.241582865388
76.269,1046.6757157469783,-44.51556276877,2.3379873277146395,29.52810727144004,1264.0,0.260209531,-17.45262337,-0.233855814,53.469716965760405,281.34660784764463,89366.78090026899,1.1065648733218378,336.2510390998561
76.321,1046.2517436299806,-34.632461113592456,-0.6927833482096415,32.2490916419818,1264.0,0.11426831,-17.45262337,-0.849578679,47.327489087051624,281.3493636664051,89371.38181202188,1.1066110037506312,336.2526859024597
76.369,1044.5050872181594,-33.900112158106,2.3086094962114565,20.839914713997214,1264.0,-1.14221108,-17.45262337,-0.06447877,39.86037289620911,281.36071693308196,89390.33841153984,1.1068010648047633,336.2594702218774
76.423,1042.5604030086035,-43.97741591122182,1.3458488418998256,32.86777529068413,1264.0,0.184575766,-17.45262337,-0.437321335,54.91916852878178,281.3733573804441,89411.4480526991,1.1070127034786228,336.26702355491096
76.47200000000001,1042.9072553307994,-33.463151409908434,1.0281986921007826,33.60549333506657,1264.0,-0.060967691,-17.45262337,-0.975812554,47.4359449903351,281.3711028403498,89407.68265821824,1.1069749535054516,336.26567636089675
76.52000000000001,1040.420911003074,-36.360410624506635,3.105559399862015,22.34204156574516,1264.0,-0.425820768,-17.45262337,0.390921772,42.78890955953763,281.38726407848,89434.67700512367,1.1072455787197981,336.2753333434059
76.568,1040.626195247662,-45.283030807855354,1.882326051144953,37.72166916224864,1264.0,0.135040969,-17.45262337,-0.82561022,58.96626454926695,281.38592973089015,89432.4479753636,1.1072232327165241,336.27453602815785
76.62100000000001,1039.9826551494803,-30.599002195991616,3.556547959812795,35.265564933842946,1264.0,-1.076164722,-17.45262337,-0.836795509,46.82529272608813,281.39011274152836,89439.43585179055,1.1072932857601832,336.27703550411826
76.66900000000001,1036.9094829940075,-42.88084658102425,-0.36390510002131193,20.575558303413473,1264.0,-0.161635175,-17.45262337,0.352039605,47.56314781345247,281.4100883605389,89472.81197095405,1.107627864997471,336.2889712872692
76.72200000000001,1035.5286590764867,-39.655772326672654,2.985893917972436,40.249983104044,1264.0,-0.542467177,-17.45262337,-1.080741048,56.582302720816415,281.4190637160028,89487.81166238381,1.1077782218185117,336.29433408184275
76.771,1035.694808307081,-28.37171555158506,3.783432966391899,32.13925432052825,1264.0,-1.096404672,-17.45262337,-0.284455895,43.037196430887874,281.4179837460039,89486.00669945548,1.107760129134249,336.29368880192595
76.82600000000001,1034.26670623056,-49.58857848273545,-0.3076841872383347,24.70933678637221,1264.0,0.008274498,-17.45262337,-0.164613634,55.40463076241784,281.4272664095013,89501.52185521509,1.1079156485186024,336.2992351344057
76.869,1034.1595483212172,-38.64032556932213,2.029727190219446,39.15470035385811,1264.0,-0.299054295,-17.45262337,-0.867688179,55.04802550837171,281.4279629359121,89502.68612570906,1.1079273186186687,336.2996513008228
76.944,1031.1862647083672,-42.910154555843896,1.6551600352693714,17.55763951252863,1211.0,-1.076164722,-17.45262337,-0.135851488,46.39279711335231,281.4472892793956,89534.99573814914,1.1082511634630758,336.3111983605522
76.97500000000001,1030.7936756453587,-48.77700911707945,-0.9736290635863865,29.305839827273335,1211.0,0.117464103,-17.45262337,-0.089512482,56.91200945268856,281.4498411083051,89539.26256920368,1.1082939289879508,336.3127229918526
77.02900000000001,1028.0010758849596,-39.12669228547495,0.2433339424924696,36.5336079440101,1211.0,0.150487304,-17.45262337,-0.660494268,53.53187620489732,281.46799300674775,89569.61852624902,1.108598168989869,336.3235679366251
77.07000000000001,1028.1427143515525,-39.04345147232861,3.1328960013911713,15.950821801198723,1211.0,-1.26578176,-17.45262337,-0.45276767,42.29225527636483,281.4670723567149,89568.07869536454,1.1085827366379546,336.32301789796225
77.123,1024.577212951783,-51.01587589602307,2.2514321500739807,19.286031582576573,1211.0,-1.123569012,-17.45262337,0.164020464,54.586074729448676,281.4902481158134,89606.84777517979,1.1089712691942357,336.33686388842654
77.171,1024.1832181355721,-32.83537379615136,-1.817145479824032,32.01220069282758,1211.0,0.027449258,-17.45262337,-1.153179049,45.89384254151856,281.49280908211875,89611.13266723948,1.1090142091858264,336.3383938622397
77.221,1022.6839616217189,-40.914533446827186,2.2260375526692373,16.905247804364254,1211.0,-1.251933336,-17.45262337,0.234327912,44.325406864284915,281.5025542494588,89627.4393538477,1.1091776190618445,336.34421576151715
77.27000000000001,1022.5574474620329,-44.668200595106,3.840354143608476,26.876162454136086,1211.0,-0.571761966,-17.45262337,0.560831428,52.271642145756935,281.50337659149676,89628.81549698391,1.1091914091814365,336.34470703554234
77.32600000000001,1021.3271425237734,-30.595705900798624,0.9502064078937941,31.555880976557894,1211.0,-0.207974181,-17.45262337,-1.084469557,43.963322622300225,281.51137357359545,89642.19888883505,1.1093255200004841,336.34948446224917
77.37,1022.0854879069328,-44.701715999566886,3.979538403459965,23.355136742099923,1211.0,-0.94566983,-17.45262337,0.1911847,50.59192180035003,281.5064443286049,89633.9493334107,1.1092428542144894,336.3465397210687
77.421,1018.053748683885,-47.964438029546855,0.16514597603206355,36.02847227228038,1211.0,0.182445243,-17.45262337,-0.295641184,59.988877327035524,281.53265063355474,89677.81510596146,1.1096824005098462,336.3621951261863
77.47800000000001,1017.5093473928448,-32.81532554919282,2.832132270066431,34.344466276384765,1211.0,-0.806121945,-17.45262527,-1.13826251,47.585805949929956,281.5361892419465,89683.73958457584,1.1097417621696801,336.3643090023985
77.519,1018.5253299072343,-41.498301167490766,4.3670391654950205,23.718652446956554,1211.0,-1.275903583,-17.45262527,0.141120166,47.99744268979599,281.52958535560293,89672.68335211636,1.1096309811329208,336.3603639950108
77.569,1015.884381172704,-47.00300801157645,0.028036192121671397,43.07266449759222,1211.0,0.160072908,-17.45262527,-0.944916964,63.75372910729639,281.5467515223774,89701.42525852806,1.109918963361276,336.3706185657389
77.62,1012.9988114326904,-47.72570239411401,5.2777643157224645,26.960780988234617,1211.0,-1.473510146,-17.45262527,0.166686505,55.06796869941188,281.5655077256875,89732.83794564546,1.1102336856492492,336.3818226208456
77.66900000000001,1013.4198064637366,-60.48750721693599,-0.053290274402396975,36.06908190903734,1211.0,0.281513065,-17.45262527,0.020212648,70.42527982857486,281.5627712579857,89728.25438413427,1.110187764460626,336.3801880097083
77.72,1010.8288343663694,-40.86341181951417,5.289752125918226,41.249022717643165,1211.0,-1.604004979,-17.45262527,-0.826139927,58.30335992243936,281.57961257661856,89756.46646538601,1.1104704049033127,336.390247935587
77.772,1010.8276504904865,-63.33387662093147,0.48231523813706245,40.384822764540125,1211.0,0.38058266,-17.45262527,-0.036779001,75.11555408533992,281.5796202718118,89756.4793577887,1.1104705340609369,336.3902525321342
77.819,1007.7289000003614,-57.13170908896094,-2.242975512752953,48.16044468204487,1211.0,0.228782475,-17.45262527,-1.261300564,74.75621415339847,281.5997621499976,89790.22987482912,1.1108086386586655,336.40228360583336
77.87,1008.0851699370871,-58.83935018653723,6.943661427269069,30.7805892646716,1211.0,-1.43462801,-17.45262527,0.615162849,66.76622079967474,281.5974463954089,89786.3489833315,1.110769762047465,336.40090038958425
77.921,1006.454368384637,-58.05138702004072,-1.6707462133107656,50.10465738425886,1191.0,-0.012499927,-17.45262527,-1.722560048,76.7022269523761,281.60804660549985,89804.1146139843,1.1109477256304296,336.40723192189586
77.97,1006.2313379499741,-51.131884673470154,6.217780560854981,43.12208745238023,1191.0,-1.945424438,-17.45262527,-0.039438579,67.17622236784922,281.60949630332516,89806.5444848178,1.110972065845341,336.40809782081243
78.021,1004.1305151725941,-68.87717886073433,-3.146931964531496,48.17274223396233,1191.0,0.513738513,-17.45262527,-1.060494661,84.11053467279088,281.6231516513781,89829.43513061837,1.1112013571673083,336.41625399813745
78.072,1004.3717805163392,-54.75913961429165,4.749227885623305,44.9011848541271,1191.0,-1.914531708,-17.45262527,-0.868746936,70.97348052696556,281.6215834266438,89826.80605404591,1.1111750227636403,336.41531732616653
78.134,1002.480180778722,-65.50314545447281,-1.4566907739755932,50.9711202176666,1191.0,-0.03487267,-17.45262527,-1.512699366,83.01107822865951,281.6338788249383,89847.42055092167,1.1113815059633343,336.4226610729098
78.17,1002.5228682031897,-54.4637161943959,2.2095502911084473,46.654938133176834,1191.0,-1.249274135,-17.45262527,-1.471154094,71.74860100659244,281.63360135667926,89846.95530466961,1.111376845966744,336.4224953495362
78.22,1000.777972004723,-59.47690630245173,3.3318879929042593,36.34572239075884,1191.0,-0.874301076,-17.45262527,0.714236021,69.78262962237802,281.64494318196927,89865.97435528447,1.1115673407201678,336.4292694111765
78.269,1000.6998061760765,-56.883906601705405,1.0174279687808376,51.06586619561138,1191.0,-0.508915365,-17.45262527,-1.545722604,76.44956952299526,281.64545125985546,89866.82642485749,1.1115758748669011,336.4295728645122
78.322,997.5722726916437,-70.54719672998674,0.9012220718823829,32.41355307172246,1191.0,-0.479087949,-17.45262527,0.468692571,77.64249861007609,281.6657802275043,89900.92438994422,1.1119173801642392,336.4417142686488
78.369,997.7307744838192,-67.63138774491318,-0.4188333202971652,44.67896476999382,1191.0,0.111068562,-17.45262527,-0.909227014,81.057941761257,281.66474996585515,89899.1960705992,1.111900070920391,336.44109895905734
78.42,995.3637357701604,-52.93959387587273,2.79343501892506,35.0157417541247,1191.0,-1.165118217,-17.45262527,0.006900426,63.53350336270502,281.68013571749395,89925.00929616355,1.1121585856624212,336.4502877704064
78.49000000000001,995.3615060292522,-68.37651805557658,0.7596850121467886,38.028570930051565,1191.0,0.047150586,-17.45262527,-0.130515248,78.24383394047248,281.6801502108098,89925.03361494686,1.1121588292039395,336.45029642611127
78.52300000000001,994.1498752739648,-46.89309181393456,1.4811431240810715,40.02606687754073,1191.0,-0.987221181,-17.45262527,-0.716943324,61.67042949833796,281.6880258107192,89938.24911550192,1.112291174558147,336.45499986261717
78.571,993.4896308877475,-56.540527033006505,2.161925892830298,27.730617668761177,1191.0,-1.015983343,-17.45262527,-0.167266861,63.011842355443314,281.69231739922964,89945.45119588176,1.1123632975390259,336.45756284147996
78.62100000000001,992.3619637835775,-52.40113504779496,0.1705878262346545,47.163251526941536,1191.0,-0.134477004,-17.45262527,-0.624265313,70.50021524149595,281.6996472354067,89957.75309851693,1.1124864885532597,336.4619402465796
78.671,993.2736130357488,-50.80848580453805,1.4082503432713682,28.914982500132574,1191.0,-0.803463101,-17.45262527,-0.182180569,58.477017808385554,281.6937215152676,89947.80766404307,1.112386895413664,336.45840138914735
78.72500000000001,989.1958581921191,-63.19618742592128,0.053943916363815236,28.01160460555785,1191.0,-0.425826818,-17.45262527,-0.095894143,69.12605158474186,281.7202269217512,89992.29993868161,1.1128324228027278,336.47423020648125
78.771,989.2808982688655,-41.76207993977208,1.479230436477601,37.62558935671495,1191.0,-0.895608425,-17.45262527,-0.490574628,56.23116945271774,281.7196741612523,89991.37188675582,1.1128231300994262,336.4739001099231
78.82000000000001,987.5825370630929,-60.9724154476079,-1.2385804821325899,30.42726172138312,1191.0,-0.101453811,-17.45262527,-0.320132315,68.15414721781765,281.73071350908987,90009.90776185929,1.1130087287465806,336.48049250721493
78.87,987.6579031288977,-50.77237353462394,-0.6903578532461808,39.69186006264818,1191.0,-0.215437099,-17.45262527,-0.69031167,64.44962578275971,281.73022362966213,90009.08515280741,1.113000492163851,336.48019996732694
78.923,985.8255378344044,-39.493895917190734,2.8023804952922586,30.155602542835915,1148.0,-0.826898873,-17.45262527,-0.201355323,49.76928285478686,281.7421340040764,90029.08686432928,1.1132007603375889,336.4873123792607
78.994,986.1661803176203,-55.95933420098454,-0.5860899067018976,21.096926436099807,1148.0,-0.551528037,-17.45262527,-0.010672992,59.806946842707355,281.73991982793547,90025.3682107964,1.1131635277669503,336.4859901708427
79.027,983.8419448684141,-50.97080585991249,-1.0231093548882606,35.559787063374856,1148.0,-0.088670634,-17.45262527,-0.417604029,62.15760821294133,281.7550273583553,90050.74340183842,1.113417587997683,336.49501161904647
79.071,983.5878868381127,-49.92529176781254,0.4877256246976831,18.688027408638927,1148.0,-0.91105479,-17.45262527,-0.140635252,53.310552452701494,281.75667873555227,90053.5174697973,1.1134453615574889,336.4959977227908
79.12100000000001,981.3329106996264,-53.04210148720893,0.2587844934696956,30.010569769778428,1148.0,-0.212241307,-17.45262527,0.047383923,60.943956201580576,281.7713360804524,90078.1426610921,1.1136918982103818,336.5047500863122
79.168,981.3076399569594,-31.24178737553778,1.8488000220476797,29.585794841996382,1148.0,-0.635151267,-17.45262527,-0.929463565,43.06723344228806,281.7715003402797,90078.4186580403,1.1136946612985328,336.5048481697525
79.221,978.7583961060185,-53.724664994180124,0.8282732447542135,24.252648055046137,1148.0,-0.604791284,-17.45262527,0.380279064,58.95096778668517,281.7880704253109,90106.26399905766,1.11397342107329,336.5147424137904
79.28500000000001,979.0701940775992,-46.22932654426955,2.30321164015101,43.80796331929104,1148.0,0.230908707,-17.45262527,-0.672734857,63.730628953277886,281.7860437384956,90102.8578618128,1.1139393231051904,336.513532264587
79.324,977.5522420975146,-35.4415396033449,1.72660760023398,34.620511450859475,1148.0,-0.375226766,-17.45262527,-1.122276545,49.57482946395018,281.7959104263661,90119.44122465915,1.114105332596405,336.51942369355703
79.37,974.273043767,-51.66117665606366,1.2463470460710615,47.164456347820554,1148.0,-0.02901582,-17.45262527,0.193857789,69.96367984199901,281.8172252155145,90155.27433573392,1.1144640238631964,336.53215046613127
79.423,974.1548151520468,-42.85281159041553,0.6955141650414279,42.31539402744139,1148.0,-0.43807736,-17.45262527,-1.231466055,60.22823069670109,281.8179937015117,90156.56648251812,1.1144769578115608,336.53260930974653
79.46900000000001,972.2073205576439,-59.122768826078506,2.381205998041375,27.08641391357079,1148.0,-0.735818803,-17.45262527,0.532611907,65.07569250007494,281.8306524163753,90177.8532414491,1.1146900259284125,336.540167419238
79.521,972.6000110592356,-47.42206278701128,0.1654457178740944,43.65620419834169,1148.0,-0.445001602,-17.45262527,-1.430137873,64.45730041095507,281.82809992811497,90173.56067706943,1.1146470606177403,336.53864342466164
79.571,972.5788376878294,-46.723015007069954,4.059378522469276,31.024032614110986,1148.0,-1.460198641,-17.45262527,-1.047175407,56.23174623805481,281.8282375550291,90173.79212245025,1.1146493772202217,336.53872559668304
79.62100000000001,970.1116087304405,-59.830127752388705,-1.871231651290886,40.66969770396061,1148.0,0.234104499,-17.45262527,0.226348355,72.36829420465487,281.84427454325214,90200.76460961267,1.1149193447495833,336.54830056129646
79.67,968.130122557811,-44.88154717908879,5.617817640896096,36.995833451974974,1148.0,-1.600813508,-17.45262527,-0.937453032,58.43462026094982,281.8571542033742,90222.43154083808,1.1151361978635959,336.555990230021
79.72,968.0475928023003,-59.59654461362987,2.2288412670089186,29.678004863110232,1148.0,-0.596269131,-17.45262527,0.750991106,66.61456174090385,281.85769064678504,90223.33406929985,1.1151452305894378,336.5563105042357
79.769,968.42443497774,-55.466574729464156,1.0483904157424893,48.96690078108209,1148.0,-0.861519992,-17.45262527,-1.600047588,73.99592831222127,281.8552411726447,90219.21306016062,1.1151039863809205,336.5548480857923
79.819,964.7501916370052,-65.499883465097,0.9835049285688144,32.53421280258088,1148.0,-0.250590831,-17.45262527,0.707315266,73.14148630270938,281.87912375435945,90259.39975300331,1.1155061707157046,336.56910651924727
79.876,964.7487258495729,-65.16526244886421,-2.769024247226647,45.93141913956416,1148.0,0.592566013,-17.45262527,-0.264205933,79.77389416021636,281.8791332819778,90259.41578780818,1.1155063311836004,336.5691122073272
79.979,962.6170522554871,-50.694675595423405,3.119506731614239,49.10956974876137,1110.0,-1.100671887,-17.45262527,-1.512163281,70.65006225674725,281.8929891603393,90282.73741497722,1.115739716025153,336.5773841984419
80.028,960.3091258728081,-60.651904530972224,-0.5007185688862222,51.3226560209319,1110.0,-0.255918413,-17.45262527,-1.637862325,79.45388136121667,281.90799068182673,90307.99284114059,1.1159924398982184,336.5863399119247
80.06700000000001,960.5504519525031,-50.070680286745244,4.069705523367662,42.18288434966884,1110.0,-1.475646257,-17.45262527,-1.18938601,65.59749430795299,281.9064220623087,90305.35176425874,1.115966012021987,336.5854034776018
80.122,958.1379519826352,-58.74640827704326,1.0737732320021087,50.15318519127277,1110.0,-0.683622062,-17.45262527,-1.470083237,77.25047222662734,281.9221033121128,90331.75701935036,1.116230228997579,336.5947647513829
80.17200000000001,956.6765218224995,-65.29110921627932,0.08415105492142044,34.39800692144077,1110.0,-0.17282778,-17.45262527,0.388270617,73.79809553274154,281.93160260815375,90347.75568124893,1.1163903080906818,336.60043544258633
80.22500000000001,956.8594223836033,-60.02072959535999,0.30315450274528066,49.368177068243845,1110.0,-0.094530851,-17.45262527,-1.283661962,77.71612954112766,281.93041375450656,90345.75329490905,1.116370272948543,336.5997257508145
80.274,953.5068804213223,-59.53092124137378,0.711410047535812,31.8735514207814,1110.0,-0.918512881,-17.45262527,0.322756857,67.53043734698879,281.9522052772614,90382.46246733713,1.1167375580220786,336.61273406508707
80.328,953.65148612393,-68.75118200652345,-2.776284663931197,39.57276071931982,1110.0,0.181905285,-17.45262527,-0.712147593,79.3752869272158,281.9512653401944,90380.8788358171,1.1167217139516685,336.61217298586206
80.37400000000001,949.9691635590556,-49.355637997229834,2.88988234978461,33.70183576803762,1110.0,-1.114521623,-17.45262527,-0.040498327,59.83430584743984,281.9752004368661,90421.21233662411,1.117125230021537,336.6264603378103
80.427,949.9508945567446,-54.84157942571092,2.9542166189803365,31.33402551164184,1110.0,-1.114521623,-17.45262527,-0.040498327,63.2309052956119,281.9753191853811,90421.41247840322,1.1171272322523884,336.6265312197319
80.47,949.6603849428681,-56.77498048711509,0.8049436812623492,44.948116252231756,1110.0,0.03649668,-17.45262527,-0.885785699,72.4180881980907,281.97720749787135,90424.59513669158,1.1171590716512552,336.6276583662869
80.522,949.592701961625,-54.19419699572647,1.553222910328699,28.268427689148243,1110.0,-1.102274776,-17.45262527,-0.060732286,61.143499191961375,281.9776474372494,90425.33664601116,1.1171664896997482,336.6279209685486
80.568,949.0733748262554,-65.74537277577483,-0.5380135770453666,26.4650184019515,1110.0,-0.544608772,-17.45262527,0.221030161,70.8741186827061,281.9810230636293,90431.02636286826,1.1172234091596747,336.6299358918941
80.628,946.9011540053078,-43.17498565739702,2.508063735323984,35.68499951343772,1110.0,-0.776836395,-17.45262527,-0.814939559,56.06950116142408,281.9951424989655,90454.82822578742,1.1174615136539654,336.6383637021474
80.682,944.5874782726012,-60.84454638480989,0.6354426505551912,35.021253432057,1110.0,-0.147265151,-17.45262527,-0.042090159,70.2064869088875,282.01018139122806,90480.1856436634,1.1177151661952796,336.64734009894215
80.727,944.3375802129628,-42.18861870287561,1.7482734030239089,38.45589264374637,1110.0,-0.404526502,-17.45262527,-0.94010812,57.112097553633,282.01180572861574,90482.92482022285,1.1177425656163282,336.6483096172604
80.777,943.1310502381523,-50.40277501090512,2.917302294581864,23.688866316188303,1110.0,-1.282304406,-17.45262527,-0.278578877,55.7683850297293,282.01964817345197,90496.15075210018,1.117874859678447,336.65299049832475
80.821,943.6134688491709,-54.04976856341627,-0.9215813721648501,43.48542821275155,1110.0,-0.147265151,-17.45262527,0.28388074,69.37729643644779,282.01651245248036,90490.86231134867,1.1178219618200809,336.65111890394525
80.87,941.2376687132372,-50.63854860301168,3.4154900071167558,28.144682981828918,1110.0,-1.457007885,-17.45262527,-0.494827569,58.03491498017328,282.0319551533639,90516.90907815841,1.1180824900518647,336.66033597304323
80.92800000000001,940.9987099064682,-58.86759621095556,-0.9182912304754415,39.37758119712274,1110.0,-0.225029454,-17.45262527,0.386678785,70.82959157990445,282.03350838560795,90519.52920702792,1.1181086966432208,336.66126301510286
80.971,939.3517866090384,-46.40707244939447,1.3243456639785993,43.28002493141728,1091.0,0.25913325,-17.45262527,-0.311069459,63.47070838445989,282.0442133870412,90537.58901599754,1.1182893273571382,336.6676521940447
81.02900000000001,939.3005679026415,-56.73949165213842,2.6153698372910053,28.740528492965325,1091.0,-1.418127656,-17.45262718,-0.450615793,63.65711311694749,282.0445463086328,90538.15071616333,1.118294945263552,336.66785089320643
81.075,935.9074464498303,-47.38936358564671,-0.8860070642646676,40.40287388603409,1091.0,0.136625811,-17.45262718,-0.40214625,62.28104854465217,282.0666015980761,90575.36834583899,1.1186671667346764,336.6810139942834
81.12,936.1462781039803,-50.65962935109006,2.789968316429966,30.872354280367443,1091.0,-1.125180006,-17.45262718,-0.916136324,59.39094398987972,282.0650491923241,90572.74830315012,1.1186409640799118,336.68008749986876
81.199,933.747126106908,-51.141152606472254,1.3682073160086625,43.4102382069635,1091.0,-0.872712255,-17.45262718,-1.091372371,67.09499431674003,282.08064368030506,90599.07038601703,1.1189042007382142,336.6893943619315
81.22,933.7298459020371,-51.21110656701922,1.2982533554616968,43.34028424641653,1091.0,-0.872712255,-17.45262718,-1.091372371,67.10173720667557,282.08075600163676,90599.25999671427,1.1189060969064242,336.68946139488503
81.28200000000001,931.9564402320444,-66.89227194423218,2.0328613235267725,42.28556293914021,1091.0,-0.146201894,-17.45262718,0.104387008,79.16298001024084,282.09228313849167,90618.72077363067,1.119100706945545,336.69634067638106
81.32600000000001,931.583969083812,-51.13450932616448,4.900741065146599,45.27816828421177,1091.0,-1.58643949,-17.45262718,-0.704681337,68.475308178851,282.0947042009552,90622.80858093254,1.1191415844847679,336.6977855247015
81.37,929.9593008663895,-65.8048477574892,3.9789721237280733,40.85929366544434,1091.0,-1.320123315,-17.45262718,0.28175354,77.56024810678959,282.1052645443684,90640.64078354793,1.1193199000794132,336.7040876830059
81.42500000000001,929.7467207519139,-70.77862087989342,0.6314237255736772,58.321681362724746,1091.0,-0.634092987,-17.45262718,-1.532924533,91.71385057098027,282.1066463151125,90642.97425269912,1.1193432334354414,336.70491228174006
81.474,928.2655246447596,-73.01115579702513,3.6469501429762317,44.091534402728925,1091.0,-1.392561316,-17.45262718,0.217837676,85.36974008482079,282.11627408980905,90659.23453404687,1.1195058237701865,336.7106577886592
81.521,928.4348996970413,-73.16443382311654,3.4169100476111876,62.200913072804596,1091.0,-0.602667689,-17.45262718,-1.598438263,96.09195199402112,282.1151731519692,90657.3750482369,1.1194872306201076,336.7100007938313
81.58,925.5566345044292,-86.28701006436603,0.4018794800503306,52.05735198120752,1091.0,-0.223966196,-17.45262718,0.470305353,100.77488530511866,282.1338818757212,90688.97831029135,1.1198032243501532,336.7211652233879
81.626,925.5528870550668,-79.21607004286099,-1.0132959519162472,63.65678411216469,1091.0,-0.520109713,-17.45262718,-1.72626996,101.62872962516245,282.13390623414205,90689.01946298257,1.1198036358127632,336.7211797590325
81.66900000000001,922.4578446144185,-72.88358236618063,6.926236935656506,46.96786457029642,1091.0,-1.429312944,-17.45262718,0.260448247,86.98258238814478,282.15402401000625,90723.01289829542,1.1201435049179667,336.733184626792
81.723,922.9191719861276,-76.8130366470798,1.917424643140191,64.5007542519239,1091.0,-0.509989679,-17.45262718,-1.773141623,100.32081745717,282.15102538209015,90717.94539847407,1.1200928411833986,336.73139528458074
81.77000000000001,919.6008190470237,-67.60796910584371,5.941591662657582,55.89887709958334,1091.0,-1.716934323,-17.45262718,-0.95874691,87.92510710312953,282.1725946761943,90754.4013066249,1.1204573072387936,336.74426590889743
81.819,919.4950288998576,-82.9673867198778,-3.104805907347347,61.16231182031429,1091.0,0.427975625,-17.45262718,-0.80055511,103.12155674762387,282.1732823121509,90755.56372766517,1.1204689280246907,336.74467622040305
81.869,917.431752336111,-74.47204512607728,4.172063988436726,47.25027021345646,1091.0,-1.297752857,-17.45262718,0.215174526,88.29541131015105,282.1866936098153,90778.23739980727,1.1206955922863755,336.75267862479797
81.92200000000001,917.7762396186905,-71.49713821473597,-0.08229793772031668,68.09447723969723,1091.0,-0.458324403,-17.45262718,-1.650636196,98.73553249157699,282.1844544424785,90774.4514556847,1.1206577456933315,336.7513425463941
81.973,916.1019532683949,-70.72271466076987,1.4212856512761651,47.83349588476375,1091.0,-1.449553013,-17.45262718,0.031949028,85.39183655624761,282.1953373037554,90792.85320250595,1.120841697894982,336.75783614083906
82.021,915.8850416286833,-66.30751013516705,-0.9754272350844251,68.56854229582582,1091.0,-0.259121299,-17.45262718,-1.587783337,95.39015856570676,282.1967472294135,90795.23745601032,1.1208655314545424,336.75867740725613
82.072,915.2934561705849,-59.40800917247367,1.5346999124851133,58.47180788357178,1091.0,-1.360604763,-17.45262718,-1.333185196,83.37037348381872,282.2005925348912,90801.74031403963,1.1209305349496623,336.76097179156125
82.125,915.3054239172029,-76.18661142595184,0.16927546681386382,47.94387319413784,1091.0,-0.864191473,-17.45262718,0.352595836,90.01690614328072,282.20051474453817,90801.60875778325,1.120929219903363,336.76092537642717
82.17200000000001,912.4882187178405,-66.13713344893365,2.428212103598696,46.54259820146334,1091.0,-1.33929944,-17.45262718,0.22263357,80.90877629902074,282.218826578334,90832.58133295739,1.121238814107437,336.77185131337075
82.226,912.4194632407828,-77.45450352182117,-1.746232733020494,51.281215078471185,1091.0,-0.374702483,-17.45262718,0.287614703,92.90862427403658,282.2192734889349,90833.33734299583,1.1212463707457325,336.7721179625746
82.28,910.6743035550326,-65.19576860117645,2.9138497490135333,43.48316211060139,1091.0,-1.647693515,-17.45262718,-0.13742581,78.42043197403858,282.2306170268923,90852.52818561172,1.121438187282025,336.77888601365316
82.33800000000001,908.8079197957069,-73.10940767521686,0.4977183940197365,52.834380739686345,1091.0,0.037554868,-17.45262718,-0.091086812,90.20368619057064,282.2427485213279,90873.05571523492,1.121643355755236,336.78612404353305
82.381,908.9511291265953,-61.01395081993889,3.9679447895828406,62.39216200866332,1091.0,0.016782211,-17.45262718,-1.004018426,87.35690390934417,282.2418176606771,90871.48048611626,1.1216276119737598,336.7855686683981
82.424,909.0586883389784,-80.4020953264357,-0.7889682282115835,42.44274854908016,1091.0,-0.995751679,-17.45262718,0.203991443,90.92032945467601,282.2411185257966,90870.29740453843,1.1216157875150865,336.785151546148
82.46900000000001,906.5903224925563,-58.23329757283867,0.6370551396988836,47.81201029878696,1091.0,-0.507860541,-17.45262718,-1.05781424,75.34926087407298,282.25716290379836,90897.45096935015,1.1218871698800874,336.7947239137654
82.528,902.9218218938746,-74.781655912535,3.176466405161275,37.701395107185924,1091.0,-0.420510501,-17.45262718,0.164047167,83.80800196205635,282.28100815768977,90937.818903553,1.1222905928354259,336.8089499231438
82.57000000000001,902.8963748668475,-58.26697235876497,-0.16895712052276612,49.865085229566404,1091.0,-0.246339768,-17.45262718,-0.869259357,76.6915597658411,282.2811735633655,90938.09897161806,1.1222933916182642,336.80904860159217
82.63000000000001,903.3406497648525,-72.93016290661535,1.8762505870229966,28.903269891085053,1091.0,-0.589354932,-17.45262718,0.130491331,78.47119209141442,282.27828577652843,90933.2094158626,1.1222445289579606,336.8073257888158
82.66900000000001,900.310381747167,-62.55701504674179,1.7916579043175478,47.34998243117616,1091.0,-0.21864289,-17.45262718,-0.244481757,78.47681827034702,282.2979825186434,90966.56385949293,1.122577839059121,336.8190764116059
82.721,900.4246412111282,-56.20342570458681,5.007921523627696,37.38853238613038,1091.0,-0.959534347,-17.45262718,-0.33396399,67.68904411281447,282.2972398321276,90965.3060151786,1.1225652698750535,336.8186333493697
82.769,898.4184452911376,-61.1718632205187,0.45683867120781524,48.231434592640525,1091.0,-0.352333575,-17.45262718,-0.501210511,77.90042897382222,282.3102801056076,90987.39360408203,1.1227859783684462,336.82641266094396
82.82000000000001,897.9927650427853,-46.73696805477284,4.4531822711235,38.78622553899707,1091.0,-0.999481738,-17.45262718,-0.528374732,60.8978349931642,282.3130470272219,90992.08076876875,1.1228328131814085,336.82806327387516
82.869,895.9779291064337,-70.39346322641677,0.8726679222704619,46.54132397170912,1091.0,-0.391748339,-17.45262718,-0.48682943,84.3925118203685,282.32614346080817,91014.26877766915,1.123054512677917,336.83587586923545
82.92200000000001,896.2150365836818,-48.44532616241425,3.5939173112696694,47.617158955191584,1053.0,-1.109736681,-17.45262718,-0.746753991,68.02396412726124,282.32460226220604,91011.65744791222,1.1230284211684087,336.8349564862779
82.998,894.2283052379016,-61.74685662620652,4.491882200965882,43.41098130563661,1053.0,-1.216263056,-17.45262718,-0.233829111,75.61325681944264,282.3375160159536,91033.53974141894,1.1232470571213093,336.84265994872334
83.025,894.5267498539434,-51.67354321281137,4.735881208864676,52.24663228647886,1053.0,-1.223189116,-17.45262718,-1.015730023,73.63622901988732,282.33557612594933,91030.25233526473,1.1232142117886583,336.8415027542409
83.07000000000001,892.304023301599,-80.74766159156395,-1.8684924156932383,53.61988632133706,1053.0,0.054062959,-17.45262718,-0.278567076,96.94724506413962,282.3500238485396,91054.73826475159,1.1234588516800519,336.8501210984087
83.129,892.1617044917399,-65.53658118750782,4.650194147297858,60.31126933371312,1053.0,-1.173654318,-17.45262718,-1.245294571,89.18585643473999,282.35094892080366,91056.30625434905,1.1234745170997695,336.85067291428015
83.17,888.678585577316,-73.87108837581644,3.1276123391222055,42.67033756095735,1053.0,-0.978710949,-17.45262718,0.490553856,85.3667228159636,282.3735891937474,91094.68814001368,1.1238579655985015,336.8641778065624
83.229,886.0927709509308,-64.42998039566093,5.488159142946376,57.21558370293169,1053.0,-1.103879452,-17.45262718,-1.466336846,86.34214082955518,282.3903969888189,91123.1907414969,1.1241426966942072,336.8742032835056
83.271,886.374959399506,-83.20135971753454,-1.8324781959082466,44.54615087604442,1053.0,0.207993671,-17.45262718,0.188018769,94.39376988475655,282.38856276390317,91120.07991816221,1.1241116214727118,336.8731092235321
83.319,886.0337203685243,-75.25114464901486,-2.5170958697727315,58.684659356925955,1053.0,0.281496912,-17.45262718,-1.122256517,95.46182371211552,282.3907808176046,91123.84172136863,1.1241491995592305,336.874432225378
83.372,883.5399591445045,-78.01054320765189,1.2332109995375675,38.11352998173868,1053.0,-1.246092319,-17.45262718,0.503337026,86.83206106382133,282.4069902655607,91151.33664683122,1.124423847891455,336.88410051235854
83.429,881.4186787153955,-70.6814311988552,0.3496378410636288,61.69050938783657,1053.0,-0.416251302,-17.45262718,-1.650627613,93.8174072945376,282.4207785883499,91174.7300782688,1.124657513762356,336.89232447667933
83.47,881.2777999910992,-60.24676276292827,5.896034664006074,46.062386004007784,1053.0,-1.535844207,-17.45262718,-0.999218464,76.06693797277457,282.4216943000578,91176.28385771235,1.1246730333229096,336.89287064045186
83.52900000000001,881.4986501530027,-71.73012797456053,-3.620507868587241,48.078136143059794,1053.0,0.48016873,-17.45262718,-0.178964838,86.42815809366716,282.42025877400545,91173.84806693286,1.1246487039771689,336.8920144401015
83.592,880.1342369304529,-58.27753155923629,3.039355803239078,52.04681398598037,1053.0,0.120499074,-17.45277023,-1.364556074,78.19449606224026,282.42912745995204,91188.89723537645,1.124799017217112,336.89730401463726
83.631,878.7652598094584,-63.14269241522057,-3.629524157798032,46.20304078969551,1053.0,0.496537417,-17.45277023,-0.692906797,78.3255643405744,282.4380258112385,91203.99876403065,1.1249498486939793,336.90261119908587
83.673,878.6639303004908,-51.979641541709015,2.918688284168565,46.02567710694259,1053.0,-0.357804686,-17.45277023,-1.536596298,69.48931449695876,282.4386844530468,91205.11663565019,1.1249610136149986,336.9030040251139
83.723,877.629190667068,-65.31161318681593,-3.812436778157082,39.136248793201226,1053.0,0.261646599,-17.45277023,0.168359488,76.23508025085997,282.44541026066406,91216.53256412302,1.1250750305301096,336.907015393644
83.77000000000001,877.5300696403322,-50.85119197064459,-3.057408964540023,43.18690353166281,1053.0,0.345802516,-17.45277023,-0.93791759,66.7854782947981,282.44605454733784,91217.62619323358,1.1250859530399104,336.9073996529887
83.82300000000001,872.419525631048,-57.60230607177255,0.25105757962282477,35.14056940485471,1053.0,-1.203624606,-17.45277023,0.201382697,67.47553862542975,282.47927308339814,91274.02659555622,1.125649212569585,336.92721094329147
83.87100000000001,872.116001912517,-50.61774401783909,-0.6028887063224436,51.3931757527019,1053.0,0.033147387,-17.45277023,-1.399709821,72.13721645721994,282.4812459875686,91277.3771975012,1.1256826722763866,336.92838753216415
83.923,870.703961393462,-43.1963912189478,2.385918945339543,40.388769027046585,1022.0,-1.482723951,-17.45277023,-0.528323412,59.18507824675269,282.49042425094245,91292.96603907066,1.1258383421475433,336.93386115634956
83.96900000000001,870.7179893042236,-55.631993726415594,2.8066175655192995,28.715904551324645,1022.0,-0.143686518,-17.45277023,0.307376504,62.66896362902304,282.49033306952253,91292.8111611866,1.1258367955648565,336.9338067790898
84.022,869.4673490061185,-42.54568733913632,-0.8730367491828696,46.31630955344764,1022.0,-0.763670385,-17.45277023,-1.407166719,62.897521691842144,282.4984622314602,91306.61993535075,1.1259746855376218,336.93865467909274
84.07000000000001,869.5039742677442,-56.3024348052137,1.2439127444174678,28.923337765939394,1022.0,-0.43343845,-17.45277023,0.245058537,63.30932752315159,282.49822416725965,91306.21551848491,1.125970647217412,336.93851270832283
84.125,867.7739503901582,-55.337857003394994,-1.9506245502996298,37.87513098554708,1022.0,0.081616923,-17.45277023,-0.213005185,67.08657765184309,282.50946932246393,91325.32006042663,1.126161412641205,336.94521874722983
84.191,867.7942033439984,-43.13251234302196,-1.493445693591483,46.473033613578444,1022.0,-0.298682481,-17.45277023,-1.248974919,63.42228988541363,282.509337678264,91325.09638964254,1.1261591792554053,336.9451402420934
84.23,867.6958916080797,-50.63698723912274,3.522585213709711,24.471642048741803,1022.0,-1.109348774,-17.45277023,-0.008474401,56.35046004962758,282.50997670454746,91326.18213482674,1.126170020571621,336.9455213209644
84.27000000000001,865.5141429703897,-51.80314797934611,-2.5846146541285195,39.634907155168506,1022.0,0.339410901,-17.45277023,-0.590108752,65.27765497227358,282.52415807069247,91350.27984307075,1.1264106332184578,336.9539781689321
84.322,863.8674117771284,-44.15549253557572,3.9596983141246582,23.13861514920771,1022.0,-1.280856252,-17.45277023,-0.77067107,50.00782181640498,282.53486182344864,91368.47162085345,1.1265922678780655,336.9603610530314
84.37,863.7858309882159,-50.76776148716064,0.6910250077373707,33.72404597114522,1022.0,0.212111816,-17.45277023,0.357443929,60.95206640174282,282.53539209857655,91369.37293684603,1.1266012668319252,336.960677264655
84.444,862.3450293038912,-34.82235533368848,0.6620008247069806,27.900091473061128,1022.0,-1.464081764,-17.45277023,-0.598098278,44.62566279936639,282.5447573095247,91385.29230225946,1.1267602067900406,336.96626184230774
84.476,862.099089702282,-43.36400132062164,2.1895247857651463,14.431795459654632,1022.0,-1.464081764,-17.45277023,-0.598098278,45.75486148500139,282.54635591693517,91388.00990436552,1.1267873389761214,336.96721510013214
84.525,859.2456793141706,-45.34696565309501,0.4847933058980657,32.13144323455829,1022.0,0.187610731,-17.45277023,0.164098442,55.57888054673344,282.56490308445785,91419.54451963959,1.1271021652507687,336.9782746744233
84.569,858.5814100352306,-29.61914731210918,1.2263847783147437,26.4304930602394,1022.0,-0.440898269,-17.45277023,-1.178129673,39.71610341572131,282.569220834771,91426.88699079558,1.1271754659489837,336.9808492731737
84.62,856.3526262756179,-42.00076537648421,2.842785947596614,26.032102904289026,1022.0,-1.46301949,-17.45277023,-0.220456958,49.495617035994414,282.58370792920846,91451.52624275685,1.127421434130208,336.9894875296721
84.67200000000001,856.401237889795,-37.779563087529375,2.4971208032679453,46.59711984439627,1022.0,-0.006270378,-17.45277023,-0.516067803,60.0401746931482,282.58339195371633,91450.98878297476,1.1274160689230734,336.98929912452707
84.72,854.0234112702344,-42.27988570730932,3.024183628184902,32.53131786783235,1022.0,-1.354362488,-17.45277023,-0.330179185,53.43239714122949,282.59884782674345,91477.2815097139,1.127678529763594,336.9985147981121
84.76700000000001,854.2415186109723,-49.58247029547423,2.279277724093957,32.10302285302461,1022.0,-1.354362488,-17.45277023,-0.330179185,59.11193233051137,282.5974301290287,91474.86954120167,1.1276544534642288,336.9976694963227
84.82000000000001,851.3490260826235,-44.98058126577739,2.630912256200035,43.411293754322784,1022.0,-1.253695011,-17.45277023,-0.941108346,62.567681879154925,282.61623133046294,91506.86073490838,1.1279737801316425,337.00887953401633
84.869,851.0751550007543,-69.01541803365889,3.9920692094050643,42.44104702384664,1022.0,0.284546822,-17.45277023,-0.200749561,81.11909155934705,282.6180114924951,91509.8902399439,1.1280040186570255,337.0099409193874
84.92,848.7129698571755,-58.247635037106946,0.5171779771091043,48.95857464591834,998.0,0.149790868,-17.45277023,-1.049232721,76.09202646687741,282.6333656959283,91536.02361279656,1.128264856877862,337.0190954118516
84.974,849.2926997184767,-48.64491240812625,5.01096213372647,36.75835414096175,998.0,-1.232389688,-17.45277023,0.266901553,61.17690613174448,282.62959745182985,91529.60937456499,1.1282008374263106,337.01684873009964
85.025,846.8812759921535,-60.56161876383171,-2.175775554751593,47.901439994466045,998.0,0.151921391,-17.45277023,-1.297439337,77.24630489611641,282.645271706051,91556.29220374663,1.1284671487243825,337.02619384924776
85.071,846.5584319532217,-49.8887572793962,4.520266961592188,44.326832200846106,998.0,-1.802306175,-17.45277023,-0.558678389,66.88937859816413,282.64737019230404,91559.86500805603,1.1285028064214477,337.0274449643251
85.122,844.8430846083652,-69.64378888260903,-0.2725310258896302,36.3487428387785,998.0,0.04539495,-17.45277023,0.647200942,78.55929422445915,282.6585199500456,91578.85006262267,1.1286922787240452,337.0340923591037
85.171,844.7840043830151,-52.69661105621404,3.2331011049390725,46.98290941509323,998.0,-1.435322642,-17.45277023,-1.484393239,70.67375422794176,282.65890397151037,91579.5040052207,1.1286988049882445,337.0343213072385
85.221,842.825025860694,-60.11759819523016,4.662814274333262,32.073604004745164,998.0,-0.911212504,-17.45277023,0.829893827,68.29775635826752,282.67163733190546,91601.18953555587,1.1289152188092697,337.0419126675091
85.27000000000001,843.0517671957714,-59.186791940719324,0.014561054873531432,51.7515823024721,998.0,-0.472323567,-17.45277023,-1.80610311,78.6212619020317,282.67016351322746,91598.6793381043,1.1288901684372226,337.04103401672137
85.32000000000001,840.249045964378,-51.5306626664175,4.744445316804555,43.15504868630859,998.0,-1.605232358,-17.45277023,0.259444714,67.38157896132984,282.6883812012315,91629.71148560768,1.1291998428081518,337.05189474818104
85.37,840.1682195897774,-65.4008588619417,-1.642235114665644,55.53472928482492,998.0,0.211576194,-17.45277023,-1.414085746,85.81419132515467,282.68890657266644,91630.60653355623,1.1292087743273775,337.0522079505747
85.42,837.9721115890386,-52.441056745062106,2.6155818922116505,46.825911142089026,998.0,-1.631863952,-17.45277023,-0.570396304,70.3531922194047,282.70318127467124,91654.92830934493,1.1294514705113021,337.06071776291606
85.47,838.0048656554211,-70.68587547018338,-2.984010698416608,43.29387870415224,998.0,0.441673309,-17.45277023,-0.645497441,82.94430205917935,282.70296837323974,91654.56552145664,1.1294478505023386,337.0605908440704
85.521,836.5463795953879,-62.771740719674916,-1.5603914801264533,57.276382157372105,998.0,-0.199083254,-17.45277023,-1.516351104,84.99005946336712,282.71244853262994,91670.72101136322,1.1296090522998503,337.0662422904554
85.571,836.8395677872787,-59.777705902178795,2.4506326550646595,34.14046021039367,998.0,-0.825992465,-17.45277023,0.313775092,68.8836028871525,282.7105428093827,91667.47321280187,1.1295766457336793,337.06510623143214
85.62100000000001,833.8707891291355,-50.8426863282828,0.30428962295206624,52.64574994413172,998.0,-1.120005488,-17.45277023,-1.085449815,73.18911348302312,282.7298398706606,91700.36422816454,1.1299048225158066,337.0766096139309
85.66900000000001,833.5700027593103,-52.958912705143575,1.4692984681884338,38.349617373223275,998.0,-1.329329967,-17.45277023,-0.414865792,65.40258730029161,282.73179498206446,91703.69716498177,1.1299380763196245,337.07777507489607
85.723,831.3187874988558,-59.33345968363695,-0.6262119250590336,56.733048897510486,998.0,0.091732822,-17.45277023,-0.611939728,82.09439942293368,282.74642788125743,91728.64541994824,1.1301869859403462,337.0864977607987
85.771,831.5095117734479,-50.48679713518957,2.387141897852263,37.545289745770546,998.0,-1.444378614,-17.45277023,-0.65348506,62.96240079209282,282.74518817347257,91726.53157612412,1.1301658965453545,337.08575877849455
85.821,829.8469469811959,-63.14304601459162,1.9108031539908936,35.92244106863481,998.0,-0.40840885,-17.45277023,0.211509705,72.67129557826581,282.7559948446222,91744.95951550698,1.130349745282503,337.0922005152423
85.87100000000001,829.5860647370883,-42.643575129275156,-0.6543170162919826,46.846841620860545,998.0,-0.811078787,-17.45277023,-1.345906973,63.35242063578893,282.7576905792089,91747.851417565,1.1303785960821635,337.0932113126378
85.923,827.4730064526915,-61.68746213211284,2.061566684335418,34.65325035027431,998.0,-0.54316479,-17.45277023,0.267436087,70.78446723210965,282.7714254580575,91771.27757019032,1.1306122986008205,337.10139831930326
85.977,827.698472949422,-61.62630868669976,1.5806457214087246,39.71301308751723,973.0,-0.54316479,-17.45277023,0.267436087,73.33091961604143,282.76995992582874,91768.77773367199,1.1305873604291221,337.10052476285585
86.021,825.8890957348622,-49.818874578507135,1.8126101917103001,35.17183939644632,973.0,-1.335721612,-17.45277023,-0.744565129,61.010360648872826,282.7817208777234,91788.84057120234,1.1307875020684117,337.10753502277385
86.071,826.1349783754612,-59.280499082182466,1.4559363513883046,36.028834289878155,973.0,-0.535176992,-17.45277023,0.101257727,69.38569176984136,282.78012264055945,91786.11395305631,1.1307603025250321,337.10658238242934
86.14500000000001,822.8531421018885,-51.089484153216596,1.7700684795033377,50.19227301275724,973.0,-0.104810156,-17.45277023,-0.30407539,71.64169738114153,282.8014545763377,91822.51198112797,1.131123380575024,337.11929720885576
86.215,822.4934747403513,-54.063874198504244,2.0865046717037887,32.989605022239786,973.0,-0.963945985,-17.45277023,-0.047346666,63.368525583448154,282.8037924141877,91826.50167270472,1.131163176929281,337.12069063985024
86.26400000000001,819.661526091597,-41.19970017832376,1.2596769509888475,49.72026413185516,973.0,-0.407877922,-17.45277023,-0.824989736,64.58410598704658,282.82220008040457,91857.92060789872,1.1314765628615984,337.13166203474896
86.27900000000001,820.1008652066046,-41.55165757404068,0.9077195552719276,49.36830673613824,973.0,-0.407877922,-17.45277023,-0.824989736,64.53366495043333,282.81934437615706,91853.04580817882,1.1314279408556527,337.12995999235403
86.378,817.5720325635828,-63.21137634876438,0.9598037086965335,40.42097611933169,973.0,-0.834516346,-17.45277023,-0.084630921,75.03635541191976,282.8357817883367,91881.10798626026,1.1317078306369213,337.1397568179684
86.433,815.3629629527225,-66.63912560023451,3.1159052493650052,43.18151560013895,973.0,-0.160203904,-17.45277023,-0.548553646,79.46776211654569,282.85014074080726,91905.62746965022,1.1319523725684493,337.14831463245997
86.479,815.4597446798949,-54.04304009501267,1.3589880757796746,51.36904306572807,973.0,-0.292296708,-17.45277023,-0.904884577,74.5739607154527,282.8495116595807,91904.55313361625,1.1319416580754689,337.1479397099079
86.52300000000001,813.6488648772283,-65.81321037047482,1.759133454999978,42.083793311762996,973.0,-0.743436217,-17.45277023,0.055451356,78.13781971163556,282.861282378298,91924.65668585086,1.1321421494674628,337.1549548047108
86.57000000000001,813.390343743076,-63.83241354631136,-0.20330831709500702,57.92828443883045,973.0,-0.02065427,-17.45277023,-0.915004611,86.19921398391728,282.86296276567,91927.52695866565,1.1321707738271223,337.1559562674813
86.628,810.8971172818352,-78.0993948719832,2.4779570858917483,47.29752510957961,973.0,-0.226252079,-17.45277023,-0.059061557,91.33844553188318,282.87916873766807,91955.2121347881,1.1324468609569716,337.1656144101985
86.679,811.2944093423098,-63.85571319300091,-0.5624105546880794,58.62455173029522,973.0,0.04752088,-17.45277023,-0.662533879,86.68740668976592,282.876586339275,91950.80008954395,1.1324028634193923,337.1640754175398
86.724,808.1699608810063,-57.53205480378524,2.4080586505015815,44.627581335685946,973.0,-1.230796456,-17.45277023,-1.120597482,72.85161008710287,282.89689525427343,91985.50263641354,1.13274891126924,337.17617842284596
86.77000000000001,808.4761606363678,-71.380274723848,-1.6300381928818042,58.8569472043077,973.0,0.052847203,-17.45277023,-1.29902935,92.53075639144495,282.8949049558636,91982.1012758934,1.132714994583187,337.1749923327839
86.821,806.6837862785438,-58.00960809257327,3.5999049556916094,42.39907496325796,973.0,-1.092312098,-17.45277023,0.408589542,71.9427237772099,282.90655538918946,92002.01296520169,1.132913540718022,337.18193518374255
86.87,806.52862216366,-74.77624130468578,-0.7709505799080777,47.12836820607467,973.0,0.004377671,-17.45277023,0.172100842,88.39210212581555,282.9075639559362,92003.73686502909,1.1329307299170253,337.18253621291257
86.933,804.2964190134157,-60.91786715414333,3.7570114677052753,40.896371975700006,960.0,-1.492851496,-17.45277023,0.013376428,73.4684620402057,282.9220732764128,92028.53991831458,1.1331780371672677,337.19118254721906
86.97,802.6667824163164,-72.73171673260734,-1.3600445747740648,46.49130566623348,960.0,0.374557078,-17.45277023,-0.308866084,86.33188195949838,282.9326659142939,92046.65099186015,1.133358611754353,337.19749472820416
87.022,802.8602303151315,-53.29922233359093,4.2854968098342505,53.6719287532347,960.0,-1.688860178,-17.45277023,-0.586367488,75.76178799609312,282.9314085029516,92044.50094495656,1.13333717528754,337.19674543963373
87.069,802.54450341396,-63.85101715697859,2.8050764659908696,41.39317235228137,960.0,-1.220143795,-17.45277023,0.412317961,76.14601475682429,282.93346072780923,92048.01006399261,1.1333721619699113,337.1979683549186
87.12400000000001,800.7972097114341,-55.47648689029169,-1.0722620178179372,60.959396136239654,960.0,-0.302951127,-17.45277023,-1.680394053,82.43080929372555,282.94481813687565,92067.43216578497,1.1335657999732498,337.204736124311
87.17500000000001,800.9111489575992,-56.848380129627095,4.228651251407479,44.673235805795045,960.0,-1.551973701,-17.45277023,-0.081432112,72.42456635789253,282.9440775317756,92066.16556914082,1.1335531722645436,337.2042948090885
87.227,798.4389391577805,-67.26175933748868,-0.907883203397005,40.45775034677102,960.0,-0.649694741,-17.45277023,0.512985468,78.49712150268255,282.9601468954744,92093.65086285939,1.133827187581703,337.21387016681905
87.271,798.4385415858849,-53.39713366974441,1.8897616356991922,51.14187070076923,960.0,-1.690990686,-17.45277023,-0.596487463,73.96158477181591,282.9601494796917,92093.65528347979,1.133827231651936,337.2138717066718
87.322,794.4672374356728,-67.26688561439488,-2.438502010276321,51.577157312480246,960.0,0.330881238,-17.45277023,-0.822856188,84.79966597074862,282.9859629566681,92137.82097320513,1.1342675100007957,337.22925278420945
87.372,792.3909696838197,-55.64081272366675,2.6442918402364786,42.4316708797253,960.0,-1.591388464,-17.45277023,-0.10806372,70.02384603498886,282.99945869705516,92160.91840005787,1.134497747335532,337.23729400317745
87.429,792.9719376391866,-67.3003423153023,-1.2438919490522888,40.65422128507255,960.0,0.150318906,-17.45277023,-0.206068039,78.63618156569807,282.9956824053453,92154.45495353165,1.1344333201957837,337.23504398006463
87.47,791.0384542168001,-47.37820593016047,-0.3039879951872282,51.78802390008135,960.0,-0.822800219,-17.45277023,-1.38638103,70.19106941297666,283.00825004759076,92175.96697109914,1.1346477470079595,337.24253208429286
87.527,791.397040698055,-67.57329244644956,-0.4806586907772115,36.45722380130032,960.0,-0.35514909,-17.45277023,0.342010498,76.78222484487223,283.0059192354626,92171.97701578298,1.134607976776109,337.24114334279466
87.569,790.2352562230186,-63.1078621885908,0.10389101078848821,48.62683959386503,960.0,0.131676778,-17.45277023,-0.509135783,79.66920730271998,283.01347083455033,92184.90458098141,1.1347368322349238,337.2456427061449
87.622,790.1116279287425,-55.649969645800404,2.1602134536228577,33.95078081763584,960.0,-1.418285966,-17.45277023,-0.372776717,65.22454416759744,283.0142744184632,92186.28032086734,1.1347505447147916,337.24612149074125
87.668,787.2935800136387,-55.10166092476459,2.545421978951944,52.843307019219054,960.0,-0.351423711,-17.45277023,-0.98530376,76.38774316895417,283.0325917299113,92217.644163246,1.1350631485240334,337.2570349725851
87.71900000000001,787.4704565311283,-47.93352884824236,0.7429244385038254,41.1683221337054,960.0,-0.927199185,-17.45277023,-0.908072114,63.19023557379057,283.03144203254766,92215.67533820544,1.1350435258153448,337.2563499915456
87.772,784.5241667781078,-61.18518471426194,0.4483115642447444,43.21470363381879,960.0,-0.322128952,-17.45277023,0.254664034,74.90886744528834,283.0505929159423,92248.4751369515,1.1353704215094174,337.267759762373
87.82000000000001,785.0661629478067,-55.427591107341435,0.7803551140200765,49.45681026277846,960.0,0.083204173,-17.45277023,-0.334959835,74.28864577736682,283.0470699408392,92242.44061368243,1.1353102807374547,337.26566086265746
87.875,783.4055928654362,-58.349127604544,1.6149688524944463,28.90583007507169,960.0,-1.056096077,-17.45277023,0.247207195,65.13659362397458,283.05786364637464,92260.93022141428,1.135494547986196,337.2720914388983
87.924,783.1925519708678,-46.47334692722909,2.6300525024198755,44.523368633912526,960.0,-0.321596324,-17.45277023,-0.991162717,64.41288306926918,283.05924841218933,92263.30254117885,1.1355181899930338,337.2729164332745
87.97,781.5476304317137,-50.12256196733272,2.5403073318872087,27.494967622837976,916.0,-1.290986896,-17.45277023,-0.183159649,57.22497377972712,283.0699404021938,92281.62125031895,1.1357007462463213,337.2792862738974
88.022,781.4265418980938,-61.12146176350102,-0.21712588481075368,41.23485499662463,916.0,-0.165535077,-17.45277023,-0.015380494,73.73054657568754,283.0707274776624,92282.96987212109,1.135714185749595,337.2797551758009
88.07300000000001,780.1448883516281,-41.776486931665026,3.3500942694858655,36.88201743524502,916.0,-0.617739856,-17.45277023,-0.926181614,55.828139876407654,283.0790582257144,92297.24524850561,1.1358564427392879,337.28471819690833
88.13300000000001,779.6426167375784,-60.03332061831865,-0.30908073098857747,40.49048697391438,916.0,-0.1559477,-17.45277023,-0.307262957,72.41253103396429,283.08232299120573,92302.84016249371,1.1359121960377763,337.28666315239303
88.17,776.891324149232,-39.42518707092712,2.8902778843696755,40.75880508473983,916.0,-0.807356894,-17.45277023,-0.86705941,56.78009575337373,283.10020639302996,92333.49228830037,1.1362176329556506,337.29731683363116
88.22,777.0800461422299,-48.309483778489806,2.3337929930315044,33.328033403041175,916.0,-1.20470047,-17.45277023,-0.436159968,58.73679105290585,283.09897970007546,92331.38947502465,1.1361966798277747,337.296586066431
88.269,774.3902573370309,-53.58782577320288,2.509787931436448,48.106488657011596,916.0,-0.462211221,-17.45277023,-1.05614388,72.05684115659746,283.1164633273093,92361.36380250107,1.1364953453777515,337.3070012871743
88.321,773.8329921156618,-55.84107396161706,1.657298573097704,30.176223640520345,916.0,-0.750897884,-17.45277023,0.331895709,63.49469783336147,283.12008555124817,92367.57481067245,1.136557229836413,337.309159052167
88.372,772.1253712826153,-64.74548685832558,1.0711073100172142,37.0351744892644,916.0,-0.037703343,-17.45277023,-0.026033141,74.59711448066501,283.131185086663,92386.60923121769,1.1367468776606855,337.31577097843683
88.47,771.022458827068,-67.71645772899045,0.9016569386208678,37.67643878903074,916.0,0.025147263,-17.45277023,-0.073970042,77.49739139107002,283.138354017624,92398.9048074551,1.1368693796327998,337.3200413984656
88.52300000000001,771.0134657336836,-54.212772285987725,1.0597334012000845,52.11076763050372,916.0,-0.706689417,-17.45277023,-1.243630409,75.20425398110356,283.13841247273103,92399.0050704191,1.1368703785493062,337.32007621903625
88.57000000000001,769.395065265691,-62.80897368054618,2.0625886456014086,34.8605506500279,916.0,-0.602293491,-17.45277023,0.441617936,71.86431268959349,283.14893207577296,92417.04986564133,1.13705015487323,337.3263424834931
88.623,769.5450244693294,-53.44408665622956,1.5166070702416925,48.96019904572643,916.0,-0.976736248,-17.45277023,-1.280378103,72.49601082901894,283.14795734094935,92415.37773486142,1.1370334960830135,337.32576186322814
88.67,766.1726200875919,-58.19370306000647,2.1061956091192218,31.63731519657132,916.0,-1.683539152,-17.45277023,-0.510724604,66.27113133655772,283.1698779694306,92452.98789009704,1.1374081776087175,337.33881908190625
88.72800000000001,765.9463697190033,-64.02051093807094,-2.1183765924726443,51.6814093206662,916.0,0.39159596,-17.45277023,-0.602869987,82.30480793689661,283.1713485968265,92455.51155168194,1.1374333179016598,337.339695056195
88.769,763.4964227869255,-54.56663195200535,3.6561076820864784,43.05971658484953,916.0,-0.370068103,-17.45277023,-1.468930006,69.60620402188435,283.18727325188496,92482.84253584393,1.1377055762138373,337.3491803780395
88.833,763.942377218957,-69.55514542146666,-1.2872213325012707,44.33826184551505,916.0,-0.626264215,-17.45277023,0.773451686,82.49519171952797,283.18437454807673,92477.86709477138,1.1376560143675696,337.3474538211836
88.87400000000001,761.4981005839225,-54.46681219502062,3.9717955923627755,34.044987534730005,916.0,-1.003900409,-17.45277023,-1.497159481,64.35425368345966,283.20026234620445,92505.1401535497,1.1379276831757257,337.35691697232056
88.924,761.4618477648953,-65.47492819464368,0.9748837245868417,33.609743186249254,896.0,-1.238791227,-17.45277023,0.637097836,73.60388208115003,283.2004979895282,92505.54470884553,1.1379317128640503,337.3570573251013
88.97,756.9745530502215,-53.832881833420515,3.622316949975942,45.14145816920333,896.0,-0.461680859,-17.45277023,-1.477984667,70.34807454521435,283.22966540517353,92555.63074378669,1.1384305831910253,337.3744294346818
89.024,756.6942676875494,-67.7881689389683,-0.5180468956222226,36.88515830586713,896.0,-0.505889356,-17.45277023,0.66000098,77.17524942579097,283.2314872600309,92558.7599457401,1.1384617491758566,337.3755145015545
89.087,753.9897709269649,-67.4914017145998,-0.5954493221820529,40.86612817370896,896.0,-0.505889356,-17.45277023,0.66000098,78.9017382394506,283.24906648897473,92588.95827697763,1.1387625058905133,337.3859842227064
89.122,754.4155208606098,-50.31727759851618,5.348592205175916,40.24289857252268,896.0,-1.700585961,-17.45277214,-0.386084288,64.65235300452532,283.246299114406,92584.20383671805,1.138715155842092,337.3843360695726
89.177,750.7834193558626,-68.08191869854166,-0.5527484009036285,43.700756715850595,896.0,0.080536179,-17.45277214,0.272781789,80.90246795993,283.2699077741869,92624.77063972023,1.1391191507001988,337.3983963168949
89.223,751.1034425887647,-58.352816050390004,4.3648332187902215,38.803412969055735,896.0,-1.497653127,-17.45277214,0.266922832,70.21258981183924,283.267827623173,92621.19573434799,1.13908355044573,337.397157496806
89.29100000000001,748.6323563968385,-69.52309661764838,0.2559268213597603,47.58438907526985,896.0,0.318622798,-17.45277214,-0.422835916,84.24844535961138,283.2838896834205,92648.80256508026,1.13935846288151,337.4067230318273
89.321,748.5614632786866,-61.758248580242324,2.983787092315392,57.39280870063099,896.0,-0.29283902,-17.45277214,-1.374649763,84.36183226826273,283.2843504886885,92649.59467716691,1.1393663506073726,337.40699745394915
89.421,748.7779064634782,-57.95594502136112,4.440295225683817,44.784142013788305,896.0,-1.314427614,-17.45277214,-1.112062097,73.37729322427629,283.28294360798736,92647.17630358165,1.1393422687885897,337.4061596173696
89.49300000000001,744.5411490104217,-63.58166635539308,3.44380171897323,43.648530143600404,896.0,-1.565297365,-17.45277214,-0.35306108,77.19897829961819,283.3104825314322,92694.5239426998,1.139813728070459,337.42255943387465
89.524,744.2662077105115,-79.26963832710963,-0.6207214409742822,45.96418349613655,896.0,-0.044099763,-17.45277214,-0.055319674,91.63387485032248,283.31226964988167,92697.59721024893,1.1398443282345279,337.42362366052254
89.57900000000001,742.9692278759948,-77.98194459400214,1.9430058604932814,43.548494978210265,896.0,-0.158615693,-17.45277214,0.035227802,89.33885139905894,283.320700018806,92712.0958394061,1.139988686779215,337.4286438886858
89.625,742.7227798866235,-67.70888562190802,2.468293902173896,59.87552213326984,896.0,-0.691780567,-17.45277214,-1.162662148,90.41937744576556,283.3223019307369,92714.85103047272,1.140016118912742,337.4295978080542
89.676,741.0277668339636,-77.37065347561794,0.5011214566943868,38.00506578640147,896.0,-0.227325261,-17.45277214,0.073577322,86.20240232955932,283.3333195155792,92733.802402297,1.1402048045508335,337.4361585748122
89.727,740.7804952885508,-73.05960854488877,0.9648726598769147,52.265355678875494,896.0,-0.05528504,-17.45277214,-0.687554121,89.83487509993836,283.3349267806244,92736.56732457572,1.140232332347051,337.43711566057686
89.775,739.4918452563089,-70.36904625348086,2.2066997173000193,34.452995025253315,896.0,-1.065688372,-17.45277214,0.185430095,78.38163726586087,283.34330300583395,92750.97773457145,1.140375801060106,337.442103447324
89.831,739.4781306928804,-64.06422409453624,2.371198286611241,55.259531691151,896.0,-0.534654021,-17.45277214,-1.166390538,84.63724495087672,283.34339215049624,92751.13110828982,1.1403773280118923,337.4421565298561
89.87700000000001,736.6410918741287,-61.84364523504264,1.6943139918946633,32.46309132580224,896.0,-1.16049695,-17.45277214,0.028836219,69.86672637449331,283.36183290281815,92782.86290588473,1.140693231813356,337.4531371741201
89.938,736.6521759385118,-65.36448821062473,1.1380992655655318,49.397207043526,872.0,-0.19110626,-17.45277214,-0.854800642,81.93836496218456,283.36176085639966,92782.73891540365,1.1406919974743719,337.45309427439145
89.97,734.5715021061264,-60.2093552982926,0.7909243948377654,26.877704059779408,872.0,-1.090722084,-17.45277214,0.009128826,65.94090538019225,283.37528523631016,92806.01646091702,1.140923722519807,337.46114721241014
90.02300000000001,732.5586503659291,-62.55636887340228,-0.7165955712411376,45.02881560150421,872.0,-0.118135646,-17.45277214,-0.753067911,77.08052302827326,283.38836877262145,92828.53974643606,1.1411479284753128,337.46893747225596
90.071,732.8995584752823,-47.91817624636526,2.1542423495419443,42.66598673062021,872.0,-0.634256244,-17.45277214,-0.993285,64.19640798810899,283.38615286991063,92824.72476237683,1.1411099532986797,337.46761808184056
90.121,732.834682160555,-62.79062487627467,0.7665209933821918,27.443347952993413,872.0,-0.65130049,-17.45277214,0.354807138,68.53019388310095,283.3865745659564,92825.450760865,1.1411171800675661,337.46786916804524
90.169,730.8946166303112,-45.044882871315274,1.343340988156407,41.879071303302595,872.0,0.070948794,-17.45277214,-0.665183544,61.51993702148984,283.3991849919029,92847.16319147086,1.1413333060135105,337.47537757989994
90.22,731.0777627939098,-46.56197193195513,2.8628337338259335,30.11531625830105,872.0,-1.221749663,-17.45277214,-0.905933321,55.52607784201222,283.3979945418396,92845.11331773885,1.1413129019426178,337.4746687775678
90.27,729.3549632987966,-58.26539457795501,-1.3426761519664958,38.04174245721023,872.0,0.020881368,-17.45277214,0.172114298,69.5976519270195,283.4091927385578,92864.39729699465,1.1415048477811558,337.48133620371397
90.334,729.7347696795059,-43.69418701722811,1.9600793387927904,34.9595242015708,872.0,-0.366874874,-17.45277214,-1.142954707,55.99278723649219,283.4067239970832,92860.14569460893,1.1414625295020153,337.4798663219894
90.371,727.458065834813,-56.557134470717685,1.0227902879316464,28.649449112662815,872.0,-1.394322395,-17.45277214,-0.000991187,63.40777944362179,283.4215225720737,92885.63377527804,1.1417162193233035,337.48867725605146
90.422,724.3992659931512,-42.870219633161014,2.107650029468063,39.24701507724497,872.0,-0.781795382,-17.45277214,-0.916053355,58.16034828399564,283.4414047710445,92919.88646938566,1.1420571248754177,337.5005145704813
90.471,724.4918103335558,-53.789024337963674,0.7735100834955786,27.450338434104076,872.0,-1.267023325,-17.45277214,-0.475566506,60.39353059083538,283.44080323283185,92918.85000017322,1.1420468095965428,337.5001564372647
90.523,722.466565299214,-49.00363255191219,0.4451571418295831,45.15438764000248,872.0,-0.317872733,-17.45277214,-1.035895705,66.63687336083048,283.4539673255551,92941.5342842996,1.1422725659706874,337.5079937558825
90.571,722.2450122981332,-47.07934804509542,2.5229555581524075,33.143022076095114,872.0,-1.408703566,-17.45277214,-0.179422975,57.630636205374046,283.4554074200621,92944.01611843996,1.14229726480801,337.5088511134195
90.627,719.7119243870071,-62.31576370774633,-0.835774745538886,45.37975449048229,872.0,-0.096830353,-17.45277214,0.073044695,77.09263936019704,283.4718724914844,92972.39555421114,1.142579683732687,337.5186534077085
90.67,719.8101629478966,-46.00595406866174,3.0686621869912716,36.370323708859054,872.0,-1.43480444,-17.45277214,-0.887820661,58.72618618702289,283.47123394083866,92971.29480829427,1.1425687299278675,337.5182732591005
90.73,715.6355681965597,-68.45804481097038,-1.3989914812479425,47.584476954208846,872.0,0.081066951,-17.45277214,-0.206051424,83.3831129396778,283.49836880672234,93018.07971812083,1.143034276801227,337.53442709204865
90.77,715.0230447566242,-58.33850212082106,1.4624925210210378,53.46815541943331,872.0,-0.134116471,-17.45277214,-1.121113539,79.14773122479103,283.5023502090819,93024.94590502648,1.1431025970447395,337.53679722146404
90.829,712.2603906793149,-71.42331882581148,0.4952216350814701,44.561638341146214,872.0,-1.231338859,-17.45277214,0.363332421,84.18595683490496,283.52030746058443,93055.91945135678,1.1434107795017396,337.5474869691449
90.874,712.3462349837934,-53.96277478254821,3.4156692413254306,57.560850539591705,872.0,-0.642780244,-17.45277214,-1.541893005,78.97404240280076,283.5197494726053,93054.95688068487,1.143401202351954,337.5471548103404
91.03,709.8308855253845,-59.53318834689746,3.3715529076748947,60.85553604661325,864.0,-0.49630636,-17.45277214,-1.533903599,85.19955487722376,283.536099244085,93083.16479296262,1.1436818507087823,337.5568873585909
91.077,708.2491040548816,-63.75843168309512,3.3917627242949826,61.10600633459819,864.0,-0.418542057,-17.45277214,-1.488629818,88.37751792865524,283.54638082364323,93100.90692882784,1.143858363858452,337.56300754318073
91.12,706.7626893654376,-75.73353887998543,2.1238512304060704,43.878049287043325,864.0,-1.618029952,-17.45277214,0.133767933,87.5520580259046,283.5560425191246,93117.58187369438,1.1440242538929348,337.5687586361638
91.172,706.2977367201605,-75.25496378738585,-0.44375220398826304,57.956482477342576,864.0,0.354307294,-17.45277214,-0.497933894,94.98663249008156,283.5590647113189,93122.7983168625,1.1440761483123756,337.5705575661742
91.222,706.2990092127149,-64.64999903978206,3.929741477526579,48.1064932317682,864.0,-1.505111814,-17.45277214,-1.06998086,80.68023261606385,283.55905644011733,93122.78404006404,1.1440760062841377,337.5705526428364
91.271,704.6814928589067,-78.83602199504654,-2.2019049164207565,53.14255733029312,864.0,0.368155748,-17.45277214,-0.44413805,95.10046345243492,283.56957029641706,93140.933282411,1.1442565549668378,337.5768108372095
91.325,703.1937336139626,-64.25055958421683,4.59782228626415,41.21430205177187,864.0,-1.454511762,-17.45277214,0.029904639,76.47151803302816,283.57924073150923,93157.62912181251,1.1444226392844632,337.58256689700613
91.37,702.6453133787187,-81.39810917394304,-3.161754804365831,42.42055155873083,864.0,0.378808379,-17.45277214,-0.241737783,91.84308392624358,283.5828054630383,93163.78418058273,1.1444838662079075,337.5846886803831
91.421,702.1918476252731,-57.72931203151334,4.335926176692997,43.91702877678632,864.0,-1.447587609,-17.45277214,-0.389809549,72.6648411545958,283.5857529904357,93168.87378993709,1.144534494082618,337.5864430842364
91.476,701.6036968651298,-71.77919405807133,0.8589098334179688,35.81558140316348,864.0,-0.90377003,-17.45277214,0.349483997,80.22310326193343,283.58957597037664,93175.47541238066,1.1446001616222947,337.5887185544198
91.547,699.3834105621991,-53.303156672129546,3.298153184699731,40.331981902412934,864.0,-1.237197876,-17.45277214,-0.922974408,66.92363625670603,283.6040078313457,93200.40014390011,1.144848084482328,337.59730838260975
91.579,699.5837454812472,-66.58193063827457,0.08375504934675451,30.919693035724393,864.0,-0.516546369,-17.45277214,0.444292516,73.41108853471471,283.60270565437185,93198.15098080451,1.1448257128856854,337.5965333372403
91.741,697.0864665757007,-62.913161337726336,-0.5648869608931113,26.495711013335537,864.0,-0.457960099,-17.45277214,0.402752697,68.26717856252418,283.6189379672579,93226.19110901387,1.1451046103685907,337.6061945535092
91.858,694.9247122884474,-42.7702543474272,2.1548475159582203,34.83767724129924,864.0,-1.226548433,-17.45277214,-0.70352447,55.2050883554187,283.6329893701251,93250.46939114183,1.1453460782476308,337.6145575033342
91.918,694.5637553237275,-46.317127501703695,2.5176302761294185,26.36415289804448,864.0,-1.262234807,-17.45277214,0.066661753,53.35431866538853,283.63533559039575,93254.52373406623,1.1453864009229855,337.6159538791263
92.016,690.7288200299059,-48.15681118330352,3.373938601623211,44.758755773000146,819.0,-1.136533618,-17.45277214,0.092760734,65.83166520284098,283.6602626698056,93297.60733139775,1.1458148704474618,337.6307891160324
92.024,690.837881319248,-48.979915091004315,2.5508346939224147,43.93565186529935,819.0,-1.136533618,-17.45277214,0.092760734,65.84740195927621,283.65955377142484,93296.3818592421,1.145802683557543,337.63036722742004
92.088,688.1771345143562,-61.7777144940771,-0.15860653302328687,34.097683314212446,819.0,-0.569812834,-17.45277214,0.090630203,70.56318566745936,283.67684862565665,93326.28318240664,1.1461000330146551,337.6406598103857
92.124,685.7475002269856,-40.82456169846218,2.3399952381086324,42.21372074400124,819.0,-0.757831991,-17.45277214,-0.88195622,58.77175031116938,283.6926412485246,93353.59405383722,1.1463716062544795,337.65005810534757
92.173,685.2895985616248,-55.45390108226067,1.6031370061286774,30.36671588920068,819.0,-1.036931396,-17.45277214,-0.033473104,63.244309051463304,283.6956176093494,93358.74192910225,1.1464227938895024,337.65182932818425
92.221,684.0680038548686,-45.64559923387014,1.4526017489518903,45.29355172904992,819.0,-0.742385685,-17.45277214,-0.828160405,64.32057687468503,283.70355797494335,93372.47660756146,1.1465593613363119,337.65655456897395
92.273,684.38560282962,-54.70292750536499,1.9223720947401606,32.96458510345989,819.0,-1.144523025,-17.45277214,-0.480351537,63.89655439201009,283.70149358160745,93368.90560972394,1.1465238543524092,337.65532607326156
92.32,682.8981989501206,-62.46959651529774,1.2026807655745413,48.84775251977489,819.0,-0.247570351,-17.45277214,-0.45798099,79.30951932801734,283.7111617068242,93385.63053455872,1.1466901506386817,337.66107942006204
92.369,683.0043961824566,-50.25658171391932,2.5022297111020912,41.88664918915104,819.0,-0.982070148,-17.45277214,-0.761048734,65.4711886205679,283.710471424814,93384.43633279637,1.1466782768528194,337.66066864751957
92.419,682.9151207055941,-63.06213216300913,0.3654927573492561,29.570407255264552,819.0,-0.903240621,-17.45277214,0.067194387,69.65181320786063,283.7110517154136,93385.44024637772,1.1466882586310883,337.66101396648276
92.469,681.0942272802372,-54.03361240680379,1.9632591370834027,41.544359688762874,819.0,-1.130674601,-17.45277214,-0.822301447,68.1866517591042,283.72288752267843,93405.91832109094,1.1468918649296704,337.66805713413106
92.525,674.644686918755,-67.00564760091677,1.0607995664895014,44.91614383590838,819.0,-0.03824589,-17.45277214,-0.067028932,80.67429629830383,283.76480953502806,93478.48019081102,1.1476132537467207,337.6930026042022
92.57,674.7389285214822,-55.18865969223876,2.5831498391364307,42.284176992543344,819.0,-0.819084704,-17.45277214,-1.16744709,69.57307270527802,283.76419696461033,93477.4195779253,1.1476027102120636,337.69263811070556
92.662,672.6533191432698,-68.15512622709063,0.865945368285604,31.19818388732993,819.0,-1.09072721,-17.45277214,0.341499984,74.96130848830725,283.77775342556873,93500.89370020693,1.1478360607401221,337.7007044249883
92.672,672.8497094332387,-68.12676154024965,0.8943100551265937,31.22654857417092,819.0,-1.09072721,-17.45277214,0.341499984,74.94766683687888,283.77647688868393,93498.68306850268,1.1478140858646235,337.6999448730417
92.725,670.9325360136636,-62.84213280940409,2.437180169863373,28.802193932093314,819.0,-1.366100311,-17.45277214,0.160409003,69.17109134976165,283.7889385159112,93520.26519372886,1.1480286196412308,337.7073595902068
92.77,670.5244796808266,-60.15169921896909,-0.9647378810264434,46.2054184897973,819.0,-0.038248226,-17.45277214,-1.22496748,75.85577325375911,283.7915908820746,93524.85931177501,1.1480742855448247,337.7089377374832
92.825,668.6362109421652,-57.98179427460776,2.308505221549316,28.198603810856124,819.0,-1.014563084,-17.45277214,0.625396967,64.51650114926016,283.8038646288759,93546.12083807126,1.1482856212717967,337.71624047179955
92.873,668.6786690163677,-66.37178730796865,-1.9559537926292774,36.13803663416689,819.0,0.127400398,-17.45277214,0.388908237,75.59760311984445,283.80358865139357,93545.64272568465,1.148280869021574,337.71607627019404
92.921,666.6523631883192,-46.26174135513745,3.494066499806133,40.93564938120365,819.0,-1.591403723,-17.45277214,-1.028958797,61.87151690540277,283.8167596392759,93568.46278073835,1.148507686295148,337.72391268051456
92.971,665.797493551978,-65.9930027286092,-1.5148099987736026,35.65813357285462,789.0,-0.627872109,-17.45277214,0.783588707,75.02581921158973,283.8223162919121,93578.09158962886,1.1486033875597588,337.7272186961405
93.035,662.585895729053,-66.44406540341997,-2.4647772921420286,40.98281171622798,789.0,0.429935515,-17.45277214,0.017663574,78.10556837128581,283.8431916777611,93614.27253384028,1.1489629752226007,337.7396385376491
93.069,662.872785789216,-55.831859124238456,3.115245272194673,34.96337563297846,789.0,-1.381013989,-17.45277214,0.602493763,65.94951767850537,283.8413268923701,93611.04005165884,1.1489308499750504,337.7385290994156
93.127,661.093993738581,-62.037554650622845,-0.2025773527271736,51.53924260596945,789.0,0.47627452,-17.45277214,-0.569829762,80.65353527905538,283.8528890406992,93631.08372848526,1.1491300458388463,337.74540784263195
93.175,660.5033021487144,-53.47323139814145,4.293782199119435,39.59104724700794,789.0,-1.81138432,-17.45277214,-0.08353065,66.67288852185325,283.85672853603336,93637.7404922317,1.1491961995611863,337.7476920672823
93.22,659.5709295181263,-71.44639097585515,-2.0943170510140825,39.00747259035015,789.0,0.310622394,-17.45277214,0.327661455,81.42822523714884,283.86278895813217,93648.2485899878,1.149300625328069,337.7512975528067
93.271,659.4254816139231,-53.69223136240592,3.1489378431198043,37.376442301587275,789.0,-1.67130208,-17.45277214,-0.992201209,65.49633544968634,283.8637343695095,93649.88791424151,1.149316916152905,337.75185999646953
93.322,658.171294054347,-66.91595324180923,-3.046996798424463,40.83712487455643,789.0,0.518348992,-17.45277214,0.08158534,78.45189453269899,283.8718865886467,93664.02466183782,1.1494573981764307,337.75670987173515
93.371,658.1691857281274,-51.83764947492686,1.381684941238091,48.05294277661185,789.0,0.330329806,-17.45277214,-1.144533992,70.69749829983068,283.8719002927671,93664.04842758155,1.1494576343419087,337.7567180244596
93.421,656.8228419561902,-65.64325022822635,-0.5126472140904158,30.15538931398456,789.0,-0.317883641,-17.45277214,0.739386141,72.24020080515854,283.8806515272847,93679.22585276022,1.149608453460927,337.76192418517206
93.471,653.216545339817,-48.97467834233112,1.7069774139099119,42.42019865341125,789.0,-0.800981045,-17.45277214,-1.369304895,64.81439766302907,283.90409245529116,93719.88969201448,1.1500125099203753,337.7758689353161
93.525,653.3530389037422,-53.178106045718394,3.974876512523321,29.342087927483963,789.0,-1.523762941,-17.45277214,-0.648120821,60.86598992741086,283.90320524712564,93718.35035920593,1.1499972149390922,337.775341155423
93.571,650.216756120986,-56.86780609174298,0.026129394754890872,39.731956482896514,789.0,0.364950895,-17.45277214,-0.170349687,69.37273541091004,283.92359108521356,93753.72557015477,1.150348694882865,337.7874680171169
93.625,650.6091601238587,-49.984325335904025,2.9855588965622295,25.96859809802382,789.0,-1.428954363,-17.45277214,-0.510169029,56.4066877984076,283.9210404591949,93749.29891891926,1.1503047140776697,337.78595075777895
93.673,650.6385209689964,-55.92626930744111,0.8045655544257999,25.164381775780924,789.0,-1.104048729,-17.45277214,0.348966718,61.332218568522805,283.9208496137015,93748.96771039443,1.150301423353562,337.78583723160773
93.723,648.0449020956639,-42.56876696391006,2.481061240516424,38.74254923092479,789.0,-0.969292819,-17.45277214,-1.051856041,57.61285192227081,283.93770813637815,93778.22899344741,1.1505921404575696,337.7958655294145
93.771,648.2555360160209,-43.065207591180354,3.3326114917496725,29.61607514359926,789.0,-1.420432329,-17.45277214,-0.389261544,52.372037492709005,283.93633901589584,93775.85233959563,1.1505685285373946,337.79505111874875
93.822,646.4501026226989,-57.421330834263486,1.804008828977987,47.24719858237633,789.0,-0.029729579,-17.45277214,-0.555975437,74.38253462013427,283.94807433295244,93796.22523866259,1.1507709284303942,337.8020317170748
93.871,643.2448868863494,-42.71205470183175,3.9064329932539454,40.695606866100064,789.0,-1.314971089,-17.45277214,-0.203905523,59.12454865606351,283.9689082352387,93832.40241209239,1.1511303194075468,337.81442413327375
93.932,643.3969598524848,-64.71636689445657,1.6231116762594495,51.53243116781154,755.0,-0.350374192,-17.45277214,-0.903251648,82.743181577679,283.9679197609588,93830.68571382706,1.1511132659937278,337.8138361795392
93.97,643.4286364724321,-48.314309425066995,2.381738366638355,56.98744470245771,755.0,-0.811633706,-17.45277214,-1.053986549,74.74967576239986,283.96771386292914,93830.32813079837,1.1511097138120137,337.81371370933914
94.021,640.1965344850106,-70.2688090260788,2.522811241230905,47.222446951884805,755.0,-0.464357495,-17.45277214,-0.226808712,84.69964341498722,283.98872252584744,93866.81955577893,1.151472201441898,337.82620964256506
94.073,637.8988048786601,-58.047767633448,3.590526845055447,60.973769291405226,755.0,-1.101918221,-17.45277214,-0.829748392,84.26289665002828,284.0036577682887,93892.76861733607,1.1517299501756342,337.83509282983346
94.12,638.0518714764843,-79.13724615750385,0.5766217154859057,58.81375462671757,755.0,-0.158093944,-17.45277214,-0.607108116,98.60067928410975,284.0026628354028,93891.03980231246,1.1517127784969434,337.8345010706623
94.187,634.2467311535852,-60.48863291915222,3.634577981014104,57.05539217389036,755.0,-1.16210568,-17.45277214,-1.020963311,83.23101973209536,284.02739624750166,93934.02471236985,1.1521397138287421,337.84921152784045
94.226,634.042825311037,-63.847321308801156,4.161561327528231,50.818426691498324,755.0,-1.303253174,-17.45277214,-0.27900666,81.70869918430512,284.02872163547823,93936.32859210555,1.1521625954059846,337.8499997982087
94.272,632.4180613223735,-66.25278561218855,0.22100932683030516,65.76416231850574,755.0,-0.341319442,-17.45277214,-1.319770098,93.3509801338579,284.0392826014045,93954.68801794424,1.1523449329749564,337.85628083406476
94.326,632.1956492797202,-64.71074813062674,2.2859361764652446,51.36535142682744,755.0,-1.357048988,-17.45277214,-0.212960273,82.65050365865757,284.0407282796818,93957.20144435648,1.1523698946692802,337.85714062863275
94.372,631.1141789333436,-60.28626549621722,1.4239864227104273,61.8534026007213,755.0,-0.542654455,-17.45277214,-1.236679435,86.38463380775178,284.0477578369333,93969.4236635141,1.1524912758823835,337.8613213167917
94.422,631.3368641970902,-65.40022673538124,1.5292995018055082,52.2877098732584,755.0,-1.305916309,-17.45277214,-0.919763207,83.74683885255337,284.0463103827189,93966.90688445805,1.1524662815103062,337.8604604766637
94.478,629.8800052136453,-73.45560338200276,2.247866353653299,61.06545170288654,755.0,-0.594319761,-17.45277214,-1.159447789,95.54981927264724,284.0557799661113,93983.37323018604,1.1526298080459698,337.8660922539892
94.545,629.6277637463203,-78.98837695443537,0.3944921407425479,40.57523291059408,755.0,-1.215901494,-17.45277214,0.011277891,88.80128852496478,284.0574195356489,93986.22446076803,1.1526581229344084,337.86706733387206
94.57,629.8165283761206,-85.10907832109275,-0.11836822249193213,51.18691665338313,755.0,-0.438258499,-17.45277214,0.127391726,99.31600908303952,284.0561925655552,93984.09073884449,1.152636933468103,337.8663376341592
94.62,628.0431540938945,-86.70251971837722,-0.6564357914546424,39.90328038660614,755.0,-0.402572155,-17.45277214,0.266408741,95.44647515270535,284.06771949838964,94004.13781846759,1.152836012463369,337.87319283248536
94.67,624.8880177034259,-74.42729014932064,-1.237515111770329,56.32322241990051,755.0,0.155626431,-17.45277214,-0.339194119,93.34483567067117,284.08822788492773,94039.813564889,1.153190273104759,337.8853890598348
94.726,624.6932780977695,-73.72761187932048,1.7647897369924945,33.47380232056223,755.0,-1.007643342,-17.45277214,0.287183166,80.9899418325485,284.0894936923645,94042.01588299939,1.1532121413151373,337.88614181429597
94.776,621.4382358265361,-69.36905746688922,-1.4033497554068148,53.19755904384532,755.0,0.321274012,-17.45277214,-0.54851681,87.43006240764093,284.11065146712747,94078.833471755,1.1535777120278758,337.89872373996104
94.818,621.5969522280719,-58.58052891987769,0.9949997195568068,50.894724651080075,755.0,-0.215086639,-17.45277214,-1.315507174,77.6076116774882,284.10961981051753,94077.03796937644,1.1535598846834296,337.8981102540419
94.873,619.730228939775,-67.90941161446091,-1.9441037830183294,44.520874980287125,755.0,0.18172437,-17.45277214,0.231256783,81.22546419905386,284.1217535118914,94098.15730418204,1.1537695721248498,337.9053256221686
94.921,619.6294205023098,-53.83676736236333,2.9420347256369923,36.713815487315756,718.0,-1.410845995,-17.45277214,-0.92508775,65.23003400269504,284.12240876673496,94099.29791837536,1.1537808966808232,337.90571526845736
94.97,617.8670363113596,-67.49089506544394,1.040877819856728,28.183026629026987,718.0,-1.395932317,-17.45277214,0.141774565,73.14634189994109,284.13386426397614,94119.24052254678,1.1539788920461795,337.9125271897508
95.02,618.0462090693838,-49.907126660118166,1.6380114933715768,43.96307051062396,718.0,0.118341133,-17.45277214,-1.11417222,66.5293615018481,284.132699641049,94117.21290177599,1.1539587616639129,337.91183466216205
95.071,616.404947960951,-59.10530323148341,1.1658118958538295,26.01493344454317,718.0,-1.179150939,-17.45277214,0.465082347,64.58771361169343,284.1433678382538,94135.78766738693,1.154143170348367,337.9181783111987
95.122,615.8573097655773,-57.85740150654799,-1.7214114438487742,34.847093679545836,718.0,-0.110690728,-17.45277214,0.5519014,67.56302320322824,284.14692748652374,94141.98615403177,1.1542047068530175,337.9202949646696
95.168,614.2373035719763,-40.52308858071999,3.7831838241765814,30.1961693102314,718.0,-1.67183578,-17.45277214,-0.369019717,50.67782383824853,284.15745752678214,94160.32425838012,1.1543867569130355,337.9265563051947
95.221,613.8627243225599,-53.25355587745316,1.1122938886578149,26.25404046371577,718.0,-1.19779706,-17.45277405,0.587061882,59.38394607937567,284.15989229190336,94164.56482260495,1.1544288538138945,337.9280040413153
95.271,610.7072466999039,-41.946515157721905,2.422124070065207,43.317642394070724,718.0,-1.169567466,-17.45277405,-1.246791005,60.347286280895645,284.18040289645063,94200.29372373292,1.154783527202456,337.9401996093342
95.324,610.2829420793645,-59.75962450046842,1.341392673329598,33.223105075544254,718.0,-0.046778809,-17.45277405,0.30742991,68.38703653179967,284.1831608764841,94205.09888520083,1.1548312250906396,337.9418394656582
95.372,608.4038259991694,-60.24622913742751,0.7348616491051784,48.01535349703003,718.0,0.221135214,-17.45277405,-0.707767069,77.04299006637463,284.1953751310054,94226.38186944155,1.1550424826451737,337.9491017947779
95.423,607.9554490357312,-45.93019441085738,1.772444588267541,46.448095098434216,718.0,-1.414045691,-17.45277405,-1.04598856,65.34638365442133,284.1982895812677,94231.46078979498,1.155092895299873,337.95083464022406
95.471,605.3796366953803,-65.7063969676768,0.8345675951432192,56.91778883138536,718.0,0.009147575,-17.45277405,-1.046521187,86.93481345812485,284.21503236148,94260.64219844622,1.155382535872932,337.9607892272534
95.523,605.508973014459,-58.99208296625919,3.8454936362248557,40.39000945729375,718.0,-1.294203401,-17.45277405,0.265351951,71.59753164714921,284.21419167540597,94259.17677128292,1.1553679911573325,337.96028939595163
95.571,603.8008527839517,-73.07445240468276,1.1898838314765996,47.7028377570159,718.0,-0.241189569,-17.45277405,0.217415079,87.2745790471019,284.2252944569043,94278.53187691167,1.155560091748543,337.9668905135474
95.624,603.6033464414149,-56.5270410280198,2.1658204825644445,53.758931241779344,718.0,-1.488614202,-17.45277405,-1.027879119,78.03857913881114,284.2265782481308,94280.77007454034,1.1555823055110157,337.96765377854774
95.67,601.3154636560122,-75.93735462364872,1.3155921670122412,52.91349786319283,718.0,0.150295123,-17.45277405,-0.401503593,92.5637664861678,284.2414494862359,94306.70014419114,1.1558396500953922,337.97649519609143
95.72,601.4839426735087,-63.80574990925806,0.9554756951064208,59.65793220767179,718.0,-0.211362153,-17.45277405,-1.349056363,87.35648533784935,284.24035437262216,94304.79046452124,1.1558206978203454,337.97584412458485
95.771,598.5085346678438,-76.63241962714363,1.1434075061427398,44.32235515232096,718.0,-0.725884914,-17.45277405,0.39105317,88.53420968690129,284.259694524659,94338.5207915385,1.1561554376870193,337.98734212781505
95.821,598.2364794433174,-64.64969795002686,3.3112098858482435,51.82935852517064,718.0,-1.27609396,-17.45277405,-1.193527699,82.9266541051098,284.26146288361844,94341.60539769709,1.1561860481912707,337.98839342356086
95.87,595.8665839483094,-76.89609674050689,1.0044649234673146,38.719485971045295,718.0,-0.728015423,-17.45277405,0.458697468,86.10004203001206,284.276867204336,94368.47911080439,1.1564527250437542,337.99755120918627
95.926,595.9583977718469,-68.3297241072233,2.216837625971517,57.32144579334318,690.0,-1.231352806,-17.45277405,-1.208974123,89.21666724031085,284.27627041448295,94367.43786157487,1.1564423926481375,337.99719642545597
95.973,591.569767822037,-83.13926515621078,0.6761506575824092,44.50750739048047,690.0,0.23178786,-17.45277405,-0.155427486,94.30542298585033,284.30479650915674,94417.21917816869,1.1569363521877554,338.0141543976152
96.053,591.388588837112,-69.1992470980241,4.12005027581332,38.649773592108325,690.0,-1.09766221,-17.45277405,-1.30058682,79.36822797524121,284.30597417255876,94419.2747932398,1.156956748145581,338.0148544675606
96.076,590.3662604271034,-77.73986610260008,0.5252788308966363,35.50593700916336,690.0,-0.844129264,-17.45277405,0.570017636,85.46598307162361,284.3126193072238,94430.87457529716,1.157071840418468,338.0188046854702
96.126,589.7851030677851,-69.89589590602144,-0.054509010376255426,56.057497535463554,690.0,0.189709902,-17.45277405,-1.003910661,89.59845012987724,284.3163968300594,94437.46915346618,1.157137270189023,338.0210502233492
96.211,587.9019916663436,-76.40727661591865,0.29400216042947924,40.172522606294244,690.0,-0.111759938,-17.45277405,0.41289109,86.32490909166988,284.3286370541687,94458.83998186204,1.1573493002802089,338.0283262878405
96.233,587.8686035269667,-69.87426611358882,-0.4214558826109388,52.53883385496686,690.0,0.293039113,-17.45277405,-0.582063437,87.42379397402875,284.3288540770747,94459.2189284947,1.1573530599065318,338.0284552932697
96.271,586.1873931744826,-66.14754379283856,1.9812628085368373,32.1791803593666,690.0,-1.444407225,-17.45277405,0.081063695,73.58615767073745,284.3397819443658,94478.30181707854,1.157542382407275,338.0349511071042
96.328,585.0051818196368,-61.518396634449935,1.746125016578794,52.30305487473323,690.0,-0.070216082,-17.45277405,-1.092857718,80.76615396486562,284.34746631817234,94491.72259466154,1.1576755264019631,338.039518827731
96.373,585.0822448087589,-55.614686914444256,3.3420125661470674,39.20534029748767,690.0,-0.981549799,-17.45277405,-1.155708313,68.12650847082766,284.346965408743,94490.84770809082,1.157666846992679,338.03922108064853
96.424,584.9760033725407,-67.99654926742733,-0.5969029887020529,41.7377497056767,690.0,-0.081401356,-17.45277405,0.2397881,79.7867580238056,284.3476559780785,94492.05385566948,1.1576788127095519,338.0396315639786
96.479,582.585383987841,-54.2273573708709,2.2444299231832527,47.47175255250774,690.0,-0.387664884,-17.45277405,-1.129076719,72.10555487280263,284.363195004079,94519.19759657327,1.157948087427825,338.04886802988887
96.523,582.5598952245019,-65.73152074229986,-0.7016616777706208,31.32876101327305,690.0,-0.713635802,-17.45277405,0.352173477,72.81906628646254,284.3633606810407,94519.48703691932,1.1579509586906989,338.04896650764937
96.59,578.9514665860814,-46.711583777599955,2.310261893808365,37.03666993660497,690.0,-1.170101523,-17.45277405,-0.772213161,59.65755852381776,284.38681546719044,94560.47017317536,1.158357496590269,338.06290765447756
96.634,579.2654568755822,-55.40682494289363,0.9546292161059765,24.638048855308973,690.0,-1.273964882,-17.45277405,-0.057953313,60.64537095763612,284.3847745303087,94556.90342149846,1.1583221170347273,338.0616945773288
96.673,577.27728806788,-60.655138613868665,0.4122972340402962,32.394748881725334,690.0,-0.046247631,-17.45277405,0.058693144,68.76507532451967,284.3976976275588,94579.48973107719,1.1585461523412517,338.0693756399521
96.724,577.5402353783018,-43.53519900052427,2.776272296158026,30.930614600148665,690.0,-1.198333144,-17.45277405,-0.790319204,53.47638880310257,284.395988470041,94576.5023048202,1.1585165204193122,338.0683597831293
96.782,575.5446940807113,-61.64056080461509,-1.2351278899172793,39.14709236301284,690.0,-0.10270866,-17.45277405,-0.018535098,73.03135708509161,284.4089594884754,94599.17618132719,1.158741415421926,338.07606917620416
96.825,575.6699686960677,-48.148479004660935,1.1707895964735693,42.325350249002405,690.0,-0.666233599,-17.45277405,-0.969816267,64.11772026859823,284.40814520347556,94597.75264800612,1.1587272961473543,338.07558520680067
96.871,573.8178561290877,-64.02993977469221,0.2515732775209387,35.44810223774339,690.0,-0.528281808,-17.45277405,0.185995683,73.18787077735068,284.42018393516094,94618.80053051941,1.1589360548491519,338.0827403432821
96.946,573.7250018790434,-55.577914406937445,2.3522013001546465,49.066628193734154,690.0,-0.317359447,-17.45277405,-0.89844352,74.17527501184921,284.4207874877862,94619.85584986006,1.1589465215647112,338.0830990566027
96.974,570.2655267172502,-53.63740596091742,3.8561699151217743,34.8983852648859,664.0,-1.370373368,-17.45277405,-0.378594458,64.10724341856351,284.44327407633784,94659.18072516327,1.1593365320200892,338.09646338442803
97.034,567.7357299047968,-54.89815968527443,2.5954179475502284,52.720607272013076,664.0,-0.583142936,-17.45277405,-1.120551109,76.15777414212022,284.4597177556188,94687.94604874853,1.159621796987044,338.10623592955295
97.07,567.9075056895575,-50.56489153974028,3.019023739762416,46.701668857974546,664.0,-1.310185909,-17.45277405,-0.73652333,68.89824841668224,284.45860121301786,94685.99262996508,1.1596024255055797,338.1055723727065
97.122,567.9632737500526,-67.82246433745136,1.3329321776540262,38.93281714094722,664.0,-0.49153021,-17.45277405,0.180136725,78.2139861375542,284.45823872062465,94685.35844761097,1.1595961364887237,338.1053569446326
97.17,565.4435783342277,-55.39859747804509,3.5868863460622267,47.039270696270314,664.0,-1.189278364,-17.45277405,-0.887258232,72.76375020455602,284.4746167408275,94714.01531348702,1.1598803109661218,338.11509021283916
97.242,565.5053385046017,-63.84215029883071,3.6966051906498887,39.272106674866784,664.0,-1.407657623,-17.45277405,-0.159150004,75.04520909022871,284.4742152997201,94713.3128220527,1.1598733449381033,338.1148516443762
97.284,563.1641510368119,-56.01937879186173,3.450612202675901,51.292369121321514,664.0,-0.926160872,-17.45277405,-1.188723326,76.03278670992692,284.4894330182607,94739.9456247519,1.1601374335936923,338.12389511397805
97.323,561.0442683739524,-79.234379275371,-0.5758718859481432,42.00823257554119,664.0,0.009141286,-17.45277405,0.041124515,89.6833880476375,284.5032122555693,94764.0661466658,1.1603765984931582,338.13208352527806
97.374,561.369540756421,-60.44643510323185,2.8372695326345654,53.61007032206648,664.0,-0.851059735,-17.45277405,-1.362894058,80.84467363424103,284.5010979850832,94760.36479831772,1.1603398988536806,338.13082711764895
97.432,559.3819132647354,-80.43788091092449,-0.5848898019583278,42.2726517954916,664.0,0.017663402,-17.45277405,0.24086161,90.87118284331609,284.5140175637792,94782.98429120338,1.1605641715759043,338.13850451901504
97.474,559.461532960206,-71.79696197607339,0.02563270414268326,55.35090638900172,664.0,0.214737326,-17.45277405,-0.868611336,90.65609325419489,284.5135000357586,94782.07812331991,1.160555187099119,338.1381969836746
97.521,559.4080354070221,-73.75996677099222,2.4472039382427617,37.66292049423838,664.0,-1.312851906,-17.45277405,0.330343813,82.85539864926454,284.51384776985435,94782.68698903703,1.1605612238850533,338.13840362087143
97.569,558.0623671377906,-72.98778935478238,-0.7430496709938744,50.85485818383811,664.0,0.346297503,-17.45277405,-0.529324651,88.96058744528351,284.5225946136043,94798.0033345645,1.1607130800642818,338.1436012959127
97.623,552.1852069539832,-70.64595368110783,2.9228025100316706,35.75434450146224,664.0,-1.499273181,-17.45277405,-0.095761962,79.23235889934821,284.5607961547991,94864.9204428581,1.1613764849212924,338.16630102765873
97.673,552.3463571470736,-60.47338406675563,1.2080834234724764,52.09121837717666,664.0,0.135375112,-17.45277405,-1.057163119,79.82471220156143,284.559748678544,94863.08508340799,1.1613582906669007,338.1656786272765
97.723,552.3707265822675,-53.93412974654436,3.50667730504209,45.87970657394717,664.0,-0.838276565,-17.45277405,-1.381003499,70.89523688196739,284.55959027721525,94862.80753940393,1.1613555393165238,338.1655845066208
97.77,550.2511542931703,-68.07415291690008,-0.8663943422169739,41.070099484091294,664.0,0.467738837,-17.45277405,-0.501097143,79.5084524194936,284.57336749709435,94886.94985087252,1.161594861252058,338.17377070976
97.821,550.4677034834806,-58.48998098578614,0.6586027103304113,48.5051569170077,664.0,-0.182605103,-17.45277405,-1.370885611,75.98856414481865,284.57195992735734,94884.48308829794,1.1615704088476362,338.1729343634808
97.872,547.8335589447464,-65.55753525728949,-1.4535148761953542,28.312661913452636,664.0,0.199292213,-17.45277405,0.255773246,71.42485533154091,284.58908186685915,94914.49277223747,1.1618678791736643,338.183107694389
97.925,546.3479687883147,-47.22559621026031,3.8638172222337923,39.97179452608078,640.0,-1.446541429,-17.45277405,-0.890983939,61.99137342063494,284.59873820287595,94931.42085570528,1.1620356705310948,338.1888450578903
97.973,546.0722032242816,-56.42511330998637,1.8120202556553926,27.251189326504505,640.0,-1.470509887,-17.45277405,0.170019448,62.68735238595342,284.60053067904215,94934.56343314864,1.1620668191682229,338.18991005644546
98.02,544.6709711639603,-54.097750878954805,1.0788116512094763,47.889186755702454,640.0,0.111407883,-17.45277405,-1.093384147,72.25721204739904,284.60963868743426,94950.53293678796,1.1622251028563606,338.1953215219265
98.069,543.9387975020571,-55.52056529108883,0.69217909118522,28.405187101178672,640.0,-1.317644358,-17.45277405,0.492261976,62.368797778931885,284.6143978162366,94958.8782085273,1.162307816022652,338.19814909370956
98.12,541.6872375554287,-60.95033679505516,0.8030890114844756,48.606468190092365,640.0,-0.237466216,-17.45277405,-1.335199237,77.96266579142534,284.62903295588967,94984.54507608252,1.162562201454126,338.2068442151687
98.168,541.5616928309929,-46.42160669360423,2.9408369726795858,42.74260437972926,640.0,-1.199400067,-17.45277405,-1.133331537,63.1707552533418,284.6298489965985,94985.97640020809,1.1625763869842416,338.20732903984066
98.221,539.8774616241989,-68.58343058459091,0.04907265802823301,39.83164986168593,640.0,-0.051577579,-17.45277405,0.132735193,79.3110943663061,284.6407964994427,95005.17985771959,1.1627667041812384,338.2138330837919
98.276,539.6320928375384,-48.29157286469019,4.4672378277526885,42.61400029593334,640.0,-1.382094622,-17.45277405,-0.837717831,64.55993529099291,284.642391396556,95007.97779359228,1.1627944327077637,338.2147806210337
98.322,537.6967823697862,-62.50281480231188,1.7739007814808927,33.91945143931807,640.0,-0.699792683,-17.45277405,0.275483519,71.13562938597572,284.6549709145964,95030.04844277543,1.1630131551415634,338.2222540895984
98.37,537.9161589731597,-61.146631661543616,1.7389169563937033,55.08297507792045,640.0,-0.121886723,-17.45277405,-0.895242155,82.31687882304897,284.6535449666744,95027.5464215983,1.162988360336678,338.22140694485535
98.421,537.9309873538607,-53.751224148826175,2.9316382917129125,43.32345110135518,640.0,-1.408726215,-17.45277405,-0.617208123,69.09927652227847,284.65344858219987,95027.3773037446,1.1629866843894732,338.2213496835004
98.485,536.006414427444,-61.861473449616696,0.18937126798985437,54.833450298976416,640.0,-0.300318539,-17.45277405,-1.099240303,82.66550084845,284.66595830622157,95049.32911725256,1.1632042207258113,338.22878154367834
98.536,534.2861887572152,-72.21642404078602,2.3549326224575933,36.78871702787854,640.0,-1.467315674,-17.45277405,-0.182047561,81.08123894867575,284.67713977307807,95068.9536068225,1.1633986858401189,338.2354241657826
98.57,534.6443225464564,-65.43647739069763,0.8838116851531381,58.94824777820518,640.0,-0.069688767,-17.45277405,-0.114935897,88.07729339914329,284.674811903448,95064.86771386127,1.163358198097315,338.2340412490125
98.625,532.4082580393077,-74.40028919028748,1.65817364331838,35.904869712209646,640.0,-1.414585114,-17.45277405,-0.373262554,82.62755134021916,284.6893463227445,95090.3809555239,1.163611007319139,338.2426756143011
98.669,531.9698868989068,-73.42003494917697,1.237661151324264,49.78459239541606,640.0,-0.073949829,-17.45277405,-0.098956935,88.71605816897853,284.6921957351571,95095.38337033408,1.1636605744420336,338.24436831984
98.719,529.1641563724111,-65.91434531043183,3.2074704880974467,37.66044255944271,640.0,-1.362919807,-17.45277405,-0.331717223,75.98221975178105,284.7104329835793,95127.40564327454,1.1639778598364052,338.2552020340722
98.769,528.9805022883858,-75.37879494805264,0.852358370085308,39.25336588978135,640.0,-0.800994158,-17.45277405,0.248854235,84.99127000044577,284.7116267351255,95129.50202256392,1.1639986306240975,338.25591116201485
98.823,525.563967058881,-60.40910645331916,3.4982280958915384,44.23064065418828,640.0,-0.78608048,-17.45277405,-1.100303173,74.95230026476348,284.7338342141172,95168.50799711593,1.164385083364099,338.2691028687475
98.872,526.1280605419845,-70.60621887073188,0.35289401553545713,44.94699438926563,640.0,-0.118159674,-17.45277405,0.121022508,83.69943238778009,284.7301676064771,95162.06694978656,1.164321270592382,338.2669248626223
98.921,523.0054431482931,-57.82714923895922,2.866113612813287,50.928537393844216,625.0,-0.590071797,-17.45277405,-1.20097065,77.10972518056724,284.75046461953605,95197.7266888374,1.1646745485945291,338.2789813403324
98.97,523.1824492352589,-68.4042102995236,0.7415931146970811,31.966097135837064,625.0,-1.257459998,-17.45277405,0.142860427,75.50839233586547,284.7493140799708,95195.70502134523,1.1646545207799404,338.2782979283742
99.021,523.1299307854885,-69.23761072520163,0.7764628247223465,44.507080182871455,625.0,0.151352242,-17.45277405,-0.366868615,82.31239165433891,284.7496554498943,95196.30485495785,1.1646604630891941,338.2785006997179
99.07,520.87244728133,-63.38933905346333,0.887375359807243,30.56240718641551,625.0,-0.862246871,-17.45277405,0.453917652,70.37795445800046,284.76432909267135,95222.09134416403,1.1649159126842423,338.2872166258604
99.121,518.7317731601355,-59.93646783470913,2.383018978669898,55.5112071951304,625.0,-0.558113873,-17.45277405,-1.2574296,81.72853284021757,284.7782434744591,95246.54878262682,1.1651581840963416,338.29548135480746
99.171,519.0411425484145,-53.44347351154229,3.4552600055873897,41.56364333471576,625.0,-1.395944476,-17.45277405,-0.787648082,67.79144584636468,284.77623257343527,95243.01388876404,1.1651231687438108,338.2942869518881
99.221,518.1276737105134,-70.84309864340769,0.8931478627249387,49.43048717344775,625.0,0.110872187,-17.45277405,-0.190034717,86.38816701787731,284.78217012088163,95253.45160580066,1.1652265601994274,338.29781362946864
99.271,517.7125018887576,-61.93437989009662,2.059303915529675,33.797099387479925,625.0,-1.586628199,-17.45277405,-0.489371419,70.5857781142527,284.78486873772306,95258.19585702263,1.1652735539625703,338.29941649318397
99.323,516.3507949430589,-69.82877499021905,1.437352202944959,32.541928239377505,625.0,-1.147206664,-17.45277405,0.399059147,77.05258523584233,284.79371983287007,95273.75769686695,1.165427697272461,338.3046736142371
99.375,516.4117675335264,-55.770852586350976,2.706135212965559,45.24226820116988,625.0,-1.414055347,-17.45277405,-1.027862549,71.86497059058696,284.79332351103204,95273.06084675936,1.1654207949274458,338.30443822004236
99.421,510.8036705009632,-70.7756901096189,1.1428545493198436,43.228055560769405,625.0,0.297291934,-17.45277405,-0.063798264,82.94075725829055,284.8297761417437,95337.17254017251,1.166055785163842,338.3260884680378
99.471,511.0436019180537,-58.594835517929816,0.620908892790678,52.276383150733324,625.0,0.121523298,-17.45277405,-1.144508958,78.5274506943188,284.8282165875326,95334.42893216042,1.1660286129351431,338.32516223306794
99.522,508.7167539733693,-68.83813343379603,1.3630332048975786,32.04546230759863,625.0,-1.088617086,-17.45277405,0.518901408,75.94378268610595,284.8433410991731,95361.0390599792,1.1662921488548939,338.334144726075
99.571,508.7696347552561,-54.80215963490028,2.1877181868503843,46.83458551700816,625.0,-0.49313429,-17.45277405,-1.404433489,72.12171110050093,284.8429973740908,95360.43424187807,1.1662861591369833,338.33394058936193
99.619,506.2027917956712,-55.247620702882514,3.4500386318886993,42.48906623737898,625.0,-1.53549552,-17.45277405,-0.846767664,69.78196837017049,284.85968185332814,95389.79580881087,1.1665769283094853,338.3438492811669
99.671,506.6386914732547,-67.62480296709172,-0.441030950821852,47.67895585704466,625.0,0.33990252,-17.45277405,-0.358343899,82.74413161219093,284.85684850542384,95384.809129796,1.1665275461602589,338.34216661373245
99.726,504.163994956607,-65.26162587777553,2.094849939720799,31.65954921553346,625.0,-0.844671547,-17.45277405,0.656853139,72.56579955469019,284.87293403278204,95413.1223852723,1.1668079205095216,338.3517193686979
99.771,504.1035770994613,-67.64862141659661,0.1827646091250926,51.315350889991876,625.0,0.149218157,-17.45277405,-1.028391838,84.90956730210884,284.87332674885346,95413.81371723469,1.1668147662833463,338.3519525886643
99.82,502.40103415724553,-54.84276650572615,3.284031437501384,48.91431083524744,625.0,-0.817509353,-17.45277405,-1.469944,73.56034057133844,284.8843932779779,95433.2967503199,1.167007689166403,338.35852453665325
99.872,502.0843971320134,-73.70647206414495,-0.3056210112374914,48.572312055226476,625.0,0.285571992,-17.45277405,-0.647027075,88.27234519788963,284.8864514186419,95436.92053818582,1.1670435714387302,338.35974676608566
99.924,499.0145516907309,-57.97312952990978,3.5548315158977726,46.2060913715267,625.0,-1.587695479,-17.45277405,-1.015076041,74.21942774255264,284.90640541401024,95472.05950493214,1.1673914994382504,338.3715962425456
99.972,498.9730238232035,-74.8249750272458,0.6242485895951052,42.73343652524609,625.0,-0.46330893,-17.45277405,0.501860619,86.17025688360692,284.90667534514915,95472.53492521733,1.1673962066386454,338.3717565355523
100.02,495.8350041597618,-61.62651609319197,3.2642338998820972,55.476174116583685,625.0,-0.30511713,-17.45277405,-1.382059693,82.9824596125657,284.9270724729615,95508.46521973691,1.1677519444298896,338.3838687270849
100.07,493.3340677988294,-81.09334112738799,-0.9477268891409716,46.76930337278336,625.0,0.173719242,-17.45277405,-0.347155184,93.61835236445236,284.9433285593076,95537.10875655363,1.168035519426501,338.39352158120425
100.123,493.31326783771635,-70.16935838761756,1.8163385276996213,60.619532147127174,625.0,-0.302453995,-17.45277405,-1.277663708,92.74570405098936,284.9434637590548,95537.34701027168,1.1680378781035918,338.3936018615768
100.171,492.9010914554348,-80.01132479387896,0.11031032999497485,39.115755041216715,625.0,-0.600728035,-17.45277405,0.418769956,89.06102714478968,284.94614290553966,95542.0683950405,1.1680846188939802,338.3951927103121
100.225,491.7260019976175,-63.038576625425776,3.3104985527307464,54.39031457104601,625.0,-1.048671722,-17.45277405,-1.117341399,83.3254334688074,284.9537809870155,95555.52980911678,1.1682178818610234,338.3997280809367
100.271,491.5933173930623,-75.13768129656174,0.46504964660000536,36.68336271316354,625.0,-0.795671403,-17.45277405,0.297329813,83.61552799416508,284.95464343694505,95557.04989405833,1.1682329299092367,338.4002401860925
100.325,489.72678986263253,-64.9771504112124,3.1948350534965058,58.04999230559309,625.0,-0.685416579,-17.45277405,-1.180191994,87.18967056515231,284.9667758658929,95578.43561361174,1.1684446325531064,338.40744409251164
100.371,488.01527373759046,-75.71262929993894,-0.5464400939373026,38.14239765646614,625.0,-0.252919197,-17.45277405,0.1332791,84.77938034257049,284.97790072070563,95598.04869756268,1.1686387795063395,338.41404959402905
100.42,488.02499723819153,-71.65193025625081,-1.0286124907907013,47.54710533664339,625.0,0.066660166,-17.45277405,-0.498955369,85.99874638037872,284.97783751795174,95597.93726210283,1.1686376764449757,338.4140120670822
100.471,487.0758354909427,-63.15782250398629,3.18645308918917,34.27184072210805,625.0,-1.122174978,-17.45277405,-0.310936213,71.9279020493173,284.98400706930886,95608.81555614891,1.1687453557898182,338.41767524900814
100.524,487.11857945543215,-59.32113728776749,1.9142012230397507,49.80872396366849,625.0,0.009135884,-17.45277405,-0.652353406,77.48271083490413,284.9837292335397,95608.32564821471,1.168740506461434,338.41751028438614
100.572,487.1581782633709,-48.88223439730168,3.790234077893355,41.279785029242504,625.0,-0.426024675,-17.45277405,-1.032120228,64.09258433000218,284.98347184128806,95607.8717901578,1.1687360139666796,338.41735745800395
100.623,484.52973234029935,-65.92350949115905,0.21449440183276955,28.148170818539203,625.0,-1.167981267,-17.45277405,-0.202811837,71.6817594085763,285.000556739788,95638.00126437169,1.1690342404861198,338.42750144900845
100.677,485.5855829378777,-46.36192959519234,2.453642268491104,43.91521902779494,625.0,0.112466536,-17.45277405,-0.590035439,63.90614476269477,284.99369371090376,95625.89728645347,1.1689144354590226,338.42342662942366
100.731,481.2323895312992,-57.06053892265291,1.5363772281614119,23.478441208927038,625.0,-0.680090249,-17.45277405,0.439542621,61.7211694536959,285.0219894680465,95675.80907314554,1.1694084431435152,338.44022649136116
100.769,481.6578601727698,-56.87276007605674,0.2514363027129273,36.31624109691713,625.0,0.012864309,-17.45277405,0.098657995,67.4792073626569,285.019223908877,95670.92988537716,1.169360152980687,338.43858455007813
100.844,479.54810599978765,-49.03140645205105,1.6406567204195346,25.67906374626579,625.0,-1.344283819,-17.45277405,0.053386316,55.37314229863855,285.0329373110014,95695.1259806645,1.1695996213094864,338.4467262615671
100.87,479.4449558442309,-47.99044703922856,2.6816161332420183,26.72002315908827,625.0,-1.344283819,-17.45277405,0.053386316,54.993033283619475,285.0336077870125,95696.30910382405,1.1696113303631115,338.4471243213136
100.922,477.2915954951534,-41.705489179613615,2.3177545157286263,42.834296590713144,625.0,-0.781291544,-17.45277405,-1.013476014,59.82889584579703,285.04760462928147,95721.01066124847,1.1698557887835954,338.4554341008124
100.97,475.47780530351423,-58.44378554291136,2.6476331864879326,35.11939024869506,625.0,-0.404720575,-17.45277405,0.183881208,68.2353105182071,285.05939426552715,95741.8209581674,1.1700617281147454,338.4624333267835
101.025,475.5505116681045,-46.43106267791035,2.4564664077265492,50.0967441389306,625.0,-1.112056255,-17.45277405,-1.081120253,68.34882282771083,285.0589216741573,95740.98670022983,1.1700534724367027,338.4621527633387
101.071,475.49572698189917,-53.09201865956001,3.5620626533926543,36.79656420526093,625.0,-1.477441907,-17.45277405,-0.321586758,64.69496018242575,285.0592777746176,95741.61531809335,1.1700596931359848,338.46236416961574
101.12,469.32195014725767,-62.6342315153016,0.476782082840707,56.36811876683207,625.0,0.023515744,-17.45277405,-0.90322119,84.26528995961863,285.09940732404283,95812.47671702939,1.1707608761216803,338.48618704655155
101.171,467.5437981134549,-57.66853059786386,4.104084115273457,39.60282761802499,625.0,-1.349610209,-17.45277405,0.242470756,70.07772030456614,285.1109653122625,95832.89387237797,1.1709628882823657,338.49304812660324
101.227,467.8165382581432,-67.32185327801247,0.3368390973555292,58.228578555623116,625.0,-0.431884795,-17.45277405,-1.478463888,89.01074513771985,285.10919250132207,95829.76197785899,1.1709319011095067,338.4919957554481
101.271,465.8658502575384,-56.63847723486317,4.812729351067219,49.205349832837754,625.0,-1.589827299,-17.45277405,-1.016671777,75.1814200415414,285.121871973326,95852.16369070596,1.171153540908236,338.49952243676876
101.32,465.551160805633,-77.48700688623934,-2.071361936558557,55.93071098547187,625.0,0.33883217,-17.45277405,-0.482438534,95.58645933290295,285.1239174547634,95855.77798346283,1.1711892993540174,338.50073664254523
101.371,465.75638059874143,-60.49732623207759,3.5875043625228966,59.12864841444367,625.0,-0.33974129,-17.45277405,-1.571671486,84.66991042926901,285.12258352610814,95853.42096658067,1.1711659799493956,338.49994481777554
101.429,464.13122213423037,-68.11140660296421,3.8119341624602683,40.53874179968127,625.0,-1.692627192,-17.45277405,0.142339051,79.3541690032381,285.1331470561275,95872.08773233862,1.171350658651325,338.50621531582834
101.472,462.4769249812339,-66.42817106601376,4.977078012215747,45.90617295496752,625.0,-1.334165692,-17.45277405,-1.341041684,80.90024679867585,285.143899987622,95891.09221168753,1.1715386714775462,338.51259812306193
101.526,462.6131834635357,-82.82192251565814,0.600129404110151,39.06350035238277,625.0,-0.788750231,-17.45277405,0.706929207,91.57394861133797,285.143014307487,95889.5267660842,1.1715231846675989,338.51207239882865
101.57,461.54315821407215,-65.61152509747191,2.0375699689439726,53.952089447642024,625.0,-1.031097889,-17.45277405,-1.620673656,84.96971150216349,285.14996947160853,95901.82062235245,1.1716448053670403,338.5162008406028
101.62,460.91943401815547,-82.80296929478777,-1.261388397470999,45.00211526720332,625.0,0.254143655,-17.45277405,0.390013069,94.25026898235089,285.15402367888197,95908.9873743862,1.1717157032651404,338.51860731107865
101.671,459.0798144484839,-64.57090029553079,0.7084183760021701,57.97653426259027,625.0,0.534308195,-17.45277405,-0.896293819,86.7823803929815,285.16598120608484,95930.12760401431,1.1719248294857139,338.5257048841185
101.733,458.634263556927,-78.07439022650617,0.14277993359455265,37.02309933570046,625.0,-0.332284421,-17.45277405,0.716516614,86.40798967555803,285.16887728687993,95935.24827808412,1.1719754835866873,338.5274238747556
101.77,455.3704487621959,-60.37141035171935,-0.5512272221821946,52.6297314823157,625.0,0.21419622,-17.45277405,-1.367140651,80.09306883374374,285.1900920830457,95972.76574094592,1.1723465935200441,338.54001581114983
101.825,455.0910555453425,-72.56914028800179,1.0044038560544046,34.60828475085966,625.0,-1.007129431,-17.45277405,0.571107984,80.40536252416456,285.1919081389552,95975.97791037442,1.172378365920418,338.5410937003098
101.87,452.78527272491516,-67.61351843065093,-2.185495517318891,44.53373125587655,625.0,0.465066016,-17.45277405,-0.77059257,80.99146550593359,285.20689572728804,96002.49070072843,1.1726406030758272,338.54998919793996
101.922,453.10370206183984,-55.91022913142531,4.653508680233984,30.59157914769822,625.0,-1.334698319,-17.45277405,0.210515976,63.901905913011525,285.204825936598,95998.82892308358,1.1726043853712829,338.5487607408136
101.971,451.0291435322175,-68.18102569466005,-0.25849341110864754,28.879260740997367,625.0,-0.336545497,-17.45277405,0.602000654,74.04546430785611,285.2183105670406,96022.68733743395,1.1728403581128126,338.5567640257341
102.02,451.4451823200308,-46.14289261534026,3.6081185739126447,35.15883024811322,625.0,-1.480639458,-17.45277405,-0.504276454,58.12338946560048,285.2156063149198,96017.9023077367,1.1727930324514761,338.555159035831
102.07,449.2452140271116,-54.35189137178791,0.7958920802059755,22.881867943359016,625.0,-0.209246397,-17.45277405,0.457657337,58.97746536153693,285.22990610882374,96043.20721843411,1.173043302014165,338.5636459632856
102.121,448.8300024375456,-45.816015541736206,2.918004467809503,42.21127584605975,625.0,-1.103003263,-17.45277405,-1.073660374,62.36516526673298,285.23260498415596,96047.98375307147,1.1730905412883406,338.5652477218871
102.172,446.78483749876546,-39.89714852928604,3.9342088540134785,31.95902903718129,625.0,-1.530174255,-17.45277405,-0.274711967,51.270264257894226,285.245898556258,96071.5138447418,1.1733232441524861,338.57313722858083
102.221,447.3319392666964,-61.664014687840975,0.47797820673054764,44.155825563891746,625.0,0.092756085,-17.45277405,-0.605476618,75.84468407091701,285.24234239476647,96065.21885616194,1.1732609903843945,338.5710267258331
102.269,443.7023217611759,-48.238910865071745,2.941644967940456,36.76619425943711,625.0,-1.381569862,-17.45277405,-0.235297188,60.72395603786377,285.2659349085523,96106.98771457077,1.1736740455417205,338.5850281121419
102.324,443.64390770730705,-65.33671801066205,1.0315421265862061,38.21408069819124,625.0,-0.221500963,-17.45277596,-0.094675414,75.69852550196447,285.2663145999025,96107.66005117027,1.1736806940459474,338.585253441822
102.372,441.6092632385092,-48.6635730249416,3.548367481384051,46.3243571886185,625.0,-1.2132622,-17.45277596,-0.743954122,67.28060879834158,285.27953978894965,96131.08086671204,1.1739122888722797,338.5931019010653
102.421,441.5162525599732,-66.88738994612571,2.21523804216828,38.6925962262648,625.0,-0.773307979,-17.45277596,0.090680599,77.30425095761105,285.28014435836013,96132.15162413972,1.1739228767132277,338.593460677099
102.472,439.8352360989992,-53.43730477263604,1.206780987851014,56.268216581441685,625.0,-0.805265903,-17.45277596,-1.053413391,77.6087241163792,285.2910709653565,96151.50548455452,1.174114247278688,338.59994490378733
102.52,439.9086676926858,-61.2921318084329,4.279808024139809,43.170121311118045,625.0,-1.375715017,-17.45277596,-0.626775026,75.09128812560384,285.2905936599975,96150.65998683363,1.1741058871680763,338.5996616568646
102.573,438.2895698344732,-69.14246942457866,1.6775298855268914,60.528692737411,625.0,-0.105387136,-17.45277596,-0.682701409,91.90874729396295,285.3011177960759,96169.30381670382,1.1742902303444238,338.60590693121264
102.623,438.2710302248857,-81.70640224748911,0.8617649076800702,46.261780472818586,625.0,-0.467044443,-17.45277596,0.070440575,93.8979826167733,285.30123830353824,96169.51731631975,1.1742923413089321,338.60597844255926
102.672,436.77254377172375,-73.51550875475041,-0.12424959111692145,59.115481924193695,625.0,-0.120833471,-17.45277596,-0.585229754,94.33549527383819,285.3109784654838,96186.77495118683,1.174462972178606,338.6117583840289
102.733,436.45060963066885,-76.91975650098902,2.8900607544385677,40.66264655757713,625.0,-1.152009487,-17.45277596,-0.119709127,87.05430613359817,285.3130710374006,96190.48290075628,1.1744996329113788,338.61300013112344
102.771,435.23698127365196,-68.9819411998891,1.027346954629005,58.80395204931953,625.0,-0.423368603,-17.45277596,-1.033173323,90.65025333714635,285.3209596217212,96204.46218155201,1.174637844530432,338.61768123236135
102.825,435.5347888147815,-76.90996969216309,2.16108872105368,39.242888141391305,625.0,-1.21112895,-17.45277596,-0.099473774,86.37023800006261,285.3190238727039,96201.03170792173,1.1746039281669574,338.616532561131
102.869,430.129248470822,-78.85420607634066,-1.7643625209359421,50.00624207691371,625.0,-0.431355327,-17.45277596,0.1961371,93.39016563691371,285.35415988493963,96263.31406574222,1.1752196647711501,338.63738162370777
102.92,429.88145313587535,-71.96088587426942,3.6898248410594947,36.72284969084158,625.0,-1.19301939,-17.45277596,-0.122909598,80.87367675939726,285.3557705546168,96266.16993333182,1.1752478966662985,338.6383373346613
102.971,426.6206393831102,-77.93601175874112,-1.4697976186074537,42.37115184036768,625.0,0.146018013,-17.45277596,-0.292819291,88.72145592909187,285.37696584400976,96303.75755060969,1.1756194570526342,338.6509135728593
103.021,426.64440131978694,-57.99714150106184,4.471058607624451,39.59562925353969,625.0,-0.976238132,-17.45277596,-1.094963312,70.36670123965433,285.37681139142137,96303.48360220558,1.1756167491230032,338.65082193000876
103.07,424.28045135519307,-69.7586181507237,-1.4523149998723208,42.87794473109161,625.0,0.131636947,-17.45277596,-0.756741941,81.89561752328314,285.3921770661912,96330.74037793116,1.1758861701614935,338.65993887318626
103.121,424.7476173552165,-54.813580807661424,1.816513108070566,44.17995052778806,625.0,-0.565046012,-17.45277596,-1.199891925,70.42511192371384,285.38914048719107,96325.35337325337,1.1758329231795266,338.6581371938189
103.17,421.52389417361474,-66.26877269724852,-0.28427988967750906,29.98079973969517,625.0,-0.454791158,-17.45277596,0.458724797,72.73568177233903,285.4100946878715,96362.53187543413,1.1762003965731735,338.67056965761714
103.223,420.0564211488466,-48.55500454879468,3.182015377957777,43.444310168615715,625.0,-0.892614841,-17.45277596,-1.218001366,65.23129444236041,285.4196332625325,96379.45977251639,1.1763677034612658,338.67622889599727
103.271,420.1230881661207,-56.26111339734098,2.8490944267629974,27.439171375033617,625.0,-1.478510261,-17.45277596,-0.478175312,62.6605006803292,285.4191999269202,96378.69068920049,1.1763601023467702,338.6759717999366
103.321,419.7828955011844,-58.82874070612365,-0.38053609683760947,45.75824197641089,625.0,-0.187413961,-17.45277596,-1.245158672,74.53041157514896,285.4214111792423,96382.61526812435,1.1763988901870719,338.67728372390445
103.37,418.7568006034041,-43.98636865286746,3.711471484835493,41.292170688311586,625.0,-1.061463475,-17.45277596,-1.196156502,60.445173570777065,285.42808079607784,96394.45343357293,1.176515888656509,338.681240740493
103.422,418.5394594248278,-65.35376350665985,0.21337883043416608,34.6087845026774,625.0,-0.086746462,-17.45277596,0.393218189,73.95220010089263,285.4294935137386,96396.9610728531,1.1765406717029288,338.68207888573926
103.471,415.36714028703085,-46.16426393954047,2.531383226518432,45.345751632857166,625.0,-1.237232089,-17.45277596,-1.140762687,64.75943450392246,285.4501135881343,96433.56867268801,1.1769024513405268,338.6943122458119
103.521,413.2935959399275,-64.83151491050232,1.2393232500733573,34.397072676093764,625.0,-1.039092898,-17.45277596,0.588694215,73.40177011757505,285.46359162639044,96457.50282812725,1.1771389697949044,338.70230818064636
103.571,413.48458490954124,-58.70462530995437,0.544700842551331,50.290915412212875,625.0,0.334565639,-17.45277596,-0.68376416,77.30269015233792,285.46235019808796,96455.29811199581,1.1771171831529206,338.7015717030342
103.62,413.20103338936775,-53.5862986668291,3.681811348106961,32.75240442884027,625.0,-1.693697929,-17.45277596,-0.032887608,62.910787115438126,285.46419328296906,96458.57135555384,1.1771495287730007,338.70266511296717
103.672,411.23196899727975,-58.463027233301766,0.1338895127952467,52.40339594219721,625.0,0.24348551,-17.45277596,-0.881370723,78.51152390546315,285.47699220151765,96481.30419384676,1.1773741649420157,338.7102579728342
103.728,411.2251336671259,-52.13744243540613,2.3819149456475985,37.89505194501188,625.0,-1.557876706,-17.45277596,-0.825976968,64.49822776192177,285.4770366311637,96481.38311525353,1.177374944792004,338.71028433008314
103.78,409.4168739352287,-68.14455201938291,2.032630000075959,39.881972028896584,625.0,-0.439881623,-17.45277596,0.524778366,78.98343653927247,285.488790319421,96502.26329947475,1.177581264922549,338.71725696466325
103.863,409.8386204661441,-58.95536747044617,1.3253392565409676,53.450927628249175,625.0,-0.037211668,-17.45277596,-1.270192385,79.58953161088839,285.48604896697003,96497.39301635987,1.1775331417078605,338.71563072636053
103.87,409.4543417391419,-59.400597026891276,0.880109700095858,53.00569807180407,625.0,-0.037211668,-17.45277596,-1.270192385,79.61664115192615,285.48854677869554,96501.83061729047,1.1775769896132773,338.7171124905773
103.928,404.3325554404542,-55.45390244271673,3.0998380606936613,50.00135885679626,625.0,-0.900075853,-17.45277596,-1.47845149,74.73205590410976,285.521838389637,96560.99212181872,1.1781615274061228,338.73686128563486
103.971,404.4612669862172,-69.71316540467309,3.831598123900159,41.7097218605575,625.0,-1.323518515,-17.45277596,0.42038241,81.3283927826405,285.5210017645896,96559.50502135017,1.178146835132298,338.7363650084467
104.023,401.5240386038372,-60.793545966475044,4.4138093528953055,49.28614063604467,625.0,-1.736841083,-17.45277596,-0.816922247,78.3866098449065,285.540093749075,96593.44562865682,1.1784821512492965,338.7476899920364
104.07,401.356511546375,-73.63293529259445,3.317792385690482,42.3951953230294,625.0,-1.461470246,-17.45277596,0.419849783,85.03040334254425,285.5411826749485,96595.38174820376,1.1785012784600013,338.74833590968615
104.12,398.89648972424584,-67.03903372419603,2.173924175205655,54.836793467410466,625.0,-0.715252459,-17.45277596,-1.506148458,86.63735860921007,285.5571728167924,96623.81597649257,1.17878217599621,338.7578206328001
104.173,398.47157871736727,-84.31017699461992,0.8580339647467017,51.5492832598161,625.0,-0.082485408,-17.45277596,0.326106519,98.82444420157168,285.55993473833706,96628.72800813406,1.1788306996371323,338.75945886911484
104.224,396.89533840302494,-72.41210235407857,1.617177706096136,60.45874709431383,625.0,0.209929675,-17.45277596,-0.843553841,94.3471670548981,285.57018030038034,96646.95133654677,1.1790107151927092,338.7655359644984
104.27,396.43339155129786,-83.53417672904706,2.1137362477710715,45.124785940198116,625.0,-0.019634804,-17.45277596,0.233428508,94.96669347130872,285.57318295491655,96652.29255273419,1.179063476119528,338.76731695087165
104.32,396.1656647201428,-77.25885004489052,0.5889437506910268,59.68476079002564,625.0,0.165188581,-17.45277596,-0.891490757,97.62964424580754,285.57492317931906,96655.38822795813,1.179094055173418,338.7683491385713
104.371,394.6534935124615,-76.1376212778586,3.629024569299406,41.90530798677852,625.0,-1.104606628,-17.45277596,0.374043405,86.9836883021292,285.58475229216896,96672.87468794669,1.1792667827796033,338.7741790686739
104.442,394.50926615508575,-84.49287454798387,-0.29848343521681403,45.864276749863585,625.0,-0.024428492,-17.45277596,0.190285295,96.13878938040835,285.5856897699919,96674.54263945768,1.179283258146332,338.7747351085477
104.47,392.56286037523085,-73.01902047905483,3.0394411810223376,40.35150048044859,625.0,-1.095019221,-17.45277596,0.266451716,83.48208877020966,285.59834140756095,96697.05459048506,1.1795056170232863,338.7822389994147
104.523,388.39695923176043,-68.83565183019526,2.914986336594076,58.523292995195774,625.0,-0.650803983,-17.45277596,-1.217994332,90.39811906910411,285.6254197649935,96745.2512869636,1.1799816405308745,338.7982990526339
104.571,387.6991378772838,-68.63931372608506,3.4279326993190087,39.43037908075451,625.0,-1.367726922,-17.45277596,-0.67098099,79.23295340848398,285.6299556037976,96753.32651615264,1.1800613925985468,338.8009891639901
104.621,386.47957949029535,-62.777186902989634,2.977044755756763,55.400058210831745,625.0,-0.52403754,-17.45277596,-1.094423652,83.77949892840263,285.63788273331306,96767.44062698015,1.1802007824459726,338.8056905278253
104.67,386.7217931456454,-64.33579570546968,2.9679123197981014,37.98214777923846,625.0,-1.172250986,-17.45277596,-0.786562204,74.7699582888599,285.6363083445533,96764.63732357987,1.1801730975501386,338.804756806078
104.72,384.54739730851975,-68.58343062493063,0.18339844236764957,50.07352733768127,625.0,-0.27849406,-17.45277596,-0.970852971,84.91807069941503,285.6504419174946,96789.8054404897,1.1804216476630176,338.81313890311804
104.773,384.7264541967231,-63.78249127854933,2.374694664265444,34.179651576383066,625.0,-1.241493106,-17.45277596,-0.336487979,72.40230625007506,285.6492780477213,96787.732699155,1.1804011785751147,338.8124486630291
104.824,384.42293234373875,-70.09333629575207,-0.38626919779924557,31.361121720088747,625.0,-0.823376834,-17.45277596,0.205199003,76.79026600100292,285.6512509397657,96791.24625335912,1.1804358761742826,338.8136186978966
104.87,381.3589993236474,-64.25325128909097,2.095821843658189,48.93018002606474,625.0,-0.086213827,-17.45277596,-0.643284142,80.79006923999094,285.6711665043963,96826.71997677407,1.180786178405753,338.82542951071684
104.921,379.680045844912,-67.51741404627616,-0.6214642534599507,28.29082584243205,625.0,-0.522972226,-17.45277596,0.201470584,73.20763788131289,285.682079702008,96846.16309442221,1.1809781684013647,338.8319013461483
104.969,379.6008841693871,-62.614680690332584,0.6642291809395537,45.56534583982911,625.0,-0.255058229,-17.45277596,-0.769517958,77.44185031273692,285.682594252899,96847.07990409635,1.1809872212069932,338.8322064863559
105.02,377.8359872424253,-61.8453670335785,0.41175612874455386,28.177531680426704,625.0,-0.337083608,-17.45277596,0.076834626,67.96316839457272,285.6940660829242,96867.52185455836,1.1811890658506494,338.8390094672465
105.069,377.7420459783034,-62.74439947876924,1.5610982568168783,44.068444262819455,625.0,-0.142140225,-17.45277596,-0.468580753,76.68979380246135,285.694676701141,96868.6100288688,1.181199810300497,338.83937156990413
105.12,376.30083404903553,-54.16539922108165,0.6657718023121506,28.959232473788735,625.0,-1.199415207,-17.45277596,-0.254995227,61.42451359467852,285.70404457868125,96885.3056351875,1.18136465702619,338.8449267656735
105.169,376.32426696602715,-60.32110797503577,2.564442691315394,53.61547743071817,625.0,-0.194870815,-17.45277596,-0.584161937,80.7454757480369,285.7038922647208,96885.03415976932,1.181361976613679,338.8448364435016
105.22,375.51441924217875,-49.36324457660164,1.5294875016573162,43.64347415041068,625.0,-1.08969295,-17.45277596,-0.749810576,65.90767848335035,285.7091562749258,96894.4167782544,1.1814546150675105,338.8479579873611
105.274,375.62235382516167,-68.33062946621345,1.3524470827273172,41.28854029040427,625.0,-0.216176108,-17.45277596,-0.202264652,79.84765241178273,285.70845470013643,96893.16624263246,1.1814422681132253,338.84754195706336
105.32,372.4521496542739,-51.10607677700883,3.5715858968593626,42.217251950371306,625.0,-1.364531159,-17.45277596,-0.444612324,66.38436315577107,285.7290610272472,96929.9018366802,1.181804958221818,338.8597611918828
105.37,372.48086178454645,-64.04828961863505,1.18305353990826,33.117532712148865,625.0,-1.060398221,-17.45277596,0.20573163,72.11347995826505,285.7288743984004,96929.5690765424,1.1818016730020935,338.85965052582634
105.421,370.2647927614208,-54.87698332035547,1.8202736400011155,50.8325278981612,625.0,-0.519243836,-17.45277596,-1.11839211,74.82474581971123,285.74327884705076,96955.25499792906,1.1820552544456782,338.8681918833107
105.471,369.9873309732087,-59.39033069421087,3.2553584277125722,36.6481652723953,625.0,-1.314463735,-17.45277596,-0.793486416,69.86341500594861,285.74508234867415,96958.47137877624,1.1820870069125267,338.8692612844394
105.52,367.87601178557935,-61.10346427290503,0.4724676939976936,53.4327540011838,625.0,-0.234285593,-17.45277596,-1.093891025,81.17213667277137,285.7588059233937,96982.94895429189,1.1823286456752573,338.8773986804582
105.569,367.98137205870484,-57.17238793337638,4.187669810155173,42.041806148589686,625.0,-1.529647112,-17.45277596,-0.202797279,71.08960532088331,285.7581210816184,96981.7273415318,1.1823165863819924,338.8769926080406
105.621,367.6023912876798,-70.50104902008266,1.192027255317696,33.82209042208841,625.0,-0.810593665,-17.45277596,0.447014034,78.203277696203,285.76058445663006,96986.12153930387,1.1823599640843396,338.8784532477477
105.67,365.8212635671487,-57.95304127924479,4.150574019599959,45.36749667162605,625.0,-0.807397842,-17.45277596,-1.363402963,73.71561579784863,285.7721617868135,97006.7754785758,1.1825638462185235,338.8853178543838
105.722,363.4545538654784,-68.55529944739206,-0.3449397081126955,52.05408770265683,625.0,0.349479347,-17.45277596,-0.658730447,86.0788946971307,285.7875453998744,97034.22533097203,1.1828348003653733,338.8944391249988
105.771,363.74772247228947,-57.435487111730914,2.0297110233175033,49.03676916366914,625.0,-1.440164924,-17.45277596,-1.050215244,75.54839268052602,285.7856398039301,97030.8247269039,1.182801234208654,338.8933092700495
105.823,362.2409362676651,-68.46645690045752,-0.2800807211304074,44.338004302901474,625.0,0.353740394,-17.45277596,-0.000397042,81.56955799363304,285.7954339142602,97048.30369347852,1.1829737605075714,338.8991162973485
105.871,361.9706993578296,-55.27864800922436,1.4953612212910676,49.89358575225866,625.0,-0.766388655,-17.45277596,-1.460868716,74.48043320314305,285.7971904541741,97051.43875547397,1.1830047045402623,338.90015775714676
105.929,359.84011166520423,-68.27758649754547,-1.0170588829453462,30.65357771135917,625.0,-0.176764771,-17.45277596,0.665399134,74.8498834548693,285.81103927417615,97076.1589192302,1.1832486935498951,338.9083686678645
105.971,360.0505923158362,-53.01858410463782,0.8099832317244593,47.553197119531625,625.0,0.071974471,-17.45277596,-1.244087338,71.22452449532577,285.80967114994706,97073.71658856173,1.1832245881743646,338.90755752126455
106.025,357.09551851352046,-61.214196868071014,-1.0774053396168126,23.315988555758437,625.0,-1.212734461,-17.45277596,0.562601149,65.51315915753909,285.8288791296621,97108.01060110201,1.1835630535023618,338.9189455545932
106.071,357.4467063095487,-60.716834343532696,-2.6524030768804217,34.24710437397471,625.0,0.547082424,-17.45277596,-0.331688374,69.7598263528813,285.82659640898794,97103.93450786032,1.1835228256232493,338.9175921944448
106.12,355.2937591696391,-43.655096466951605,2.6707677320628957,32.07716185536342,625.0,-1.635644436,-17.45277596,-0.393473715,54.238775433380326,285.84059056539735,97128.92506441103,1.1837694579822857,338.9258888466861
106.17,355.70764414425923,-55.039046523425796,-0.5244837185603568,21.340825324298066,625.0,-1.189831257,-17.45277596,0.591895878,59.033910177973695,285.8379003130623,97124.12044746542,1.1837220420482233,338.924293904716
106.238,355.58365452051834,-56.387209297662224,-1.4505013569393035,29.327871778672606,625.0,0.540158212,-17.45277596,-0.195867166,63.57472288284951,285.8387062456166,97125.55977077266,1.1837362465279464,338.92477171036927
106.271,353.9021129234136,-37.77926563724325,3.6247440294642423,26.602984807447523,625.0,-1.555749655,-17.45277596,-0.592678189,46.347928562491425,285.8496362659978,97145.08151306896,1.1839288999079138,338.9312516222376
106.325,349.7920917467705,-53.93774034807561,-2.047208708550532,28.803121061749412,625.0,0.372379035,-17.45277596,0.077373169,61.18080320043683,285.87635140364597,97192.80989687238,1.1843998839449743,338.94708929061954
106.37,349.8181318460973,-33.571195264731834,2.6327288490097573,34.61997567117228,625.0,-1.354947209,-17.45277596,-0.854200602,48.295953538238805,285.87618214300034,97192.5074416268,1.1843968994529868,338.9469889493157
106.42,348.24305801253104,-51.199513756941016,0.3696100570271174,24.729425196050066,625.0,0.008058605,-17.45277596,0.330906123,56.86010280564469,285.88642012291854,97210.80326465878,1.1845774312058923,338.9530581877043
106.481,346.11005785536213,-35.598234586459945,2.5821056790064434,41.218171981303776,625.0,-0.257192254,-17.45277596,-1.139691472,54.523749659121265,285.90028462394014,97235.58432219015,1.1848219448942618,338.9612771126266
106.521,346.1625136896756,-38.04896366563281,2.5491257267137586,30.060653511028494,625.0,-1.467865229,-17.45277596,-0.474966437,48.557847640822686,285.89994366101706,97234.97483236222,1.184815931225107,338.96107499099793
106.582,346.27148897920074,-55.66378475495157,-0.3433059900215085,38.734096541442845,625.0,0.139086142,-17.45277596,-0.158582911,67.8152271037278,285.89923532163516,97233.70864695919,1.1848034380976966,338.96065508950375
106.624,344.3718435016392,-38.166603989853655,1.9181957846322322,36.759735816890235,625.0,-1.36932826,-17.45277596,-0.884028018,53.024968764856965,285.9115830172393,97255.78256639377,1.1850212313795678,338.9679746925039
106.673,344.1857030101571,-50.76913163682223,2.1671724623246815,27.889372730087807,625.0,-1.551488519,-17.45277596,-0.029685911,57.965666345831025,285.91279293043397,97257.94574099056,1.1850425739293693,338.96869190967107
106.72,340.26372503658695,-51.81271900239184,-0.19562267990799864,50.4188728848563,625.0,0.257863104,-17.45277596,-0.721042514,72.29563514924679,285.93828578726215,97303.53286353241,1.1854923295803952,338.98380331415103
106.771,340.55140025047643,-42.159823495002364,3.115468510087486,42.85007476759602,625.0,-1.286237717,-17.45277596,-1.214792609,60.193735294926405,285.9364158983719,97300.18848193515,1.1854593357806469,338.98269492273306
106.827,338.17910317635756,-53.864065284928,3.936528451665179,34.48943645975466,625.0,-1.753888726,-17.45277596,-0.288545161,64.08084747084115,285.9518358293536,97327.77051331266,1.185731438239891,338.9918351004082
106.875,338.5233457095996,-51.37886868633329,-0.3710083496524461,51.610668104592754,625.0,0.376640111,-17.45277596,-0.724770963,72.82572936047684,285.9495982528876,97323.76770947209,1.1856919506601202,338.99050879027266
106.92,335.64758361477624,-54.80040538802566,3.6621930115058223,38.99783602491792,625.0,-1.455618143,-17.45277596,-1.125837088,67.35968603676727,285.9682907065039,97357.21076227988,1.1860218562142064,339.0015884715332
106.97,335.5264391354358,-55.98115009346093,0.9703521018062268,54.933242023868374,625.0,-0.036153339,-17.45277596,-1.188155055,78.43782141442341,285.9690781456196,97358.61979001062,1.1860357553712308,339.0020552067202
107.021,333.16149683199035,-70.933785977986,5.0719007174076545,53.83950027902024,625.0,-0.872918546,-17.45277596,0.293627769,89.1965131625255,285.98445027059205,97386.12966934005,1.1863071150619178,339.0111665273621
107.069,333.3075093301316,-66.58452031472214,1.2036967740550941,63.78702682278678,625.0,0.145474255,-17.45277596,-0.171892807,92.21568208475409,285.9835011893541,97384.43101593047,1.1862903598288181,339.0106039978185
107.124,330.766703524123,-68.12161463753387,3.5570677714569223,49.527939315476104,625.0,-0.828710079,-17.45277596,0.294693023,84.29842160321206,286.00001642709316,97413.99320018107,1.1865819483335545,339.0203926042738
107.17,330.96350962639264,-77.46098351623758,3.5385137598878744,66.3281228776814,625.0,0.098069981,-17.45277596,-0.313572973,102.03991832321579,285.99873718742845,97411.70310865779,1.1865593604702536,339.0196344070825
107.223,327.7435064507646,-70.24983220602827,2.4122612573676196,50.46029301095151,625.0,-1.55788362,-17.45277596,-0.237406582,86.52802494047813,286.01966720807,97449.17745599219,1.186928968560622,339.03203928376314
107.27,324.8809524787547,-70.27159858737265,3.60897007458255,71.05179265812832,625.0,-0.306730509,-17.45277596,-1.595086098,99.99739733091918,286.03827380888805,97482.50161585119,1.1872576207910774,339.0430667268951
107.32,325.0743209984305,-80.71761512761572,-2.059109881811863,54.244779530646596,625.0,-0.297675759,-17.45277596,0.42625317,97.2731691255288,286.0370169135102,97480.25024337137,1.1872354177962818,339.04232182285494
107.372,324.8203884089711,-77.047958270239,2.728280311013374,65.78652259934758,625.0,-0.789295256,-17.45277596,-1.752745152,101.34938550767056,286.03866747534164,97483.20676658892,1.1872645749548725,339.0433000345465
107.441,323.02828841892705,-70.1417822783333,5.144342170014272,60.91094915172187,625.0,-1.81088388,-17.45277596,-0.881891549,93.04019348704594,286.05031612527694,97504.07415301377,1.187470363817742,339.0502035705996
107.474,322.4582736910829,-83.78887687779455,1.2498063256068195,64.95566534926647,625.0,0.361190319,-17.45277596,-1.135957122,106.02535718053318,286.05402122100793,97510.71221804034,1.1875358249715908,339.0523993545636
107.52,320.57835285111,-69.22571187057684,4.976256731945012,58.943942283465006,625.0,-1.875864983,-17.45277596,-0.660316586,91.05685392636188,286.06624070646774,97532.60729297453,1.187751736832671,339.05964099654824
107.572,320.24504502049535,-85.22510952134992,-0.6373516233280379,65.37591932940296,625.0,-1.199422121,-17.45277596,-1.688296676,107.41385542928087,286.06840720736676,97536.48968034697,1.1877900208946601,339.06092491530853
107.621,318.37324864604335,-91.99364160271264,-1.7692612139062023,47.933779864998485,625.0,0.190747991,-17.45277596,-0.004646292,103.74780784535888,286.0805738838007,97558.29478899279,1.188005034786351,339.0681350800794
107.675,318.30057136432185,-93.04736479716958,-1.690860934538091,55.1934824552388,625.0,0.190747991,-17.45277596,-0.004646292,108.19885217475392,286.0810462861319,97559.14150770624,1.188013383851112,339.0684150300759
107.72,316.1523176790026,-94.60241021482844,-0.49715649830483966,50.57786578363173,625.0,-0.035620704,-17.45277596,-0.072290584,107.27527063711165,286.09500993508647,97584.17218971731,1.1882601925126104,339.0766899133782
107.771,315.2702882977884,-73.97885408010222,0.9187022429784655,69.68552744093921,625.0,-0.606069803,-17.45277596,-1.388957381,101.63556267143014,286.10074312606434,97594.45078569885,1.1883615385003072,339.0800873541109
107.827,315.30450116252763,-91.01714541462532,1.6010000771092314,54.7004080408685,625.0,-0.385027438,-17.45277596,0.011332675,106.20178247332511,286.10052074244356,97594.05207491238,1.1883576072873892,339.079955572083
107.87,315.5487260447497,-76.47414773283353,-2.0754998194795906,70.03972389173413,625.0,0.067177318,-17.45277596,-0.669903934,103.72157872783397,286.0989332807091,97591.20595884374,1.1883295450326814,339.0790148586588
107.941,313.90714033350974,-74.54919522212835,1.9505989801713368,48.92407319102375,625.0,-1.437508702,-17.45277596,-0.259244502,89.19053919698601,286.10960358783217,97610.33774867294,1.1885181784629324,339.0853379222436
107.982,314.20491538492973,-83.92861790844859,1.9687530879527424,58.93944075341294,625.0,-0.677975118,-17.45277596,0.174318135,102.57556516572917,286.1076680499979,97606.86711672228,1.1884839596458445,339.0841909603759
108.053,312.81379836848373,-58.57998693634122,0.6501487331700357,56.80053250894843,625.0,-1.121657729,-17.45277596,-1.377239466,81.59864003852796,286.11671031060484,97623.081740298,1.1886438263085006,339.08954919390067
108.077,308.9782529854584,-72.61737174891566,1.210423480657795,61.553495533309295,625.0,-0.129896611,-17.45277596,-0.084541127,95.20283933314106,286.1416413555945,97667.7995031454,1.1890846910041015,339.1043223133152
108.123,308.9212065340111,-74.3720442984201,1.6192598730042989,42.097425880555164,625.0,-1.02152288,-17.45277596,0.130642295,85.47523759213144,286.1420121575289,97668.46472007805,1.1890912489729342,339.1045420305457
108.171,306.8335636604082,-71.51047439057093,1.3195171017381035,52.15468384017754,625.0,-0.275837839,-17.45277596,-0.066431634,88.51892520481232,286.1555818362073,97692.81118395395,1.189331260094335,339.11258259244323
108.222,306.89955635173015,-65.86234630936045,1.3118303782243337,34.98766695967481,625.0,-1.19782424,-17.45277596,-0.437676281,74.59025673368123,286.15515288371375,97692.04149019641,1.1893236725111334,339.1123284243409
108.27,306.8217722735723,-71.83621076221603,2.389747139625073,40.790756453186475,625.0,-0.830840588,-17.45277596,-0.030212639,82.64404322204985,286.15565848022175,97692.94871116767,1.189332615826072,339.1126280064585
108.321,303.36586766592956,-57.12806964684658,2.922376937483997,40.55584349825145,625.0,-1.133908272,-17.45277596,-0.352987766,70.12084618994808,286.1781218601714,97733.26293458861,1.1897300144070384,339.12593801115696
108.37,300.5551492348932,-70.23992790219985,3.607053897937682,48.58492370187125,625.0,-0.436160147,-17.45277596,-0.203318119,85.48188767596041,286.1963915299732,97766.06078902652,1.1900532971633848,339.1367627730004
108.423,300.63012202410465,-54.704144462628506,3.1252306981902827,44.25100890729738,625.0,-1.201021791,-17.45277596,-0.592669249,70.4305493207227,286.1959042068433,97765.18582704607,1.190044673082988,339.13647403899824
108.47,297.94901124675647,-69.71202935393718,2.9356706108416635,44.53156571570887,625.0,-1.0811795,-17.45277596,-0.06536334,82.77345917425498,286.21333142689605,97796.4793871605,1.190353109560579,339.1467993369932
108.533,298.19911414399405,-57.422762638339066,2.5029564414433705,55.68871291901811,625.0,-0.65720427,-17.45277596,-1.192945719,80.03043924997293,286.211705758064,97793.55987720925,1.1903243349978319,339.1458361722773
108.568,296.243432301198,-75.65929656439135,0.3799781663486629,44.82536572280161,625.0,-0.414324015,-17.45277596,0.081110522,87.94195217419465,286.2244176900422,97816.39089318235,1.1905493521374355,339.15336757446073
108.657,293.7946364161761,-72.52037297733807,0.8900726486262869,40.46158222399902,625.0,-1.462544203,-17.45277596,0.005476741,83.04899976617112,286.24033486329483,97844.98470528444,1.190831151950653,339.16279774101446
108.676,293.88469900437036,-77.08289884521108,-0.2664894353232343,47.16751046448588,625.0,-0.553873599,-17.45277596,0.290434986,90.36934410748795,286.23974945647154,97843.93295316423,1.190820786924378,339.16245092001594
108.724,293.6264038448074,-57.97347766358494,1.933053900597089,58.10741738703341,625.0,-0.392486095,-17.45277596,-1.314918518,82.10440161881522,286.24142837500875,97846.94935204428,1.190850513504744,339.1634455849639
108.778,291.12331133986845,-69.06142813674424,2.147133573291444,41.47878467184643,625.0,-1.587712765,-17.45277596,-0.00198011,80.58896088622589,286.25769847629084,97876.18463850733,1.1911386179230923,339.1730845551678
108.827,291.41299270552696,-62.6656329925621,2.896710012095013,54.73447590479892,625.0,-1.241501808,-17.45277596,-1.21638155,83.25404098195878,286.25581554741404,97872.80089480072,1.1911052730466485,339.1719690570541
108.878,290.37794967844445,-72.06567265297794,0.07353479657240104,35.59146757972708,625.0,-0.7845034,-17.45277596,0.554087937,80.37548846987646,286.2625433270901,97884.89158092938,1.1912244188975993,339.1759547592631
108.926,290.3022355329742,-69.09702957368772,-0.21027192940578954,50.85515073961416,625.0,0.119903229,-17.45277786,-1.039542794,85.79446408096649,286.26303546903563,97885.77607082715,1.1912331348605705,339.1762463144218
108.975,288.33985779323984,-64.54569832391833,1.4052124953362615,29.741846914122515,625.0,-1.197828889,-17.45277786,0.328256816,71.08234135242326,286.27579092434394,97908.70275396954,1.1914590543402854,339.18380282490807
109.024,288.71075593624016,-68.20949112930485,-0.9489599961230168,36.59336116165672,625.0,0.394741446,-17.45277786,-0.281074464,77.41129947430417,286.2733800864144,97904.36917541157,1.1914163520392769,339.18237462363425
109.075,286.0948891587595,-44.3917205831339,2.365882837745507,35.39890329606501,625.0,-1.563747168,-17.45277786,-0.585207462,56.82697081929614,286.290383220468,97934.9363110964,1.1917175474010109,339.19244729918364
109.123,285.7486831359396,-58.081704273559325,-0.9718983157751511,27.921202169001095,625.0,0.431493074,-17.45277786,0.041700676,64.45170663543082,286.2926335596164,97938.98240439424,1.1917574145174386,339.1937803801877
109.17,283.7079477037802,-45.24107103564393,1.2670820572258195,44.77223670205453,625.0,0.302063435,-17.45277786,-0.963376343,63.66249433298009,286.3058983399254,97962.83513275538,1.1919924347360853,339.20163821223775
109.235,283.0106475978754,-38.40450652924375,2.2463531477018517,34.52622360623786,625.0,-1.544039845,-17.45277786,-0.96390897,51.69151130240682,286.3104307906138,97970.98646389102,1.1920727470616133,339.20432311782815
109.271,281.5105847694313,-51.39706986312791,1.073914221413859,27.798711960815787,625.0,0.199798062,-17.45277786,0.403357953,58.44296766036619,286.3201811989987,97988.52382954271,1.192245532520161,339.210098933451
109.321,281.76379521495056,-34.647082264043206,0.1656751403957379,36.024204340024816,625.0,-1.335780621,-17.45277786,-1.395873785,49.98190728649103,286.3185353311028,97985.56334577427,1.192216365009138,339.2091239832889
109.373,280.3477987765481,-52.54550825837305,2.3288387070595515,30.967691539716718,625.0,-0.072909638,-17.45277786,0.595638216,61.036479642532555,286.3277393079524,98002.11981108817,1.1923794817658762,339.2145760365949
109.421,280.4986936368943,-37.67594785155342,-0.45023446433677655,42.87262795646094,625.0,-1.142967701,-17.45277786,-1.506661296,57.07663256954605,286.3267584913602,98000.35537288898,1.1923620985081411,339.2139950457866
109.471,277.0926645848522,-40.11556486585043,3.1545297196258772,31.50555411443884,625.0,-1.781061172,-17.45277786,-0.548988461,51.10586602647577,286.34889768019843,98040.18888906538,1.192754524093958,339.227109044577
109.52,276.85520405886564,-53.18903372816962,-0.9387192038263187,48.38055115910444,625.0,0.429362565,-17.45277786,-0.395057768,71.90710836307298,286.35044117361736,98042.96647916183,1.1927818867888134,339.22802330356143
109.571,274.5965055072374,-38.8660007687191,3.7996563817067783,40.61281092828602,625.0,-1.682524204,-17.45277786,-0.595860064,56.34184782086781,286.3651227142029,98069.38979813592,1.1930421817587584,339.2367195118428
109.625,274.71950628065736,-57.68613143784259,-0.35085874707658543,36.505475906516,625.0,-0.181033984,-17.45277786,0.368736863,68.2675811295938,286.3643232091757,98067.95072874207,1.1930280058921316,339.23624595268626
109.671,272.17126222197356,-44.38757496938247,-1.2086252697796076,51.73727492971515,625.0,0.040008396,-17.45277786,-1.417711616,68.17963921771829,286.38088679555716,98097.76785533437,1.193321717910024,339.24605668530705
109.72,272.2110426573353,-52.0182331395691,4.276059148334582,33.65366979799349,625.0,-1.132847667,-17.45277786,0.257416725,62.10274351165977,286.3806282227273,98097.30232614448,1.1933171323700638,339.24590353292024
109.771,267.4340833905298,-61.530389498398755,-0.8035485597164321,53.16893628415408,625.0,0.066640005,-17.45277786,-1.235018849,81.32386062958963,286.41167845796156,98153.21732112781,1.193867874762321,339.2642940568621
109.819,267.08565668241056,-56.73494287417459,0.5427592104241388,53.627775946459586,625.0,0.066640005,-17.45277786,-1.235018849,78.07103613671349,286.4139432315643,98157.29671545132,1.193908052978035,339.2656354045731
109.871,264.86631963904864,-65.92372838742759,1.3032155061224688,31.88010711224626,625.0,-0.359998405,-17.45277786,0.376726329,73.2391805295705,286.4283689223462,98183.28402779392,1.1941639962224966,339.27417912187667
109.933,264.9073527232127,-60.75778453438227,1.317050292288334,42.94652370153394,625.0,0.099129528,-17.45277786,-0.861641765,74.41536737156684,286.4281022072991,98182.80350062327,1.1941592637345133,339.2740211599575
110.031,262.24412248870055,-49.42494344072146,3.8951338657676864,28.585949755854386,594.0,-0.138957083,-17.45277786,-0.876555502,57.22895792686598,286.4454132038234,98213.99580746386,1.1944664530761617,339.28427344075425
110.069,260.5352813689496,-47.10898897662873,3.2800400746266596,44.71283175282518,594.0,-0.821791649,-17.45277786,-1.043802023,65.03270583827599,286.4565206711018,98234.01433614858,1.1946635905832135,339.29085157442086
110.125,260.543919604284,-62.35219790472052,0.17356621893054924,39.03989766465994,594.0,0.076758973,-17.45277786,-0.471754998,73.56589099881077,286.4564645225721,98233.91313366877,1.1946625939855087,339.2908183221085
110.17,258.1036676755509,-47.33606571154103,3.1297224806781605,44.370630481511064,594.0,-0.424447954,-17.45277786,-1.032084107,64.95576286350727,286.4723261601089,98262.50561056063,1.1949441524094937,339.3002117800149
110.221,257.97282601144326,-66.00256901291066,-1.8409854957455531,31.50385014423089,594.0,-0.030300107,-17.45277786,0.052887738,73.15887449797007,286.4731766309256,98264.03887508222,1.1949592504701474,339.30071543200444
110.27,255.30892964301054,-60.286261001843236,0.6996243177848948,44.75164754026496,594.0,0.035746288,-17.45277786,-0.737538457,75.08417075080808,286.4904919573204,98295.25988565524,1.1952666741137605,339.3109694703199
110.322,254.95797479397507,-55.688613239223685,2.4381844083668267,30.822790696291072,594.0,-1.252691031,-17.45277786,0.054485634,63.69623861755426,286.49277316383916,98299.37369435708,1.1953071801315038,339.3123203648109
110.371,253.04569407710022,-58.232034419554516,1.8280021158737152,47.05531917820263,594.0,-0.002603231,-17.45277786,-0.89892602,74.89001593896442,286.5052029884988,98321.79144042815,1.1955279075333607,339.31968101627706
110.436,253.00771148358243,-46.386408550699045,3.9930298088628744,43.30069819028168,594.0,-1.352294445,-17.45277786,-0.583073199,63.58139389045113,286.5054498753567,98322.23675387168,1.1955322920376996,339.3198272152831
110.542,251.5149452293208,-56.09848934889133,3.1700221575569234,28.52764098373632,594.0,-1.219136357,-17.45277786,0.186580345,63.01520330685308,286.51515285600937,98339.73945568223,1.1957046186103808,339.32557298005776
110.571,250.42573233924193,-61.23074146329011,0.7865253848752158,30.519123498343657,594.0,-0.424981713,-17.45277786,0.304292083,68.41958214891757,286.5222327397949,98352.51208154748,1.195830370531421,339.32976537748846
110.623,247.59086801137443,-51.30691227982939,1.946004757014585,47.41797797703943,594.0,-0.990637124,-17.45277786,-0.961774707,69.89027698925958,286.540659357926,98385.76134031532,1.1961577090210798,339.3406765717451
110.671,247.46743242239216,-47.87967854445374,3.3872236126556006,44.31152131046855,594.0,-0.990637124,-17.45277786,-0.961774707,65.32570567678901,286.54146168925445,98387.20928543196,1.1961719635423043,339.34115165871157
110.722,247.46257209283817,-66.45821908597976,0.06355404179436974,31.326434461080616,594.0,-0.155469805,-17.45277786,0.176992968,73.47138503690189,286.5414932813965,98387.26629924845,1.196172524822884,339.3411703654522
110.77,245.18663171116228,-53.14391546028899,2.757012052691676,34.83540698567664,594.0,-1.310749173,-17.45277786,-0.121813707,63.60332102781079,286.5562868938774,98413.96702664427,1.1964353771100105,339.34993003394374
110.831,243.2686825192295,-66.30267380309769,-1.2344283549057313,35.1805665118539,594.0,0.177425325,-17.45277786,0.048628602,75.06823980151891,286.56875356362497,98436.47245200911,1.1966569186834686,339.3573116858011
110.869,243.4567085317003,-53.054005607915606,1.9114827308216749,48.42923236198294,594.0,-0.542160749,-17.45277786,-1.232351899,71.85938925739562,286.56753139454395,98434.26595000537,1.1966351984836698,339.3565880331858
110.921,243.52954715323682,-51.5835385268326,2.173075831721376,28.494915408697977,594.0,-1.161079526,-17.45277786,0.166872948,58.970703825446144,286.5670579435039,98433.41119305631,1.1966267844660945,339.35630769996885
110.971,241.71519414071494,-49.70786153865999,1.9667990232723207,44.21990023030368,468.0,-0.65294826,-17.45277786,-1.232884645,66.5592921651256,286.57885123808535,98454.70430896089,1.1968363845320287,339.36329051187806
111.025,240.6989553757358,-47.19245446549271,1.9157427933540316,21.61274985849225,468.0,-1.206885815,-17.45277786,0.201494053,51.941397607049886,286.5854567900577,98466.63244320206,1.1969537960691565,339.3672015976507
111.071,240.74781991411422,-51.47151076092327,0.3134823888845527,35.4620390801074,468.0,0.248265415,-17.45277786,-0.685871243,62.50576698944703,286.58513917055825,98466.05886737755,1.1969481502842363,339.36701353913617
111.185,237.96938180521929,-35.454720444817575,2.903110296036551,38.90075943253323,468.0,-0.945363402,-17.45277786,-0.968166292,52.71370159302932,286.603199018266,98498.676690932,1.1972692020233293,339.3777063825356
111.23,237.65020360135236,-53.99563202616529,0.4661584747499051,24.562131938782404,468.0,0.087943114,-17.45277786,0.14024134,59.32152987749711,286.6052736765912,98502.42428379276,1.1973060876525026,339.37893472107504
111.273,236.10315076330983,-33.80944104157389,0.31732787740873303,35.1492727994524,468.0,-0.137892947,-17.45277786,-1.143934965,48.77140944093953,286.6153295200385,98520.59045648397,1.1974848841637638,339.38488839990777
111.322,234.04709601085958,-51.68757065275131,2.3232896762982422,27.46503537747319,468.0,-0.46013543,-17.45277786,0.570075572,58.57756228445331,286.6286938759294,98544.7377512416,1.197722538827708,339.3928007602986
111.379,234.26993860795494,-42.777069982213284,-0.61031779909654,41.935409602821316,468.0,0.240275934,-17.45277786,-0.907446265,59.90683418972718,286.62724539904826,98542.12034918816,1.19769677921852,339.39194319918016
111.422,234.35672986790306,-39.92797008576724,2.9727450796058177,28.98756796153984,468.0,-1.474267244,-17.45277786,-0.944197834,49.43034599113317,286.6266812558586,98541.10095599024,1.1976867466510948,339.39160920136476
111.47,229.12618669906925,-56.23884685175978,-1.3165320398571032,39.99633209057548,468.0,0.143866688,-17.45277786,0.198835701,69.02353028154427,286.660679786456,98602.55073580862,1.1982914820011883,339.411737254007
111.521,226.85105231481538,-41.44279447031811,1.021381733876432,36.96146231261969,468.0,-1.428463578,-17.45277786,-0.956976295,55.54005879041299,286.67546815995365,98629.28928739003,1.1985545972070812,339.42049199987997
111.577,226.6004622020677,-60.672648351916024,0.5962708614371169,39.59692102653534,468.0,-0.741900742,-17.45277786,0.502968669,72.45303272988049,286.67709699568655,98632.23471043269,1.1985835802055729,339.42145625999626
111.627,226.7391187462257,-57.309746672045264,0.1454496971491526,46.783127322037295,468.0,0.083679236,-17.45277786,-0.882407725,73.9803299618105,286.67619572814954,98630.604939883,1.1985675432639318,339.42092271583886
111.677,224.42201478720375,-58.289074848523136,3.200510576813853,33.3168809525882,468.0,-1.345373034,-17.45277786,0.142376676,67.2151327534058,286.69125690388313,98657.84306816365,1.198835559817409,339.42983871775846
111.723,224.32966281045856,-65.28829484364172,-0.9060440642297038,44.85855671361844,468.0,0.117235065,-17.45277786,-0.329002827,79.21914206721468,286.69185719173197,98658.92881462566,1.1988462430065605,339.43019407477783
111.787,221.81694938161723,-49.69790462495113,2.394106495648217,46.41734960773368,468.0,-1.137646437,-17.45277786,-1.097058535,68.04545403353421,286.7081898290195,98688.47352738488,1.1991369392646307,339.43986248905424
111.819,218.83673407275546,-67.92688810554831,1.5019429248707863,50.80202561486212,468.0,-0.133634701,-17.45277786,0.037980761,84.83609943194205,286.72756122852707,98723.52445690233,1.199481790802697,339.4513293992353
111.886,218.69465976764582,-57.970587609579624,4.070669351658393,40.447288303312604,468.0,-1.436985731,-17.45277786,-0.623548508,70.8035486953992,286.7284847115103,98725.1956739305,1.199498232631058,339.4518760458022
111.944,216.17273336226177,-76.17393024920409,0.31147375158302326,46.90597690259591,439.0,-0.341893911,-17.45277786,0.131191403,89.45800877895392,286.7448772331453,98754.86485316513,1.1997901162191027,339.46157928944496
111.971,215.9951859093284,-62.71073956122162,2.6789090394579036,43.550440253862504,439.0,-1.285720944,-17.45277786,-0.75403887,76.39669008708626,286.74603129158936,98756.95388049322,1.1998106673146256,339.46226240209825
112.031,213.97004518199378,-78.63003033883777,-0.3936686514924788,48.158063927350746,439.0,-0.008468797,-17.45277786,-0.49038586,92.20648441039555,286.75919470631703,98780.78426375405,1.2000450961560178,339.4700540204211
112.076,214.09807173925088,-63.54784331699521,1.6451186610971007,55.21464351560567,439.0,-0.427117735,-17.45277786,-1.1162287,84.2003067940128,286.7583625336948,98779.2776024741,1.2000302748558196,339.46956145053116
112.127,211.88297169282626,-79.64607721346125,-0.5318432259981968,42.10022962212515,439.0,0.065567084,-17.45277786,-0.432861596,90.0900094735556,286.7727606839966,98805.3482985553,1.2002867309539162,339.4780837345435
112.168,211.59678156286165,-74.78404935864782,-0.16952661962488286,48.617263296705744,439.0,0.065567084,-17.45277786,-0.432861596,89.19821224785083,286.77462091984137,98808.71702951101,1.200319868047932,339.47918479496894
112.416,212.00780012158995,-57.16611961459414,3.7957787487634675,39.41925181048996,439.0,-0.896366715,-17.45277786,0.268615037,69.54315625134126,286.77194929920967,98803.87897794748,1.2002722776649601,339.4776034805144
112.443,207.69798133303422,-72.52204228118818,-0.9105164759433947,37.50008440319448,439.0,0.235476762,-17.45277786,-0.600640774,81.64883334827339,286.7999631213353,98854.61889347978,1.200771368111562,339.4941843089083
112.473,205.480280593747,-60.16805959125309,0.3573036562116806,28.31976034766687,439.0,-0.736044407,-17.45277786,0.481667936,66.50061568909426,286.8143781761406,98880.73632055357,1.201028246627535,339.50271597977775
112.532,205.30475128403847,-55.71068332843698,2.2338249893589426,45.331219758194656,439.0,0.223758847,-17.45277786,-0.728472531,71.85812198889008,286.8155191166537,98882.80373343718,1.2010485801600217,339.50339124581603
112.588,202.83337573093377,-57.354849523768834,-0.39855095644369964,24.474557475358527,439.0,0.140668228,-17.45277786,0.272343487,62.35977525916587,286.8315830577489,98911.91571426783,1.201334895321521,339.5128985523489
112.626,200.80511736586752,-60.099279859952205,-1.4639883041316082,31.986384099843566,439.0,0.140668228,-17.45277786,0.272343487,68.09695638736152,286.84476673712186,98935.81310701543,1.201569913236376,339.52070100164315
112.671,200.91868542441406,-43.18329110523859,2.825963082384358,29.35408011394396,439.0,-1.463620067,-17.45277786,-0.21022132,52.2919182795833,286.84402854474126,98934.47489925499,1.2015567529733195,339.52026412465455
112.729,199.5329440194645,-57.691719648597555,-1.7092379374282822,29.84147242093698,439.0,-0.117125772,-17.45277786,0.402838379,64.97514514480643,286.85303586387346,98950.80452298831,1.2017173401800998,339.5255947975275
112.776,199.81441375762677,-42.277511696792615,0.781502182218309,40.72238810006272,439.0,-0.130974218,-17.45277786,-1.015561223,58.70529476550968,286.8512063105754,98947.48749742711,1.2016847206161632,339.524512045936
112.851,198.57171779194394,-54.29702205539452,-0.689119304511357,22.140412055519445,439.0,-0.488370448,-17.45277786,0.540257454,58.64161777686594,286.85928383435237,98962.1329274135,1.2018287419172462,339.5292923953855
112.924,198.16023962477075,-54.34669780479582,-0.738795053912652,22.09073630611815,439.0,-0.488370448,-17.45277786,0.540257454,58.66949813117486,286.86195844243895,98966.9826698566,1.2018764327755804,339.53087523708786
112.998,195.25382141872416,-43.9401407832881,0.6347732814416037,21.06574106094937,439.0,-1.483860135,-17.45277786,-0.294377208,48.73299042354141,286.88085016077827,99001.24362470106,1.2022133316817538,339.54205520688004
113.027,193.823719759571,-51.40995082813272,0.06323318003299286,37.878992143215804,389.0,0.310577899,-17.45277786,-0.026995838,63.85769404207989,286.8901458215628,99018.10523590175,1.2023791291421468,339.5475561704302
113.071,193.8369918999445,-35.387271140376754,2.7786763550424647,29.815286634409098,389.0,-0.507012546,-17.45277786,-1.287736297,46.356567152244864,286.8900595526503,99017.94874006324,1.2023775903689042,339.5475051188325
113.125,193.1765073215368,-51.990542657576164,0.9121856135282675,27.987175556076554,389.0,-0.824993968,-17.45277786,0.643588126,59.0519314165881,286.89435270241,99025.73695736333,1.2024541688430348,339.5500456788623
113.211,188.04689222592634,-41.22723551805866,1.8989424267773134,21.81661678222292,389.0,-1.416748405,-17.45277786,-0.265615076,46.68249884725606,286.92769520053145,99086.24058186982,1.2030490381389436,339.5697761436338
113.224,187.9485197977464,-41.221694374884926,1.9044835699510543,21.82215792539666,389.0,-1.416748405,-17.45277786,-0.265615076,46.6804211776799,286.9283346213146,99087.4011735601,1.2030604483558767,339.57015451047477
113.293,185.62968180633632,-35.32045435671566,2.082748801370642,37.495146572301245,389.0,-0.973598361,-17.45277786,-0.958569646,51.553451436473175,286.9434070682588,99114.76186564936,1.2033294343284306,339.57907326353484
113.322,185.66119346754837,-42.50532294463978,1.0429998764943975,22.68284368059069,389.0,-1.035383821,-17.45277786,0.236657113,48.19026587194349,286.9432022424609,99114.39000874077,1.203325778656979,339.578952064432
113.374,185.98887536056944,-53.9756724936098,0.22227834565321705,26.995046874867445,389.0,-0.33337447,-17.45277786,0.263821363,60.35027079124552,286.9410723101563,99110.52322859356,1.2032877647463178,339.577691742674
113.429,184.03348025331152,-49.23832490473218,1.9470318341072035,41.484958784792276,389.0,-0.219391167,-17.45277786,-0.858967423,64.41432587369762,286.9537823783535,99133.59949990614,1.2035146209703846,339.5852124642487
113.475,183.87320333757842,-49.463545078869075,8.274683000344982,23.649476882786242,389.0,-0.68384999,-17.45277786,0.35544014,55.447366279697654,286.9548241783057,99135.49117426899,1.2035332170344815,339.5858289041752
113.525,105.2834100877835,-49.363209077117965,-9.383945627684989,38.46740402505498,389.0,-0.412207574,-17.45277786,-0.64697367,63.28132440429346,287.4656578344294,100066.5779329764,1.2126780811077695,339.8879578830679
113.579,125.36390060340959,-44.54496482572501,-6.9066992642354315,19.367168436588067,389.0,0.028279278,-17.45277786,0.667030036,49.061630622135276,287.3351346460778,99828.00514262974,1.2103364368295606,339.8107864094653
113.623,125.40925511056342,-51.9693906024633,-5.091858966379786,11.251954523269857,389.0,0.84214133,-17.45277786,-1.491728425,53.416767666329605,287.33483984178133,99827.46681547529,1.210331151827334,339.81061208740476
113.675,125.84150319210613,-23.56536828400154,1.5284071565012742,25.52843578088459,389.0,-2.181611776,-17.45277786,-0.36308071,34.77590608762651,287.3320302292513,99822.33644267086,1.2102807843547991,339.808950718237
113.722,137.80995702793336,-21.17400215609181,1.5451939463107944,22.374324173602492,389.0,-1.933405161,-17.45277786,0.950922966,30.843741242970978,287.25423527931844,99680.36707522845,1.2088868035550757,339.7629460840303
113.769,137.87764577552642,-23.60861492164004,-4.204232235475457,7.870138358080568,389.0,1.077564836,-17.45277786,1.900073528,25.238489356208046,287.2537953024591,99679.56461895707,1.2088789232566255,339.7626858826602
113.82,145.20798365504365,-26.0360085768897,-10.550879221355968,13.780153202660046,389.0,1.018975258,-17.45277786,-2.852071047,31.29037259682756,287.2061481062422,99592.69374661523,1.2080257606306049,339.73450625371504
113.875,144.29800228479837,-7.900067027733884,-1.121725364642353,23.26207566234918,389.0,-3.355533123,-17.45277786,-1.123147011,24.592549500961226,287.2120629851488,99603.47448246562,1.2081316464005527,339.73800457388006
113.923,151.43814580493913,-1.9088968672769608,-3.2329041547613118,8.544044237638426,389.0,-1.215949535,-17.45277786,1.81431973,9.332537085835508,287.1656520522679,99518.90911481077,1.20730100733837,339.71055413431725
113.979,151.80396660124447,-8.775319439909735,-1.1574806572229919,5.270670785995675,376.0,0.793668807,-17.45277786,1.128827214,10.301745642300208,287.1632742170919,99514.57802711976,1.2072584618335878,339.709147668447
114.025,153.68958045385136,-17.526301962422973,-7.054173043263673,4.214279904595587,376.0,1.95533967,-17.45277786,-0.403555691,19.356982536454833,287.1510177270499,99492.25596824267,1.2070391803205436,339.70189798405534
114.076,153.75066232071518,-20.326363060303233,-6.7744768327437255,2.100209701362896,376.0,1.747613072,-17.45277786,-1.149773479,21.528247778357162,287.15062069491535,99491.5329436537,1.2070320775071335,339.7016631379152
114.127,155.1278060046294,0.4260025032467477,-5.460072997326068,7.4298091465432785,376.0,0.178478584,-11.88836956,-1.611032963,9.23016463682853,287.1416692609699,99475.23285626291,1.2068719469034408,339.6963682848346
114.178,155.07569507997476,2.68258018645001,-5.184709072565982,7.858680831559237,376.0,-0.708354056,-9.536798477,-1.631805658,9.789602087735679,287.14200798198016,99475.84960992602,1.2068780059272493,339.69656864283803
114.221,154.4611145405724,4.326342534482288,-2.7254351742203813,6.336339254463616,376.0,-1.478540301,-9.341855049,-1.392121077,8.142139262024743,287.1460027554863,99483.12365034285,1.2069494659835578,339.69893159582836
114.277,154.38759880724413,6.430917652612301,-2.453362934430473,-4.66004159992101,376.0,-2.078284264,-8.234512329,0.249451414,8.312140473771613,287.1464806077529,99483.99379527301,1.206958014206812,339.69921424966185
114.324,153.80695714815758,3.55369983939892,-5.7623218726094905,-5.508074589285076,376.0,-1.844991326,-1.781140208,1.254528403,8.727658425558692,287.150254778537,99490.86658690269,1.2070255313757472,339.7014466967291
114.402,153.86154585857497,5.950846810390414,-4.996198880136293,-2.9766079619056973,376.0,-1.583468914,-0.277519345,1.59168458,8.320743714926527,287.1498999519192,99490.22042875488,1.207019183662703,339.7012368150546
114.419,153.92725305392003,4.984099594887618,-5.962946095639089,-3.9433551774084936,376.0,-1.583468914,-0.277519345,1.59168458,8.714816404632444,287.1494728551495,99489.44266732232,1.207011543098038,339.7009841850608
114.472,153.80290593272287,5.863550487653028,-5.083495202873679,-3.063904284643083,376.0,-1.583468914,-0.277519345,1.59168458,8.34330014229082,287.15028111143727,99490.91454065053,1.207026002462322,339.7014622727628
114.526,151.2270725375217,1.4714937426760217,-8.516125811323834,5.429124014623543,376.0,-0.160275504,6.024585247,1.986897707,10.206129542348204,287.1670240285061,99521.40815872028,1.2073255559963534,339.71136564197514
114.57,151.08468069881678,3.2739022919079885,-11.05511781006532,5.111201683610548,376.0,0.380346209,5.421645164,2.5648036,12.611837640166764,287.16794957545767,99523.09406390367,1.2073421169475322,339.71191309091466
114.621,149.78265656160303,3.6237306720247333,-8.968729563318877,4.832606993252447,376.0,1.014178514,2.289767981,2.599957466,10.813122782737432,287.17641273234955,99538.51097251227,1.207493557550245,339.7169188968211
114.673,149.91299194861529,1.5970112564329195,-10.453374133629405,2.2877974949229003,376.0,1.226166129,0.732351363,2.59036994,10.819311119871784,287.175565552334,99536.96762005621,1.2074783973691157,339.71641780831914
114.721,148.3354078636913,5.57712397175433,-12.344945836470103,6.267910357561745,376.0,2.018190145,-2.136405706,1.218309402,14.92610799076997,287.18581984888596,99555.64971440838,1.2076619065178469,339.7224829514111
114.784,146.24492698217244,1.8962355947870149,-10.633862352437431,1.934612681416798,376.0,1.449339032,-2.051717281,0.939742804,10.973489152891258,287.19940797461584,99580.41001825128,1.2079051101750702,339.73051979879415
114.821,146.43091192785099,7.047973837456381,-20.175726829860263,5.181891557373308,376.0,0.243459716,-3.585165501,0.003375321,21.99058635959918,287.1981990724689,99578.20695281797,1.2078834714251194,339.7298047879419
114.886,143.89795384743954,1.643182720927686,-23.51295676247544,1.724733700180256,376.0,-0.319532543,-2.721768618,-0.546301126,23.633321635033283,287.2146632999916,99608.21423733662,1.2081781984319933,339.7395425033236
114.927,143.96399572452185,4.453916975522051,-17.704015012219873,2.923633396961788,376.0,-0.761617303,-2.39047122,-1.034724951,18.48829781828442,287.2142340277906,99607.43176372995,1.208170513309184,339.7392886151795
114.992,143.8480303053558,3.679532749180269,-11.253925076465391,2.422685289388781,297.0,-1.08865726,-1.126535535,-1.487988472,12.085495227354462,287.21498780301516,99608.80574190804,1.2081840079305757,339.73973442680756
115.031,139.81496687156357,3.141888523152982,-16.171349136835836,1.8082870374193627,297.0,-1.634605289,1.289484262,-1.285055637,16.572685310686996,287.2412027153348,99656.59971805717,1.2086533977237246,339.7552385691965
115.072,137.94251800175593,2.6046082743011967,-12.813360235345705,2.441505875848071,297.0,-1.550449371,2.667936563,-0.65335381,13.301396006626426,287.25337363298854,99678.79555771207,1.2088713708934093,339.76243650805355
115.124,137.65458790122054,-1.027764174000727,-19.184891630381994,1.3612055069165447,297.0,-1.260164857,4.347325802,0.298992664,19.26056194660271,287.25524517864204,99682.20901016814,1.2089048917188012,339.7635433355687
115.175,137.76480355888782,1.6187712663860983,-24.160993748920333,3.6527534824916765,297.0,-0.900638103,4.778224945,1.480370879,24.489112833095845,287.25452877686723,99680.90237662748,1.2088920603267528,339.7631196577398
115.219,135.24908955563623,2.720306548782561,-32.27473963125681,3.6509493579830736,297.0,-0.783991635,4.740408421,1.870790362,32.59429884503308,287.27088091788835,99710.7302353005,1.2091849676494686,339.7727901325705
115.273,132.55900800352833,0.13341880458773248,-44.62858161039168,1.7980224053240703,297.0,-1.23779428,3.19790554,1.324309707,44.66498608197315,287.28836644797707,99742.63349896425,1.2094982368421048,339.78313057662024
115.321,132.34944009110967,3.4034877462311894,-66.64897437506951,2.7654695986132642,297.0,-0.314742655,2.214133739,-0.176115289,66.79309347670814,287.28972863940777,99745.11923543528,1.2095226443485827,339.78393612458905
115.369,129.87371825604998,9.086847129174924,-59.814299179307035,14.608340962678142,297.0,0.805382907,0.321691483,-1.855504751,62.239254516281804,287.30582083133567,99774.48817679503,1.209811009933368,339.7934522875461
115.423,129.52757916608687,6.726029197437294,-70.0136237692999,5.349253672765611,297.0,1.663986087,-2.933223963,-3.219043255,70.53907780038985,287.3080707354204,99778.59490624665,1.2098513314970423,339.79478275341927
115.474,126.45068451788204,-5.760737216327056,-27.083969837507425,-0.20566306210068241,297.0,-0.116603464,-4.67599678,-0.65335381,27.69060874610199,287.32807055063375,99815.10640334387,1.2102098025546921,339.8066092826671
115.52,126.59490678831465,14.850971909505388,-11.259795877218181,5.693254329810826,297.0,-0.525132418,-5.56922102,0.32882008,19.487111502668817,287.32713310587593,99813.3947703285,1.2101929982438957,339.80605495084745
115.574,126.85671617842885,75.96110829473704,8.076947612996943,-4.1605255243253225,297.0,-1.161627889,-15.0681839,-3.554601431,76.50252955782854,287.3254313448402,99810.2876715736,1.2101624935197641,339.80504865959676
115.622,124.83895886878265,-4.807591681311175,28.211038207703243,9.022528348901762,297.0,-5.284201622,-17.45277977,-0.491433561,30.006359864826,287.3385467673529,99834.23601506295,1.2103976077402108,339.81280403980674
115.684,123.53785825605067,-26.971338355873147,-24.00191418252749,40.37553609893623,297.0,3.4168787,-17.45277977,-8.344562531,54.16390765453422,287.34700392133567,99849.68097600267,1.2105492338282922,339.8178048099704
115.723,122.947312659095,-46.232385204056285,-58.963960004693,65.75656649740326,297.0,0.038925149,-17.45277977,-10.16936111,99.69005997901041,287.35084246771584,99856.69179757102,1.2106180589104358,339.8200745431337
115.776,123.23263977165642,-4.131095801178321,13.306463333066466,76.23519110696785,297.0,-1.073210955,-17.45277977,-4.02225256,77.49795017978647,287.3489878414842,99853.30440991702,1.2105848051146486,339.81897790420305
115.824,121.57308556535729,-68.39064362760654,-43.96846646804099,42.84035850011217,297.0,1.409387946,-17.45277977,-6.815908432,91.90104730506425,287.35977494382513,99873.00784873498,1.210778229668819,339.8253562591747
115.877,121.71385261944434,-71.42587992744852,17.982987743528874,37.98700886201745,297.0,1.481293201,-17.45277977,-2.841939688,82.87374140146682,287.3588599579736,99871.33643734091,1.2107618220531962,339.8248152376616
115.944,120.67157791088033,-19.68684453260533,-3.122362139171636,26.898063910059143,264.0,-3.199478865,-17.45277977,2.26600337,33.478751994193736,287.3656347435793,99883.71252513287,1.2108833122032006,339.828821076733
115.975,119.56950169608399,-138.713587375284,-49.94273753323782,4.375141675561846,264.0,1.087674975,-17.45277977,2.311815023,147.4953498233611,287.3727982389754,99896.8000535225,1.2110117831104763,339.83305670328343
116.017,119.5417678937882,-139.63951445385055,-50.86866461180436,3.4492145969953043,264.0,1.087674975,-17.45277977,2.311815023,148.65635579292095,287.3729785086904,99897.1294197303,1.2110150162216968,339.8331632923535
116.079,117.97475555972674,-58.43577761390102,-36.88707971888294,41.3156986051832,264.0,1.989421248,-17.45277977,-4.079771519,80.51325174629862,287.38316408886175,99915.74066251653,1.2111977038539326,339.8391857222926
116.128,118.19306222301337,-45.334678005887746,-22.836150069679867,54.67584363538591,264.0,-2.182154417,-17.45277977,-1.805964708,74.60677353393345,287.3817450955504,99913.14768863084,1.2111722516560293,339.8383467202441
116.181,116.64704863381401,-31.91449944895475,-24.944274326968355,41.6446552241631,264.0,-2.827704668,-17.45277977,-1.933263779,58.0950032749444,287.39179418388017,99931.51189696204,1.21135250894638,339.844288356706
116.225,116.60096727987379,-62.06671100853346,-12.051856866536848,18.822459280785473,264.0,1.349730015,-17.45277977,3.959246635,65.96824116743697,287.3920937126808,99932.05931286856,1.2113578821119235,339.84446545488277
116.271,115.61740698763458,-63.59981381125866,-12.563170362715757,28.054110931683,264.0,4.197182178,-17.45277977,1.315260172,70.63853556350502,287.39848685458037,99943.74393549752,1.2114725712905106,339.8482454158771
116.321,115.25803779734683,-45.08389114606068,-15.456831915155975,38.26620347859653,264.0,4.264826298,-17.45277977,-2.051508188,61.12097203406197,287.40082275431723,99948.01349051113,1.2115144780201308,339.8496265118993
116.369,113.9874218938459,-29.515080713069803,-20.21345162178681,24.658881712782886,264.0,3.267205954,-17.45277977,-3.824640751,43.44863707057287,287.40908175769,99963.11047220661,1.211662655866898,339.8545095860328
116.428,114.24038329151945,-52.35853930595838,-24.199399758031074,5.816229339893588,264.0,4.080535412,-17.45277977,-2.654447794,57.97289117024285,287.4074375086051,99960.10473253415,1.2116331546780916,339.85353744162074
116.47,113.12933604994602,-40.05163714743134,-19.99484457883235,2.014376456651027,264.0,4.171082973,-17.45277977,-1.362814665,44.81054742390762,287.41465931567535,99973.30697095967,1.2117627327492677,339.85780723589454
116.524,112.90636899470123,-23.3323970123552,-30.177899606517116,9.825347728569925,264.0,3.052553892,-17.45277977,-1.543374658,39.390910537717986,287.4161086015344,99975.95659115669,1.2117887379981072,339.858664099797
116.581,112.13031529468782,-16.11454643631699,-21.84711381585654,14.068981564403815,264.0,1.662916303,-17.45277977,-0.675716758,30.576318143143734,287.4211529505845,99985.17923804918,1.2118792545628352,339.8616464625736
116.619,111.91700021634688,-7.0290682693300806,-21.63632276122224,11.089683344101244,264.0,1.898872375,-17.45277977,-0.697554708,25.308483558584125,287.4225394985937,99987.71440193705,1.2119041358969758,339.8624662246478
116.668,109.14945792848737,0.8842152021328049,-4.594105145624349,4.266190237924724,264.0,0.948123932,-17.45277977,-1.089039326,6.331509911458648,287.4405285234648,100020.61024717939,1.2122269808749029,339.8731016095931
116.719,109.5679959323035,-0.9483718032498786,-5.7071225471086535,-3.7498943579473663,264.0,0.961439729,-17.45277977,-1.632324219,6.894371946789707,287.43780802644,100015.63481542711,1.2121781525051922,339.87149323175873
116.82,108.4938715466761,-13.69347513707488,-14.499391317614574,-1.2497252697308765,264.0,1.098858833,-17.45277977,-2.283200741,19.982628034390487,287.44478983494656,100028.40402903495,1.2123034673104656,339.87562091295985
116.872,106.70781953032144,-14.648241279971725,-20.486345707121128,31.62965164618964,264.0,0.994995594,-17.45277977,-3.604128599,40.4313763837846,287.4563991730529,100049.6395759733,1.2125118624751863,339.88248430255237
116.922,106.78148189184333,-10.076579757888407,-16.663034604851024,29.20230339210116,264.0,1.021627069,-17.45277977,-3.107715368,35.09941175096631,287.455920367703,100048.7636835491,1.2125032670661422,339.88220123767707
116.976,105.96691089230353,-9.41866018437527,-17.55938512421637,21.148639268906624,254.0,1.853598714,-17.45277977,-3.613183498,29.05698037538702,287.46121507920003,100058.44979718135,1.2125983191627223,339.885331404399
117.028,105.83293430691839,-14.94023389395475,-12.685583500630699,8.450561226974454,254.0,1.505256057,-17.45277977,-3.558853149,21.343537724763255,287.46208592700503,100060.0429936755,1.2126139534045624,339.8858462358877
117.075,104.78644781418663,-20.131990431774913,-10.624083870876529,3.407514326579682,254.0,1.781692266,-17.45277977,-2.569755077,23.016936171574642,287.4688880892078,100072.48810346809,1.2127360772356073,339.88986754007533
117.121,105.3234362642483,-16.281288409239934,-12.697833192866467,0.5518338401399393,254.0,2.068780899,-16.48285675,-2.910639524,20.654777671179026,287.46539766428236,100066.10193021432,1.2126734100945256,339.8878040756172
117.17,103.69420295655702,-18.19282488543205,-11.246583071855898,3.245540164155551,254.0,0.880478501,-16.7837925,-2.423281193,21.63326233052468,287.47598768078234,100085.47872127463,1.2128635510531176,339.8940646279014
117.225,103.51131890824435,-13.30969411643467,-9.08342321387174,12.076706568907518,254.0,1.043996572,-17.44958305,-1.187041759,20.13711439871298,287.47717642709637,100087.65398675807,1.2128848961039946,339.8947673777242
117.277,102.26507161395512,-4.589375904510766,-6.690517948309208,13.203170034122655,254.0,0.565160215,-17.45277977,-2.64751935,15.496744837529787,287.4852770345093,100102.4781617591,1.213030357731404,339.8995561660213
117.321,102.4730978131143,-3.268862639663332,-8.689617540369905,15.454327574329835,254.0,-0.058552109,-17.45277977,-2.731675148,18.028620488811185,287.4839248642147,100100.00355592309,1.2130060760450851,339.898756816176
117.371,101.73948366310937,-7.889906250049992,-4.766976071229606,13.68277787667735,254.0,-0.51981163,-17.45277977,-2.905313253,16.49827542262356,287.48869335618974,100108.7305901734,1.213091708207578,339.90157575252863
117.421,100.70324608551901,-10.119421204255174,-12.613928019970164,15.084688839465745,254.0,-1.642067671,-17.45277977,-3.468305588,22.114739496218807,287.4954289004441,100121.05866606488,1.2132126724029753,339.9055574894613
117.473,100.72233892130258,-11.915490093391496,-12.385609630843826,15.960618398926277,254.0,-2.115577698,-17.45277977,-3.615844727,23.454713167495914,287.4953047970115,100120.83150826597,1.21321044353574,339.90548412577135
117.523,101.44743212576878,-8.4710040576226,-14.299514589174878,20.84424357534725,254.0,-2.844220638,-17.45277977,-3.554055929,26.659267009028753,287.4905916911825,100112.20499091376,1.2131257996286184,339.9026979636018
117.57,99.98518088292509,-3.7390702964994764,-8.061282597296147,25.734481173147195,254.0,-2.432495832,-17.45277977,-2.948453188,27.22551092351991,287.50009632426094,100129.60217933897,1.2132965004653018,339.90831662351354
117.625,99.18063417872337,-5.852182476464334,-16.271544032319316,8.5104183470959,254.0,-3.390701294,-17.45277977,-2.169744968,19.272737360741704,287.5053258778383,100139.17534757085,1.2133904297780842,339.91140803233844
117.671,98.86655582605445,-5.455995927822676,-14.311494065430761,5.596586823341953,254.0,-3.571263552,-17.45277977,-1.262139559,16.306702242344475,287.5073673871306,100142.91271509539,1.2134270993440728,339.91261484661936
117.721,98.01192089923855,-12.747774096852291,1.816305914149503,5.46692007932202,254.0,-2.64554882,-17.45277977,-2.135656357,13.988993057109113,287.5129225141549,100153.08299391074,1.2135268847627465,339.91589867313274
117.77,97.98439886523254,-14.586977873153748,-8.79684413860718,9.288327339500484,254.0,-2.397342205,-15.40747166,-1.903428793,19.401995130309064,287.513101407376,100153.41052398222,1.2135300982832413,339.916004422537
117.822,98.26521488148474,-8.286670606159275,-15.7653926308281,8.843872419306189,254.0,-1.839143634,-13.5517807,-1.980127811,19.885436729127118,287.51127610327035,100150.06867181086,1.2134973100230901,339.9149254263797
117.871,97.01857585773786,-4.825538763951586,-12.606479647450106,10.194268312096717,254.0,-1.550989628,-13.42075348,-1.941778302,16.915444418725524,287.5193792569247,100164.90499405279,1.2136428735781062,339.9197154358369
117.922,97.20577832288323,2.6897152806316234,-21.32950319739002,10.652947991306007,254.0,-0.67214644,-17.35743904,-2.535130501,23.99307349723676,287.5181624409012,100162.67697326845,1.2136210140675796,339.91899614485357
117.973,96.20609920465583,5.592333352455981,-15.572594847788626,7.894954442391506,235.0,-0.882003546,-17.44638824,-2.896787882,18.33330871026291,287.5246603551697,100174.57528299428,1.213737749440902,339.9228372100528
118.03,96.02969833473061,-0.9272611169534972,-3.8295234141924395,6.959216684876307,235.0,-2.450072765,-17.45277977,-2.755640268,7.997234498620305,287.52580696082424,100176.67494767589,1.2137583491637027,339.92351499027905
118.07,95.04815575508466,-11.520974314879016,-11.223552119735686,8.31994689051179,235.0,-2.81972146,-17.45277977,-1.740972757,18.108630196938204,287.5321869875919,100188.3587057752,1.213872976527792,339.92728631974154
118.119,94.4322009990468,-9.651356688847574,-11.076102916143684,10.18476727761736,235.0,-2.97631526,-17.45277977,-1.505016565,17.876191603459468,287.53619069350617,100195.69126534881,1.2139449137240395,339.92965294895845
118.174,94.30012037546975,-5.126012454911607,-9.11722330012646,13.256580925708834,235.0,-3.302818775,-17.45277977,-1.052811861,16.885991301435194,287.5370492175594,100197.26365988265,1.2139603398104772,339.93016042866896
118.22,93.60439275104996,2.816573445310449,-12.212827831993602,14.468797549091612,235.0,-3.298025131,-17.45277977,-1.139630914,19.142422838902732,287.54157144711814,100205.54649386407,1.214041598371662,339.9328335384115
118.27,93.90803360426555,3.1231295022016043,-11.157919028275058,13.03879285645062,235.0,-3.120126009,-17.45277977,-1.190230966,17.443142322485716,287.53959778157224,100201.93149551662,1.2140061336667944,339.931666898629
118.323,93.19989263343392,-2.6597703881233574,-8.310786344453719,8.531928972739596,235.0,-3.492435932,-17.45277977,-1.005407572,12.203989518865116,287.5442006978827,100210.36243695264,1.2140888444882152,339.9343876904161
118.377,91.79571625898295,-15.954616198716717,-6.576231174382218,5.378210913343469,235.0,-3.453553677,-17.45277977,0.976516902,18.07544597335505,287.5533278443166,100227.08189286658,1.2142528649510833,339.9397826980471
118.429,91.00017232754836,-15.915781853226143,-5.194200267017102,4.970913128623976,235.0,-2.511859894,-17.45277977,1.723799944,17.464300894845156,287.5584988798709,100236.55539590507,1.2143457991787598,339.94283923161805
118.471,90.78277760896829,-13.094629302997244,-11.060645183790928,7.4706584245268,235.0,-2.062318325,-17.45277977,2.516889095,18.69807278198972,287.55991194554167,100239.14430368606,1.2143711958445724,339.9436744720437
118.52,90.59102157655632,-5.61430823418611,-6.981489267977974,6.800658892094813,235.0,-1.638343096,-17.45277977,2.752845287,11.247693573082875,287.56115835975237,100241.42793071158,1.2143935976638438,339.9444112057642
118.571,90.31202195624897,-0.1881127136580273,-11.283868593799967,-2.318037316126535,235.0,-2.091614246,-17.45277977,2.452442884,11.521040484007516,287.56297185728437,100244.7506188797,1.2144261922438615,339.94548312970255
118.62,89.88255537666643,-0.9974574436827747,-15.033853543494395,-1.563518590824485,235.0,-2.169911385,-17.45277977,2.857775927,15.1478138390677,287.56576339005164,100249.8654364178,1.2144763666767908,339.9471331450819
118.673,89.27903709332897,-12.915074962524686,-9.902477338508545,-6.386183560298129,235.0,-1.489207268,-17.45277977,2.374678612,17.482607333951346,287.56968625889334,100257.05351443379,1.2145468781906665,339.94945185550966
118.72,88.93656683875838,-22.718072235967895,-11.061050004345457,-1.6250997875088666,235.0,-1.640474796,-17.45277977,3.629559994,25.319924617515102,287.57191231554805,100261.13262021808,1.2145868917865748,339.9507676153259
118.773,88.28739486851948,-13.534643321564733,-10.88183150366152,3.404015438267538,235.0,-0.054828685,-17.45277977,4.01944685,17.69712258589008,287.5761319333546,100268.8651675234,1.2146627426156644,339.95326169939483
118.824,87.14946254652409,-4.256836535569303,-4.247242337320036,-2.0885349557063897,235.0,-0.837798059,-17.45277977,2.520087242,6.3656659528826145,287.58352849344755,100282.42070023448,1.2147957101344158,339.9576335305059
118.87,87.49444236153661,-0.5338263056354186,-8.285985476286422,2.9392943115285854,235.0,-1.415171385,-17.45277977,2.903049707,8.808063174591913,287.58128612465,100278.31099754894,1.2147553980283772,339.956308155788
118.923,86.12627184578602,3.8615476413557825,-9.479264462923563,0.033439834973925275,235.0,-0.990663528,-17.45277977,2.555773497,10.235678930440766,287.59017923300235,100294.6106490506,1.214915279589665,339.9615644868794
118.969,86.16315086014993,-0.4202674403019536,-9.074286166986926,-2.4734381260637064,197.0,-1.638344288,-17.45277977,1.954431653,9.414732621015522,287.58993951940903,100294.17126407275,1.21491096977363,339.9614228036247
119.022,85.5554891573524,-6.833853829249967,-9.985566310187608,0.8463481204497503,197.0,-1.879626751,-17.45277977,2.658571482,12.129690755979603,287.59388932047716,100301.41128277243,1.2149819848264567,339.96375733483734
119.07,85.88022530869758,-7.425081431674766,-13.200822263889123,4.164779359780306,197.0,-0.683869839,-17.45277977,3.145401478,15.707925700914306,287.59177853549346,100297.54214343135,1.2149440337841173,339.9625097566771
119.12,84.51817091138491,-17.89033380505211,-10.186146502536937,1.1734527943485202,197.0,-0.160292357,-17.45277977,2.577615499,20.62034470342094,287.600631889076,100313.771445767,1.2151032195010578,339.96774249517114
119.169,84.97566289485552,-12.998527858225685,-12.384494470144839,4.045668262892333,197.0,0.441582024,-17.45277977,3.052190781,18.40393603160725,287.5976581911834,100308.32004915393,1.215049749820725,339.96598491215394
119.238,84.80976666226373,-10.083667223361779,-13.532801910466505,2.0098920553146935,197.0,0.493779987,-17.45277977,2.963773966,16.995785898082023,287.5987365166953,100310.29681270462,1.2150691388453994,339.9666222498384
119.272,83.63057823736347,-4.086892162622579,-9.665952361154405,-2.4462745701139554,197.0,-1.372030735,-17.45277977,3.078822374,10.775786832960202,287.6064012414571,100324.34853321922,1.2152069626202442,339.9711524040008
119.321,83.61402397150246,-2.6472777152399893,-11.392442429171611,-0.9059203811920705,197.0,-1.724633217,-17.37288475,3.329692125,11.73100658684731,287.6065088441852,100324.54581237299,1.2152088975712176,339.97121600102076
119.371,83.06707038369346,-1.941057607513112,-9.165531619285465,-1.0631833281304806,197.0,-1.334213853,-17.45277977,2.766167402,9.428946563058929,287.610064042506,100331.06409993045,1.215272829752083,339.97331724234164
119.426,81.7946426828241,-8.816992966247149,-9.824388780189345,1.309744002185044,197.0,-1.274559021,-17.45277977,2.765102148,13.265496945927872,287.6183348225616,100346.22950990166,1.215421570934726,339.97820550020975
119.471,82.55893802245178,-13.977876884886287,-11.483371239693499,0.11608331206717593,197.0,-0.133660749,-17.45277977,3.185348749,18.090393378061147,287.61336690285407,100337.12004505799,1.2153322265123196,339.97526933182945
119.521,81.39956562248311,-16.806257064184354,-9.039708496754786,-1.4554486768651878,197.0,0.468213648,-17.45277977,2.764569283,19.138571970362257,287.62090282345383,100350.93860737993,1.2154677565328595,339.9797232448744
119.57,81.56292949902277,-16.272494192446274,-11.590498418563804,1.112297144559166,197.0,0.288716584,-17.45277977,2.74113369,20.009270995509112,287.6198409582563,100348.99137969014,1.2154486586822628,339.97909566015153
119.625,80.4967894613142,-8.917392017475384,-13.397909319458119,1.161372861343744,197.0,0.529999018,-17.45277977,3.107584476,16.136066480057096,287.6267708685014,100361.69986567121,1.2155732985957157,339.98319136234466
119.672,80.56148101945168,-4.105719885427834,-8.495091574971543,-3.0935256570267655,197.0,-0.039384849,-17.45277977,2.897727489,9.929421817781382,287.62635037337355,100360.92869929111,1.2155657353798155,339.98294284353096
119.721,79.57795249557644,1.0320660230089655,-9.972545297963498,-1.8845878647355085,197.0,-0.886802733,-16.95423508,3.461785078,10.201396542419658,287.63274330877874,100372.65353121517,1.2156807254997797,339.9867211428983
119.769,79.49305038099233,-4.4415882347856215,-9.325064802571202,0.47067016811092527,197.0,-0.530471802,-17.45277977,2.561636448,10.339539159299505,287.6332951725235,100373.6657175895,1.215690652296877,339.9870472988376
119.819,78.62716700776907,-9.340222662473304,-9.954254875021153,1.314198365468658,197.0,-0.56349498,-17.45277977,2.239926577,13.713280674049619,287.6389234144495,100383.98908149498,1.2157918953490732,339.99037361749646
119.87,78.78602816179824,-14.69040629365865,-8.406168558761863,6.013997456298301,197.0,0.649308622,-17.45277977,2.358703613,17.962178941193205,287.6378908169483,100382.09501895432,1.2157733200917686,339.98976334973236
119.92,78.02454620405143,-17.71780462820943,-10.74757833369652,2.420538199089517,197.0,0.936930001,-17.45277977,1.732328296,20.86360577789932,287.64284044967366,100391.174244499,1.2158623603418488,339.9926885853729
119.97,77.72131373388024,-13.091020819404878,-6.936305788587698,5.61777736012613,57.0,0.184853315,-17.45277977,2.268688679,15.844449708173299,287.6448114607298,100394.78990068132,1.2158978187690272,339.99385344697555
120.022,77.17462670571649,-7.268856113793494,-10.425365843678604,2.493298458999202,57.0,0.53692323,-17.45277977,3.226361513,12.951488693707041,287.6483649264128,100401.30870494289,1.2159617475041895,339.99595352441696
120.07,77.0225325698968,-3.979972878201992,-11.938407754667807,-3.0397358697500514,57.0,0.83519727,-17.45277977,3.181087732,12.946264248260228,287.64935353829566,100403.12236644409,1.2159795336142996,339.99653778595285
120.121,75.24925611745334,-3.052699899793157,-13.160248107942945,-6.573791508203502,57.0,-0.443120092,-17.45277977,3.281222582,15.024175243058817,287.6608798352365,100424.26993394321,1.2161869178376203,340.0033496590681
120.182,75.55955826441148,-3.269659342836654,-13.22369890983244,-5.298844751947069,57.0,-0.494785428,-17.45277977,3.220502615,14.616245782735717,287.6588628712813,100420.56910251398,1.2161506261285993,340.0021576726857
120.22,74.10913342995507,-15.785061912773166,-10.14843593948463,1.7676287699828825,57.0,-0.803179502,-17.45277977,2.146716118,18.848963978860393,287.6682906327053,100437.8686028376,1.2163202691822521,340.00772926003503
120.269,74.60885996546014,-17.705104761055342,-9.890585503027257,8.568762938765994,57.0,-0.585865557,-17.45277977,2.674554586,22.016314734610038,287.6650424102245,100431.90799436909,1.21626181865231,340.00580964653665
120.322,73.01607987088249,-9.808812934375336,-7.251943094956168,7.599964483013297,57.0,0.390449345,-17.45277977,2.834344149,14.372298006133706,287.67539548083926,100450.90726063633,1.2164481257170385,340.0119279994231
120.369,73.68969627367792,-7.7330579510828334,-9.546372870868067,1.8659945168894472,57.0,0.798445642,-17.45277977,2.221284628,12.426397539170905,287.67101697422106,100442.87176153321,1.2163693303212115,340.00934044733276
120.424,72.48367604936715,-6.300698743185418,-6.535757336378586,0.3241350133349659,57.0,0.640253842,-17.45277977,2.059896946,9.084051525573512,287.6788561056791,100457.25861801897,1.2165104057190546,340.0139730999143
120.469,72.78285610980708,-6.927407843519712,-14.022360173415064,-0.2689942473126937,57.0,1.604850769,-17.45277977,2.033265352,15.642503705242417,287.67691143528623,100453.68948361964,1.2164754076708393,340.01282387359817
120.521,71.86783764012792,-18.128030437147032,-10.994701314254609,2.696302106260007,57.0,1.526021242,-17.45277977,1.348300457,21.372388485333673,287.6828590553391,100464.60572113298,1.216582448848341,340.0163386788481
120.569,71.96973756357067,-20.52556899212705,-6.858552384574161,8.703329975701255,57.0,1.677284241,-17.45278168,1.641788363,23.325665605260983,287.68219670583676,100463.39000003866,1.2165705279807417,340.015947258617
120.63,71.2385906074793,-17.444185363372274,-15.70762579438392,11.444117951627103,57.0,2.210981846,-17.45278168,0.59090507,26.115071257395417,287.68694916105136,100472.11324182384,1.2166560639409345,340.0187557464319
120.669,71.31753049099457,-15.423807813834989,-5.819958103930358,11.142686005710889,57.0,2.187546015,-17.45278168,0.409810096,19.897869514887446,287.6864360518085,100471.17138837262,1.2166468286419805,340.0184525230069
120.719,70.33609846852269,-13.295824340499767,-8.815306451251613,6.861706291021502,57.0,2.586487532,-17.45278168,0.012466454,17.365816593156467,287.6928153599546,100482.88163174523,1.2167616517024173,340.0222223748103
120.769,70.18646310604791,-12.800616759457721,-14.076653639954673,-2.021471595225416,57.0,2.907664776,-17.45278168,-0.038666241,19.133591260713768,287.6937879898107,100484.66714695371,1.2167791590841683,340.022797146699
120.822,69.5829687466514,-12.930760828721619,-6.1092456367911705,-7.529195201403074,57.0,2.720178366,-17.43307304,0.299022585,16.162185441365423,287.69771070314675,100491.86856884244,1.2168497700590284,340.02511524926155
120.872,69.51112952667494,-12.533327694186033,-14.466569066376955,-6.580091122240515,57.0,2.162512302,-16.46155167,0.931257069,20.24014631417208,287.6981776580766,100492.72584500542,1.2168581757106796,340.02539119226265
120.922,68.51183793907222,-11.317322868184627,-9.101051030656064,-0.18319012790093236,57.0,2.040539503,-17.02560997,1.165615201,14.523928028887395,287.704673053396,100504.65126645858,1.2169751038721452,340.02922956705976
120.972,68.70897117182675,-13.3932350876345,-12.381041447501012,5.339548441705484,72.0,1.986743569,-17.45278168,1.086253047,19.004728648383836,287.7033916873831,100502.29861226253,1.2169520364243323,340.02847236284293
121.05,67.93870148722827,-13.216736417973738,-13.29828784218509,10.965584317196553,72.0,1.689002156,-17.45278168,1.031391859,21.720281317085835,287.708398440333,100511.49152263308,1.2170421710508494,340.03143101957005
121.07,67.1604117334029,-7.166978995585781,-9.551151500713225,10.745496324765313,72.0,1.858911872,-17.45278168,0.807686388,16.064114484723056,287.7134573237329,100520.78084138631,1.21713324934883,340.0344204557658
121.119,66.97402153162032,-7.496426590173846,-10.552195912083645,7.101232826579553,72.0,1.952655196,-17.45278168,0.450290143,14.763900495673605,287.71466886004447,100523.00561472913,1.2171550621821303,340.0351363826775
121.178,67.29719551917813,-8.63918479288646,-10.442905225800512,-2.5468330753975286,72.0,1.962775111,-17.45278168,0.488639653,13.790436619434178,287.71256822912534,100519.14820088545,1.217117242035004,340.0338950667104
121.23,66.26450123859429,-10.146404419528318,-10.496594567245703,-2.9459153196212755,72.0,2.053322792,-17.45278168,0.644700944,14.893167467806675,287.7192807419491,100531.47488944598,1.2172380985096691,340.03786164450435
121.272,65.20528028596195,-13.87129666246562,-16.504920665122757,-1.9504339744785826,72.0,2.172632456,-16.45196533,0.645233572,21.647851393358334,287.72616567814123,100544.11948347192,1.2173620689450362,340.0419300631536
121.319,65.0012674633688,-15.946167725719643,-15.08748243010097,0.5655449282897489,72.0,2.031484842,-16.39603806,0.650559902,21.9597867084656,287.72749176148807,100546.55506215943,1.2173859475639444,340.04271366137107
121.376,64.43447848822943,-14.569681540346005,-12.02720344576492,10.811921316800571,72.0,1.582475781,-17.44852066,1.463356614,21.767564987237442,287.7311758898265,100553.32184418649,1.2174522890881494,340.04489064658003
121.42,64.2146008652216,-8.257987438148858,-8.617772074741742,10.258925018609165,72.0,1.508439898,-17.45278168,1.530468225,15.738675122076444,287.732605094376,100555.94701912758,1.2174780260719489,340.04573517289833
121.47,64.25476118093887,-5.96678270787365,-8.73472490977888,7.3260586967877455,72.0,1.441860795,-17.45278168,1.287588,12.867363799989143,287.73234405232387,100555.46753074744,1.2174733252196637,340.0455809215985
121.519,63.47012981879347,-4.034328706266787,-10.006752798823511,1.6742536832390225,72.0,1.620292664,-17.45278168,1.191714168,10.918517989306508,287.73744415617784,100564.83586061618,1.217565170541413,340.0485945906014
121.57,63.76031948022626,-5.30318673704328,-9.06413476984888,-4.789894340194522,72.0,1.271418571,-17.34945107,1.47507453,11.542331501224641,287.7355579233785,100561.37097605909,1.2175312016628401,340.04748001223027
121.619,62.804074253189704,-6.190912412990492,-10.268471628712017,-5.749576943460312,72.0,1.290593266,-17.03519821,1.670550585,13.297614113958709,287.74177351735426,100572.78897554966,1.217643140087895,340.051152804132
121.669,61.99602426255294,-11.246080748974402,-13.975647335419875,-1.4119696898132725,72.0,1.117487788,-17.45278168,0.903560221,17.994074276311984,287.7470258422934,100582.43827536955,1.2177377368604438,340.0542563698364
121.72,61.56624681270951,-15.155339073713884,-13.476344102947088,6.163096890795231,72.0,1.077540398,-17.45278168,1.094242454,21.196224100193067,287.74981939571734,100587.57075266699,1.2177880523246472,340.0559070514096
121.769,60.31506620475814,-15.226067561410352,-8.241448368573867,9.603866099877436,72.0,1.262896419,-17.45278168,1.342981696,19.798708257380742,287.75795206966905,100602.51377717618,1.2179345412220406,340.06071251798244
121.823,60.39202759916035,-12.605930967241807,-8.274123002036639,11.235795286623915,72.0,1.336932302,-17.45278168,1.218878388,18.80461918589733,287.7574518206054,100601.5945646282,1.217925530151571,340.06041693079584
121.869,60.658864015247346,-10.9396343060154,-6.713364570968192,7.654032913271929,72.0,1.352378607,-17.45278168,1.167213082,14.944198956435569,287.75571738390084,100598.40757288397,1.2178942878466579,340.0593920847772
121.921,59.64660193389762,-10.391466477558893,-11.307716968686137,3.131636860617941,72.0,1.372086048,-17.45278168,1.39145124,15.673359181264354,287.76229708742966,100610.49807589306,1.2180128109027835,340.0632798914422
121.971,58.883554916111876,-5.485401633023863,-9.970715014434024,-4.444424516242281,72.0,1.510570407,-17.45278168,1.470813513,12.217106787419695,287.76725689304527,100619.61272092436,1.2181021598673114,340.0662105055545
122.022,59.063497687734845,-7.77214745703675,-11.691400493032734,-7.585058978200433,72.0,0.946512878,-17.45278168,1.186387897,15.957074960192042,287.7660872650297,100617.4632328589,1.2180810890228086,340.06551940647773
122.07,58.11457473398432,-11.104823814960698,-10.318095449667078,-2.004672740597062,72.0,0.797907114,-17.45278168,1.036188006,15.290484572656672,287.7722552642291,100628.79891440997,1.2181922086483352,340.06916388146067
122.12,58.270903087129845,-14.205497013928296,-13.082968477946157,4.580055342870919,72.0,1.239459276,-17.45278168,0.930194139,19.847849166885034,287.77123912993363,100626.93136980843,1.2181739019414746,340.0685634826401
122.172,58.296270607816915,-15.680097249687066,-14.27454000314843,7.6915088894825026,72.0,1.49352479,-17.45278168,0.751762331,22.556312887041557,287.7710742410492,100626.62832457304,1.2181709313180855,340.0684660553672
122.243,57.410620411474234,-16.38041447270224,-12.868917349158753,10.915241951410783,72.0,0.919347227,-17.45278168,0.824200332,23.517430108216118,287.7768309673254,100637.20890805594,1.2182746472644859,340.0718674939741
122.272,56.840401570233425,0.32763161289552717,-9.151492678956863,6.736594184592094,72.0,1.150509715,-17.29885101,1.166150212,11.368327138794415,287.78053738979344,100644.0216093583,1.218341427527297,340.07405746518845
122.325,56.59107662298112,-0.5237312054000398,-10.132377761384053,1.3087716358601664,72.0,0.942250431,-16.60749435,1.078798532,10.22996855663457,287.7821580019506,100647.00054161853,1.2183706276975688,340.0750150132231
122.371,55.845550974417215,-0.11296276337755135,-10.84893542899082,-3.427778008556506,72.0,0.87513876,-16.45409584,1.143779635,11.37812913462779,287.78700391866624,100655.90850139227,1.218457944560472,340.0778782349631
122.426,55.875772087637245,-1.5611461764030368,-8.665692489083384,-7.29851086902826,72.0,0.516144633,-16.80669785,1.339255691,11.43676810138151,287.78680748143034,100655.547390119,1.2184544049341564,340.07776217001077
122.473,55.07357265732827,-13.310475407741743,-8.335853511128253,-2.0899930813320005,72.0,0.499100447,-17.45118332,1.354169369,15.843714224231089,287.79202177772737,100665.13320530855,1.2185483646369148,340.08084302385413
122.523,54.964665586804955,-11.82088177520036,-13.394339688335716,1.2273059962046862,72.0,0.97687155,-17.45278168,0.859354079,17.90664294718888,287.79272967368576,100666.43463825255,1.218561121089236,340.0812612802477
122.57,54.31052807188252,-14.402513272441068,-13.668552849699907,4.1911542374724915,72.0,0.807494462,-17.45278168,0.523263097,20.293533438269545,287.7969815675327,100674.25182889767,1.2186377433700328,340.08377347727776
122.619,54.24084736942315,-13.14174626437197,-5.965244270057203,9.49589827552128,81.0,0.23810856,-15.94489956,0.666012108,17.276044632311905,287.7974344920987,100675.08456860798,1.2186459056238745,340.08404108299425
122.669,53.34875603259885,0.8314821316945376,-5.481538198952215,6.727152049989535,81.0,0.162474781,-13.00317192,1.562964797,8.717407772129167,287.80323308578807,100685.74626107822,1.2187504070594222,340.08746710248766
122.845,53.36878782856479,2.719598054874668,-9.45551250470436,3.8900971421551627,81.0,-0.659909368,-13.54698944,0.963753521,10.579970986827062,287.8031028791143,100685.50684411425,1.2187480604179186,340.08739017204044
122.914,52.55130991388595,9.701392297371726,-6.810321854866001,4.525291653264657,81.0,-1.00505507,-16.49297714,0.743776441,12.68762234705446,287.80841648555975,100695.2775896762,1.2188438273602553,340.0905296138837
122.966,51.80183560449909,-2.875528173279729,-12.129187452858018,-2.5493239636388974,87.0,-1.320906043,-17.45278168,0.328855902,12.723399829191779,287.8132880685707,100704.23621000392,1.2189316327882367,340.09340786924486
122.971,51.62290013520339,-2.6923114894697133,-11.945970769048003,-2.366107279828882,87.0,-1.320906043,-17.45278168,0.328855902,12.472097755828374,287.81445114912117,100706.37515784634,1.2189525968714252,340.09409504326493
123.022,51.208878308804195,-14.919556335580356,-10.971520994460638,6.931360422276055,87.0,-0.856983304,-17.45278168,-0.503648221,19.77400292014597,287.81714229099276,100711.32440760458,1.2190011047344393,340.09568502479016
123.07,50.16264297087763,-13.283614991748948,-9.82488582077952,12.716817909147565,87.0,-1.174964786,-17.45278168,-0.22561425,20.84946681272181,287.8239428206893,100723.8320655461,1.2191236909411356,340.099702883361
123.121,49.99846198215156,-5.738783969342176,-12.195717863999853,11.703572998109017,87.0,-0.19918251,-17.45278168,0.441773921,17.850568522798664,287.825009997116,100725.79495001968,1.219142928697256,340.10033338346057
123.171,49.07006905103206,0.19421818042842415,-15.885754192433565,8.234204694565548,87.0,-0.182138279,-17.45278168,0.406620204,17.894050237887306,287.83104455116825,100736.89504003518,1.2192517166534904,340.1038986453669
123.22,49.33080378980663,1.028541462467028,-4.286675974733538,0.9709759051789112,87.0,-0.438334346,-17.45278168,-0.115892015,4.514009599104719,287.8293497753662,100733.77753253037,1.2192211633234904,340.102897362293
123.271,48.48989478531129,-7.2044508033781165,-11.55064816335753,-3.8752440408512663,87.0,-0.722760022,-17.45278168,0.181316778,14.154119568101844,287.83481568389544,100743.83224651191,1.2193197045399449,340.10612664121044
123.32,48.34992927840213,-14.583429551056602,-5.98697623534447,-0.6045992270038526,87.0,0.07405784,-17.45278168,0.382651746,15.776116193109889,287.83572545969037,100745.50588714094,1.2193361068719513,340.10666413712886
123.372,47.7961369698191,-16.592475019689456,-15.052594898829042,0.1255164498354283,87.0,-0.352580577,-17.45278168,0.156283051,22.40327196742592,287.8393251096962,100752.1280916261,1.2194010065546201,340.1087908035216
123.422,48.00148508965547,-13.636011261845352,-7.889052147489311,7.783164519365015,87.0,-0.859646499,-17.45278168,0.705959558,17.57144265148657,287.8379903469172,100749.67251398646,1.219376941217624,340.10800222975587
123.47,46.59503883297749,-2.120954276934368,-8.553902966094025,12.044964311492583,87.0,0.068198882,-17.37341881,0.217535764,14.924773641946077,287.84713224758565,100766.49193908575,1.2195417739792698,340.11340320007565
123.528,46.9526507942045,-0.736717527620951,-10.786700285713678,9.749803963157955,87.0,0.031447254,-17.24185944,-0.243191108,14.558651485949172,287.84480776983764,100762.2151096531,1.2194998609379952,340.1120299231779
123.572,44.965168253673745,1.4103841616631883,-8.701961435736385,7.118965746434985,87.0,-0.611439884,-16.40189743,0.121129327,11.331063039778229,287.8577264063511,100785.98609749605,1.2197328129589822,340.1196620469336
123.622,44.95529090757538,4.208331078196356,-8.662362668172294,3.699835634658038,87.0,-0.292928129,-16.74011993,0.3570894,10.316751483977106,287.85779060910073,100786.10424535628,1.2197339707637127,340.11969997646315
123.67,44.13159515623945,-4.2546852069636785,-11.450377648195152,-5.679432017516572,87.0,-0.577886343,-17.45171547,-0.154237553,13.471059443794132,287.86314463148443,100795.95727546704,1.2198305258556599,340.12286299667454
123.72,44.26639507393278,-7.678451874880945,-8.781790841838026,-1.590896669752308,87.0,-0.651389599,-17.45278168,-0.176075473,11.773250434713512,287.8622684320194,100794.34474849775,1.2198147239676032,340.12234536233524
123.769,43.30783467994144,-11.30636949420021,-11.824459135987796,0.7008414179782273,87.0,-0.243925944,-17.45278168,-0.339060932,16.37507263163068,287.86849907458037,100805.8118598745,1.2199270943828047,340.1260262360139
123.82,43.222375873727785,-16.543853471510864,-10.398734690363279,6.37682211597465,87.0,-0.01542672,-16.85303688,-0.504709601,20.554722842844907,287.86905455682074,100806.83424178734,1.2199371129587253,340.12635439605316
123.868,42.41163974596586,-9.530966884836769,-9.85237413916284,8.784467112047432,87.0,0.605089843,-15.41706085,-0.358768314,16.281138423972163,287.8743243416512,100816.53385828383,1.220032160963614,340.12946759018007
123.921,42.501533364065914,-7.498615032531065,-10.175412497884604,8.34629837734093,87.0,0.278053641,-13.70731163,-0.057298481,15.146912012413978,287.8737400331336,100815.45833717275,1.2200216218558106,340.1291224037063
123.968,41.29579920953886,-2.880461381820774,-8.771334346805332,7.687610690353412,87.0,0.316935778,-13.29771709,0.113676466,12.013855422887518,287.88157730513797,100829.88496826417,1.2201629876582822,340.1337523263691
124.021,41.5757729336791,3.140776825410671,-9.250204364798016,2.8529491161363625,87.0,0.379253745,-12.62766552,0.246301875,10.176938563086065,287.87975747593106,100826.53492855637,1.22013016113772,340.1326772552917
124.077,40.90496854155663,4.280501853168956,-8.55181510020262,2.136185915745568,87.0,0.139036626,-12.80130386,0.210082889,9.798955448907101,287.8841177044799,100834.56162304716,1.2202088131275908,340.1352530713324
124.161,41.15834518784689,3.2611957660423894,-9.820571228721253,2.6711490496187906,87.0,-0.104378402,-13.29026031,0.12539795,10.687097563329337,287.88247075627896,100831.52971427562,1.2201791041939176,340.13428013481064
124.18,40.207631280786444,-0.9560346017942258,-5.993018929835679,-3.738368833150815,87.0,-0.42502299,-14.6782999,-0.08286126,7.127810293903031,287.88865039667485,100842.90635239297,1.2202905802151005,340.1379307500293
124.222,40.10103724759235,-4.491086203306944,-8.621413364587408,-2.4906844141534186,87.0,-0.435142994,-14.9041357,0.16001904,10.035045218608989,287.88934325789063,100844.18196573647,1.2203030793911616,340.1383400545262
124.269,39.012813045875966,-4.8214790911297,-13.21645218717607,-2.331769522357859,87.0,0.02931229,-14.95793152,0.451901525,14.26037931289028,287.8964167152018,100857.20551837728,1.2204306897540833,340.1425186379059
124.326,39.239412581994536,-8.562111100831093,-6.705623312629998,-2.30665683857376,87.0,-0.072953098,-16.23465157,0.105157919,11.117364628579969,287.89494381821703,100854.49352837536,1.2204041167696005,340.1416485410554
124.371,38.74097982156923,-9.184457643896442,-8.440903313532246,3.302466116070349,87.0,-0.102780506,-16.41041946,-0.108427607,12.903851882624824,287.8981836311598,100860.45895240094,1.2204625678086924,340.14356242012605
124.422,38.44799494530157,-10.59825166682699,-14.181705710673935,6.848901957295457,87.0,0.104946062,-16.19470406,-0.272478312,18.982917933716312,287.90008803285554,100863.96563497816,1.220496927044234,340.1446874166399
124.472,37.68347473603183,-11.194508100749882,-9.95205251908368,8.516889238056393,87.0,0.272725224,-15.96673775,-0.298044652,17.230721495447465,287.9050574142158,100873.11650291322,1.2205865881602425,340.1476229860366
124.521,37.191437830373665,-3.4245897195373294,-13.205933422409256,11.66717428683603,87.0,-0.223688006,-13.94965935,0.206358045,17.951251993765627,287.90825565410256,100879.0062577031,1.2206442957460881,340.149512273227
124.57,37.13422781341386,0.9217961038712859,-10.610498179246381,9.072116849425363,87.0,-0.060702555,-13.64712429,0.066275768,13.990556950976993,287.9086275192128,100879.69108816785,1.2206510056464521,340.1497319433694
124.623,36.98058114469507,2.6274239597772775,-11.730379915483313,6.05737053700106,87.0,-0.204513252,-13.11236095,0.302764475,13.460940065556883,287.90962622255944,100881.53032875944,1.220669026298827,340.15032190203783
124.672,36.16864362366833,3.7303552477861768,-11.385394400024548,2.8236983736557395,87.0,-0.272690177,-13.27747726,0.547775269,12.30918471809495,287.91490381644616,100891.25014719175,1.2207642588424858,340.1534394897621
124.718,35.919500122159256,4.583039427214611,-7.424171776592216,0.6110174916039186,87.0,-0.244460672,-13.62954712,0.597842693,8.74619456305415,287.91652324920597,100894.23283118251,1.220793482143639,340.15439611764305
124.775,35.240320188996144,0.7526257318263211,-11.120265010858606,-4.9175792794213145,87.0,-0.448458821,-14.19360447,0.351234019,12.182336613857258,287.92093791877153,100902.36416693062,1.2208731493105398,340.15700392821066
124.819,35.37115092386155,-5.298632592717933,-10.637835488962851,-6.085361547281291,87.0,-0.457513571,-14.2255621,0.536057353,13.351804237779254,287.9200875189949,100900.79778281937,1.2208578026792003,340.1565015860471
124.871,34.693100951367185,-5.5833757699791455,-8.245780910244296,-4.4944279535796126,87.0,-0.190664813,-13.76004219,0.421008855,10.925514653253515,287.9244948438161,100908.9160176192,1.2209373405052895,340.1591050418677
124.925,33.547432565766826,-8.483068494972198,-12.714135470949595,-2.050119951125657,87.0,-0.071355201,-12.95363712,0.250033885,15.42124131443549,287.93194168832247,100922.63420981796,1.2210717407476106,340.16350393051596
124.974,33.42734384735712,-9.847171525268797,-10.75382869603842,0.7113064218137585,84.0,-0.254580677,-11.26252937,-0.513760746,14.59854703378105,287.93272226499215,100924.07223526563,1.221085829207999,340.16396501780196
125.022,33.784470342014465,-12.389131704690124,-10.633383137907586,3.3214614685436814,84.0,-0.339801848,-10.69687366,-0.523348153,16.66107822563461,287.9304009427769,100919.79580408735,1.2210439325276923,340.16259380901033
125.07,32.868302048998,-13.890704326674108,-9.976247950355853,5.062747522190987,84.0,-0.290799677,-9.661969185,-0.195779294,17.83559929835589,287.9363560366815,100930.76680716695,1.221151416008435,340.16611148152487
125.126,32.73260736763337,-7.560099521053922,-8.361219627176988,4.495082675001406,84.0,-0.033538312,-8.793779373,0.29637289,12.135520865509944,287.9372380521104,100932.39181646192,1.22116733611896,340.1666324847303
125.169,32.10336446942091,-3.34717092375143,-10.787515281540168,4.587278894533801,84.0,-0.5885427,-8.741581917,-0.392317832,12.190864071037169,287.94132813094876,100939.92758073927,1.2212411628747428,340.1690484685289
125.219,30.012852592426423,-2.7252435648608535,-11.954917488617212,8.595977913818446,84.0,-0.733418643,-8.877936363,-0.500442207,14.974573147249163,287.9549164581492,100964.96666038044,1.2214864594635437,340.1770748845907
125.269,30.250305758364455,-2.3775847660322342,-7.683207967903633,10.881676353983746,84.0,-0.360576093,-9.498985291,-0.531867504,13.531277628907606,287.9533730125706,100962.12231491416,1.2214585952745085,340.1761632045399
125.322,30.08491026620786,-2.814565822062492,-9.24751465853958,11.504860376296419,84.0,-0.197590664,-9.657176971,-0.58726126,15.026647011382883,287.95444808326965,100964.10350681818,1.2214780037293815,340.1767982258984
125.37,29.465169071145777,-0.9258642972354476,-13.129757447553644,7.541066169083962,84.0,0.164599255,-9.301911354,-0.094043784,15.169556166710624,287.95847640103756,100971.52736419777,1.2215507298110082,340.17917765684155
125.42,29.369995982470805,0.3244256655092077,-16.115330827833567,5.7595715704580535,84.0,0.126782373,-8.337846756,0.66069603,17.116711260583696,287.9590950261139,100972.6674783386,1.221561898582282,340.1795430624017
125.47,28.482131159563963,8.89234773440055,-7.97915105443006,7.01187313323773,84.0,-0.188003272,-8.788454056,0.62607497,13.853052537817506,287.9648661474628,100983.3040464418,1.2216660952359226,340.1829518930672
125.52,28.80710305206637,9.761994863246272,-9.84866382136368,6.255293820132374,84.0,-0.259908617,-9.369555473,0.326735675,15.212541653269868,287.96275383016155,100979.41079711461,1.2216279569030837,340.18170421368495
125.569,27.49885045406271,8.788942573837545,-10.55307621473985,2.6342276883334788,84.0,-0.335009754,-9.796726227,0.092377491,13.983993874222945,287.9712574720486,100995.08474993994,1.2217814974923562,340.18672701957695
125.621,26.836265526923825,2.7847618450391236,-10.24423778541804,-2.9046319284952373,84.0,-0.137937695,-10.51897621,0.157361776,11.006188848907072,287.975564274075,101003.0238192433,1.2218592661497012,340.1892708696477
125.671,26.890339544524174,1.838360874375189,-10.667752161986108,-4.738501523106345,84.0,0.020786708,-10.67503738,0.046574276,11.816679041865948,287.9752127929606,101002.37588732826,1.2218529192534697,340.18906326498364
125.722,26.800843635462446,0.3524168072100681,-6.8336807773534,-7.322987531762632,84.0,0.127845779,-10.62283897,-0.098301694,10.022451644339545,287.9757945163695,101003.44825733097,1.2218634237806432,340.1894068637256
125.775,25.949085012466405,-4.278886535423949,-5.075209689238735,-5.2718914884326695,84.0,0.390966117,-9.530410767,0.034856368,8.476996121184905,287.98133094741894,101013.65477628437,1.2219634018819656,340.19267697562105
125.822,25.029701823744354,-5.399775625184756,-9.208694943871569,-6.009011178054877,84.0,0.444761992,-9.305639267,0.106761716,12.25013692615775,287.98730693814565,101024.67256932586,1.2220713246729382,340.1962066796639
125.87,25.205153268509175,-6.411036895532983,-14.997895132097717,-6.276716946514547,84.0,0.356877655,-9.031333923,0.126469105,17.47671102055385,287.98616650375465,101022.56990223103,1.2220507285521554,340.19553308775806
125.94,24.289192511761794,-12.450796348797494,-10.421612402839832,-5.960282904077256,79.0,-0.256714672,-9.040921211,0.625012875,17.296164519652606,287.99212024867353,101033.54746383619,1.2221582554620638,340.1990496229148
125.969,24.37608351367329,-9.577150513100028,-6.22875506144409,-4.564152120128649,79.0,-0.436744362,-9.441993713,0.992529094,12.302466668994164,287.9915554571611,101032.5060553464,1.222148054800641,340.19871603456903
126.019,23.40162221795056,-3.448909856777984,-8.529067932129108,-1.5300586800866822,79.0,-0.672167778,-9.076607704,0.109957509,9.326363629816393,287.9978894555833,101044.18569426169,1.2222624564498898,340.2024571273924
126.07,23.236771949350977,-4.653623076841478,-10.429365368199948,2.0815446194674694,79.0,-0.855393291,-8.517343521,-0.861031055,11.608647540844451,287.9989609823292,101046.16165470009,1.2222818106635203,340.2030900064969
126.122,22.81068529379603,-11.104014597809762,-10.302893906425597,8.789675139403244,79.0,-0.259910464,-8.149827957,-0.54731065,17.513056617611827,288.0017305455903,101051.26904261654,1.2223318363703732,340.20472579662436
126.172,22.518196478127898,-9.887025284418643,-6.1164833449921625,9.877140580196876,79.0,0.541168392,-8.019865036,-0.108421706,15.255246426238807,288.0036317228921,101054.7751495982,1.2223661776149926,340.2058486864661
126.22,22.214150641404743,-8.145943242981426,-11.705412235662902,5.02696877896014,79.0,0.729187608,-7.522387028,-0.163282827,15.120961676736089,288.00560802083083,101058.41989673043,1.2224018765571338,340.2070159407817
126.27,22.41930448487657,-5.345279233458231,-10.761237180854366,5.217995592774965,79.0,0.015460387,-5.816898346,0.165883899,13.099760064690544,288.0042745208483,101055.9606049276,1.2223777887357792,340.20622834053654
126.32,21.25581416034875,-3.923982505174793,-11.791271475568873,9.392843956665027,79.0,-0.259910464,-4.551897049,0.628741264,15.577459334106468,288.0118372079577,101069.90864444622,1.222514402963654,340.2106950387685
126.37,21.152923524749603,1.12381132596089,-9.583378232801111,10.473412585025384,79.0,-0.17522195,-4.784657001,0.547248542,14.240662253752536,288.0125059970891,101071.14218279638,1.2225264846960657,340.2110900383028
126.421,20.23438727322204,-0.9471887860299117,-11.46249247770797,10.441192227711701,79.0,-0.116632409,-6.370835781,-0.188316539,15.533975522509357,288.01847648272405,101082.15489807048,1.222634346073447,340.21461629993547
126.469,20.03202219706238,-1.242637445004453,-6.509884292824603,9.771567926899841,79.0,-0.097990274,-6.36178112,-0.224002898,11.807043706013344,288.01979185571906,101084.58126821069,1.222658110268624,340.2153931747619
126.524,19.24440680827102,-0.2804061441631628,-9.308600621920831,7.961059012240798,79.0,-0.165101945,-5.031798363,0.268149287,12.251821649880876,288.0249113557462,101094.02527582235,1.222750605114875,340.21841679505496
126.573,18.843359384548496,1.23136399428377,-9.624536738214013,9.117842748165021,79.0,-0.037802838,-4.530058861,0.361359924,13.31476703107926,288.0275181640004,101098.83436307972,1.2227977048037681,340.21995638787394
126.626,18.55430244310491,1.5850989723222737,-9.640179790283648,7.207332186587395,79.0,0.251416475,-4.392640114,0.337924123,12.140479495838253,288.02939703411977,101102.30065170511,1.2228316530013867,340.2210660527971
126.668,18.41522329038031,3.882487498953534,-11.214073745343539,7.585870341261367,79.0,-0.110773452,-4.797973156,-0.286320865,14.084551394345599,288.0303010486125,101103.96848363664,1.2228479873637557,340.2215999645024
126.725,17.64075857590259,2.887239184174109,-11.187533052220164,8.000977978105677,79.0,-0.161373511,-4.913021564,-0.478068471,14.053920965598213,288.03533506925663,101113.25624260459,1.2229389486014477,340.2245730459253
126.776,17.650149142949573,3.15693495742396,-14.290218668702805,8.961459844532392,79.0,-0.067097612,-4.973208904,-0.247438714,17.16054633366648,288.0352740305708,101113.14362220227,1.2229378456440188,340.2245369967685
126.818,16.846034632138334,4.845335688716929,-8.025358350282271,8.246499377560196,79.0,0.388835579,-5.047245026,0.216483951,12.485527885151674,288.0405007748911,101122.78767834784,1.223032294676065,340.2276238732027
126.869,16.887516895170855,5.1256486231291705,-10.0332756468764,4.708298210777415,79.0,0.447425127,-5.63207531,0.199972361,12.210936330011668,288.0402311401814,101122.29014731289,1.223027422149443,340.2274646296279
126.921,15.683482334313023,3.7130935482432315,-8.131015111797353,4.826027591341231,70.0,-0.158710346,-6.16364193,0.149904922,10.158297729377166,288.04805736482695,101136.73193425286,1.223168854669939,340.23208668966396
126.979,15.818709886669716,5.534381551432888,-9.07287235720249,5.064262900891642,70.0,-0.18054828,-6.137010574,0.259094536,11.772559224581425,288.04717838573663,101135.10986475775,1.2231529694743208,340.2315675798999
127.021,14.122104786060312,6.938219218456013,-8.58048910288134,3.378751108676986,70.0,-0.143796653,-6.602530956,0.066814296,11.540348271278635,288.0582063188906,101155.46235708486,1.223352281296232,340.23808042806223
127.071,14.314042332760945,5.4843396791136225,-8.969405884004784,2.2222928915970694,70.0,-0.179483011,-7.69868803,-0.231459752,10.745548349151969,288.05695872483705,101153.15970592975,1.2233297318315999,340.2373436334558
127.123,13.372525905011887,5.861047818958749,-10.497158573023105,1.2222255067705143,70.0,-0.193864077,-8.222265244,-0.220274478,12.084537841089084,288.0630785816174,101164.45536934068,1.2234403473748559,340.2409578366405
127.171,13.04798673189349,7.439234195492946,-10.367704061213747,0.339484890239646,70.0,-0.067632012,-8.761821747,-0.171269283,12.765059455678246,288.06518808624264,101168.3492027531,1.2234784781450725,340.2422036376709
127.22,12.367906667401055,6.017928786576199,-8.152786897467827,-3.0054685554780143,70.0,0.156606153,-9.029203415,-0.255425185,10.56959045156399,288.06960860666186,101176.50922299274,1.2235583850894998,340.24481423051725
127.271,12.348460591020961,4.151015683725428,-10.79203780232009,-3.8697816281769866,70.0,0.267393649,-9.184732437,-0.12812607,12.193203885075343,288.06973500615834,101176.74255685294,1.2235606699917558,340.2448888770041
127.321,11.544175566564657,0.14078205669067317,-11.458671726413726,-6.73350191960615,70.0,-0.210377455,-9.594326019,0.178137451,13.291389145704038,288.0749628588173,101186.39357068714,1.2236551758569987,340.2479762233317
127.371,11.621343286561672,-1.7650499659232337,-12.95674903114916,-5.650723749498004,70.0,-0.377623975,-9.935211182,0.375744015,14.245119365295999,288.0744612686373,101185.46756471692,1.223646108179855,340.24768000682576
127.421,10.620561117318024,-2.173610293504247,-7.613553150761373,-5.061481146552932,70.0,-0.350459725,-10.25532246,0.586666405,9.397306246175381,288.0809663527374,101197.47739683693,1.2237637101705103,340.25152159567864
127.471,10.433377211352376,-3.2967117368768295,-7.369472537137326,-3.7284530081577425,70.0,-0.198126912,-10.44493961,0.555241048,8.892625910591494,288.0821830481262,101199.7238152725,1.223785707125727,340.2522401124649
127.521,9.763536684653204,-7.394245954518693,-10.27731971295246,-2.371652924352222,70.0,-0.119297341,-10.08914185,0.234063849,12.881106758029208,288.08653701154975,101207.76298947161,1.2238644260510534,340.25481132356015
127.569,9.661788537906663,-7.263370722952359,-6.131248282353663,-1.2093952863570379,70.0,-0.178952157,-10.00445271,0.219682768,9.581826376926731,288.0871983745036,101208.98417771958,1.2238763837207534,340.2552018864102
127.62,9.232199498263663,-7.764740490204543,-14.077759943961805,-0.8424850205795101,70.0,-0.426093519,-9.860109329,0.215954348,16.09920187245126,288.08999070326126,101214.14026642301,1.2239268709705227,340.2568508699268
127.672,8.44471094257018,-8.465665283889292,-12.667949372488335,2.0448415967849636,70.0,-0.495340854,-9.738138199,0.390133888,15.372891958207411,288.09510937887325,101223.59255161403,1.2240194243299647,340.259873634973
127.811,8.07460246988124,-6.7685350305408924,-7.684786689183857,4.888485442291767,70.0,-0.337681711,-9.840935707,0.432211816,11.347524084020053,288.0975150839457,101228.03523874456,1.2240629249481763,340.2612942824753
127.82,7.808171183343657,-6.5940581958109545,-7.5103098544539195,5.062962277021705,70.0,-0.337681711,-9.840935707,0.432211816,11.203568387714428,288.09924688730825,101231.23350927781,1.2240942406231916,340.26231696531215
127.869,6.89340543551298,-2.692802128454989,-10.670425107786631,7.4914999563151765,70.0,-0.319039583,-10.78049946,-0.375258625,13.31284067655605,288.10519286466916,101242.21508089805,1.2242017645934395,340.2658282233533
127.923,6.108261452207147,-0.48386856493328223,-11.406928320389914,7.623277118477967,62.0,-0.071365602,-11.73976994,-0.567538917,13.728310038739428,288.1102963005606,101251.64133958782,1.2242940582430504,340.26884190931486
127.979,5.134268630113306,-0.7073306682423924,-8.603403619370754,7.14556722074314,62.0,-0.026091862,-13.07348061,-0.801364422,11.206159084101781,288.11662725390426,101263.33586175216,1.224408558465114,340.2725804329913
128.02,5.297755079471496,-0.6112011497652288,-9.198060286269122,4.569697307505059,62.0,0.202940002,-13.87615776,-0.445566088,10.288829542641599,288.1155645919834,101261.37283876432,1.2243893388245053,340.27195291792765
128.069,5.092961749425741,-1.0181889324045736,-13.073370356797149,2.344597560573534,62.0,0.349946499,-13.9619112,-0.307614356,13.320918095578133,288.11689574862874,101263.83184875219,1.2244134145824008,340.27273898227793
128.11999999999998,4.229403301741348,-0.888643790526822,-9.542662153427928,-0.639193020564862,62.0,0.72438693,-14.32782936,-0.003481345,9.60524109423842,288.12250887853867,101274.20136499677,1.2245149395681536,340.27605358446596
128.171,4.705421012551586,-4.229401136877506,-10.259390711560389,-4.392503680643747,62.0,0.591230094,-14.89401817,0.000245022,11.934698166838624,288.1194147634184,101268.48528957384,1.224458975343269,340.2742264864839
128.22,3.4195221896002934,-6.838731246040492,-8.57529140830722,-3.0442033725460957,62.0,0.487366796,-15.08683109,0.080139853,11.382927653568705,288.1277731057676,101283.92711091126,1.224610159784193,340.27916212723756
128.271,3.382009175313442,-8.697987777937842,-15.279647133740614,-1.2816283330165734,62.0,0.479377329,-15.26259899,0.413035005,17.6285330955464,288.12801694036045,101284.37761763627,1.2246145704420526,340.2793061116451
128.319,2.9292067848483945,-10.767833895763136,-8.354878496242224,2.3619052607690474,62.0,0.965137959,-15.98751163,0.324085414,13.832166784512278,288.13096015589844,101289.81560568979,1.2246678104288602,340.28104407658515
128.37699999999998,2.698749585773627,-11.576138368762507,-8.779413279478922,2.4314744778825688,62.0,0.965137959,-15.98751163,0.324085414,14.730822964153111,288.1324581276925,101292.5834015943,1.2246949080025091,340.2819286235691
128.42,1.6879022262096093,-11.02730776351663,-10.974539820964168,3.920542384210938,62.0,0.259932846,-14.89188766,1.08894527,16.044085931571068,288.1390286355296,101304.72442351324,1.2248137706790383,340.28580845777316
128.469,2.119844553725174,-5.721649809904269,-2.857764160349286,3.9349687264574307,62.0,0.316924483,-14.54354572,1.429829836,7.509199119849762,288.1362210104008,101299.536333587,1.2247629787249306,340.2841505822006
128.53799999999998,1.2481666610520812,-2.94078201252917,-12.352746875548148,-0.11527381539215636,62.0,-0.596539736,-14.95793343,1.460189939,12.698497638267872,288.14188691670313,101310.00633958082,1.224865480692674,340.2874962369547
128.577,1.2323879464247005,-3.0576669494433366,-12.469631812462314,-0.23215875230632277,62.0,-0.596539736,-14.95793343,1.460189939,12.841142565923123,288.1419894783482,101310.19587091575,1.224867336196895,340.28755679816413
128.619,0.9947134003611746,1.8404327603679032,-10.094820784543971,3.9319804596018018,62.0,-1.059397101,-17.45278358,1.01437676,10.988770165591179,288.14353436289764,101313.05081335836,1.2248952858898152,340.2884690294658
128.68599999999998,-0.8217121736718246,-2.144236328130999,-11.421880952507468,1.3288842880308456,62.0,-0.81598556,-17.45278358,0.811978757,11.697138426773655,288.15,101325.0,1.2250122659906946,340.29228686527705
128.73,-1.2204847291791596,-9.470110054784469,-10.525477151601399,-0.7777143336683788,62.0,-0.559256792,-17.45278358,0.909983099,14.180038550843443,288.15,101325.0,1.2250122659906946,340.29228686527705
128.76899999999998,-1.9897117938381053,-10.884662046332984,-12.007189409788602,2.0244086383458555,62.0,-0.26684171,-17.45278358,0.846599817,16.3323818140659,288.15,101325.0,1.2250122659906946,340.29228686527705
128.821,-2.2272097904029113,-12.856027868648603,-8.00613201643699,4.581531266598343,62.0,-0.410119772,-17.45278358,0.52968365,15.822958989105203,288.15,101325.0,1.2250122659906946,340.29228686527705
128.869,-2.144236645417056,-10.98217257032606,-10.3729358479359,6.474576128935146,62.0,-0.66152221,-17.45278358,0.688408077,16.435511811902682,288.15,101325.0,1.2250122659906946,340.29228686527705
128.923,-2.3893769987786477,-5.70649235340365,-10.556387613339046,8.795225078852749,62.0,-0.518244147,-17.45278358,1.056989551,14.878083163169666,288.15,101325.0,1.2250122659906946,340.29228686527705
128.98999999999998,-2.7091541161539485,-3.4725857183363975,-10.260521356195648,7.512836766189544,56.0,-0.451665103,-17.18433571,1.24447608,13.182559172920493,288.15,101325.0,1.2250122659906946,340.29228686527705
129.028,-3.475411262667101,4.811431950939223,-12.290328773411144,3.9335576715565925,56.0,-0.436218768,-16.80243874,0.970170498,13.772252347837604,288.15,101325.0,1.2250122659906946,340.29228686527705
129.07,-3.215369098204281,2.432816760331853,-11.502838718044503,-0.536605146129199,56.0,-0.458589315,-17.45278358,0.581349015,11.76953019646696,288.15,101325.0,1.2250122659906946,340.29228686527705
129.122,-4.105999049721354,-6.190152471785877,-10.790597992981358,-3.3310640681718824,56.0,-0.580029488,-17.45278358,0.550988972,12.878314349958845,288.15,101325.0,1.2250122659906946,340.29228686527705
129.176,-4.706045268920834,-14.061609637190845,-10.401402004343273,-0.4473611395510418,56.0,0.135295615,-17.45278358,1.054859042,17.496232772624943,288.15,101325.0,1.2250122659906946,340.29228686527705
129.231,-4.854371250153636,-13.543690889364056,-10.93405370267512,-0.39956029665889037,56.0,-0.556593657,-17.38780212,0.445527762,17.411052286128275,288.15,101325.0,1.2250122659906946,340.29228686527705
129.268,-4.954875886606322,-11.17678601851069,-10.668289698082878,3.0371040001084286,56.0,-0.556593657,-17.38780212,0.445527762,15.746648897250232,288.15,101325.0,1.2250122659906946,340.29228686527705
129.321,-5.687560273215161,-5.75569676238151,-8.389320185790506,6.275499498603742,56.0,-1.154206991,-15.16246414,1.079360127,11.953686977547006,288.15,101325.0,1.2250122659906946,340.29228686527705
129.36999999999998,-6.700431157504133,-0.4791858617787729,-10.99448940012644,4.5146238400591985,56.0,-0.920381427,-14.37842941,0.92969048,11.894967199486183,288.15,101325.0,1.2250122659906946,340.29228686527705
129.42,-6.094229383630228,0.6259405875006672,-13.458426947513916,5.969941095474763,56.0,-1.312398791,-14.74328327,0.656450152,14.736392170544587,288.15,101325.0,1.2250122659906946,340.29228686527705
129.471,-7.095275176834589,2.3264907343298074,-13.609567710737391,3.986296723336968,56.0,-1.169653296,-15.30148125,0.556315303,14.370923908244567,288.15,101325.0,1.2250122659906946,340.29228686527705
129.51999999999998,-7.491213517791457,3.5430897320895927,-10.622827833132593,2.9242602736007544,56.0,-1.247417688,-17.45278358,0.02687883,11.573644809210915,288.15,101325.0,1.2250122659906946,340.29228686527705
129.569,-7.70440604129776,-1.212220129315509,-5.644766114350091,1.2103293552106582,56.0,-1.365129352,-17.44745636,-0.01147069,5.898962559274078,288.15,101325.0,1.2250122659906946,340.29228686527705
129.622,-7.642229051581247,-7.841344148278848,-9.486758400465202,1.8200719266543919,56.0,-0.910794079,-17.45278358,-0.456751257,12.441781416611509,288.15,101325.0,1.2250122659906946,340.29228686527705
129.66899999999998,-8.639314814714494,-12.096802510938298,-11.89052621384943,3.8344586871857484,56.0,-1.306539774,-17.45278358,-0.526526034,17.390236285186518,288.15,101325.0,1.2250122659906946,340.29228686527705
129.72,-8.97505958120802,-14.177821114422326,-6.267357519829082,8.291925103927245,56.0,-1.370457053,-17.45278358,-0.198422268,17.579715690620723,288.15,101325.0,1.2250122659906946,340.29228686527705
129.771,-9.431339507336155,-6.553826537030406,-8.611794541890784,9.219129361264073,56.0,-0.583759248,-17.45278358,0.716107249,14.216469100622179,288.15,101325.0,1.2250122659906946,340.29228686527705
129.821,-9.262562802200078,-2.4263653274018564,-10.874107248903135,9.288221214822384,56.0,-0.387750596,-17.45278358,0.145658165,14.505326969708136,288.15,101325.0,1.2250122659906946,340.29228686527705
129.86999999999998,-10.214262865839311,-0.9074145132919037,-14.372952880443881,5.477562818833223,56.0,-0.574704528,-17.45278358,0.47216171,15.40807807731571,288.15,101325.0,1.2250122659906946,340.29228686527705
129.92399999999998,-9.860852185864761,4.042097241976281,-6.66029419395524,0.9527472886739046,56.0,-0.473504394,-17.45278358,0.350188941,7.848935995388268,288.15,101325.0,1.2250122659906946,340.29228686527705
129.97,-10.105368370425708,-2.1945056141518178,-12.45076491887111,-4.593069566475995,46.0,-0.900142789,-17.45278358,0.103047572,13.451159429507307,288.15,101325.0,1.2250122659906946,340.29228686527705
130.022,-11.08305237893853,-9.671521795607303,-9.167824474899465,1.0548555012344967,46.0,-0.91079545,-17.45278358,0.298523605,13.36787416061198,288.15,101325.0,1.2250122659906946,340.29228686527705
130.06799999999998,-11.436876622795765,-9.35082056799716,-12.046806424838437,3.543858820811018,46.0,-1.137164116,-17.45278358,-0.064198948,15.656382905200275,288.15,101325.0,1.2250122659906946,340.29228686527705
130.11999999999998,-11.8814460447013,-7.4695380268705645,-8.428963724451593,11.431144704911231,46.0,-0.91079545,-17.04744911,0.394397408,16.0471959253823,288.15,101325.0,1.2250122659906946,340.29228686527705
130.171,-12.330973349831632,-3.649473008917287,-9.108604996253643,12.449687974905354,46.0,-0.19227457,-16.74438286,0.446062744,15.851815949382441,288.15,101325.0,1.2250122659906946,340.29228686527705
130.22,-12.27233457573305,-1.02937068993446,-7.481507922910088,9.001423341949284,46.0,-0.095337115,-16.67780304,0.055646051,11.749816466602871,288.15,101325.0,1.2250122659906946,340.29228686527705
130.272,-13.22814860271741,-0.8976719387732579,-12.631447169124426,6.043772048611601,46.0,-0.369642705,-16.92654228,-0.073250949,14.031623322752834,288.15,101325.0,1.2250122659906946,340.29228686527705
130.321,-13.308430770480136,-2.2727845658696397,-10.456684129909906,-3.620777203162967,46.0,-0.419710129,-17.45278358,0.562179327,11.296805753420282,288.15,101325.0,1.2250122659906946,340.29228686527705
130.37599999999998,-14.337488408396464,-3.8605082243158826,-10.753981809724138,-1.255668128233227,46.0,-0.418644875,-17.45278358,0.52169925,11.494709694557272,288.15,101325.0,1.2250122659906946,340.29228686527705
130.421,-13.953652974807074,-7.583615458115954,-13.771910041000018,-3.127083500931397,46.0,-0.439950168,-17.45278358,0.512644529,16.029827847352877,288.15,101325.0,1.2250122659906946,340.29228686527705
130.471,-15.9868280391711,-11.203671321944073,-7.74494155869843,1.7149941532602515,46.0,-0.662590444,-17.45278358,0.74167639,13.727620907627182,288.15,101325.0,1.2250122659906946,340.29228686527705
130.52499999999998,-16.135174556743475,-9.532665643272383,-9.585434758351363,3.832131519187548,46.0,-0.634893537,-17.45278358,0.717707932,14.051245701125106,288.15,101325.0,1.2250122659906946,340.29228686527705
130.57899999999998,-16.56100097033497,-8.071453587210456,-6.27253040324387,8.905581677999134,46.0,-0.372838497,-17.45278358,0.872171283,13.55737384944537,288.15,101325.0,1.2250122659906946,340.29228686527705
130.622,-16.67202138471993,-3.9307736702120395,-9.442672724213526,8.306699759740775,46.0,-0.052193906,-17.45278358,0.856192291,13.176354227232805,288.15,101325.0,1.2250122659906946,340.29228686527705
130.671,-17.351750567528164,-2.653702626167029,-12.502206005405748,3.716883480238594,46.0,-0.169905633,-17.12148666,0.770971119,13.310240998396683,288.15,101325.0,1.2250122659906946,340.29228686527705
130.721,-17.18354545194725,1.0711906763867076,-13.756731480620463,4.37641157700112,46.0,-0.228496775,-17.20297813,0.688415885,14.47577593037352,288.15,101325.0,1.2250122659906946,340.29228686527705
130.768,-18.28328365447799,-1.5873027706036318,-6.374836476000559,0.1444604022749173,46.0,-0.218376771,-17.45278358,0.469504029,6.571068329361568,288.15,101325.0,1.2250122659906946,340.29228686527705
130.82,-17.998996391849353,-10.096697158520163,-8.134672308678986,-0.8142552140429081,46.0,-0.365383267,-17.45278358,0.66924113,12.991504864104616,288.15,101325.0,1.2250122659906946,340.29228686527705
130.87099999999998,-18.630692773401105,-11.7992092065611,-9.918735771911841,1.1002675775098196,46.0,0.131029978,-17.45278358,0.863651872,15.453583595895132,288.15,101325.0,1.2250122659906946,340.29228686527705
130.92,-18.71789179969528,-11.525682136562194,-11.295419033526715,1.8870879232512934,40.0,-0.007987042,-17.45278358,0.645805299,16.247736478848594,288.15,101325.0,1.2250122659906946,340.29228686527705
130.971,-19.494832162470384,-8.035857620255904,-8.395642256848788,5.472854566361222,40.0,-0.219974667,-16.38432312,1.199210286,12.845775714317558,288.15,101325.0,1.2250122659906946,340.29228686527705
131.021,-19.361883244160857,-5.204052779417525,-11.896045557894599,4.1551441420511495,40.0,-0.000530191,-15.56193829,1.315856695,13.633168673778266,288.15,101325.0,1.2250122659906946,340.29228686527705
131.069,-20.09725029976534,-0.5333623173547622,-9.623919560259477,3.3139341611194717,40.0,-0.111317694,-14.76192474,1.251408219,10.192470882379483,288.15,101325.0,1.2250122659906946,340.29228686527705
131.11999999999998,-20.04854747108797,2.5894465002165155,-13.077972626061953,2.435938593645368,40.0,-0.448473901,-14.51478386,0.95846045,13.552579017202605,288.15,101325.0,1.2250122659906946,340.29228686527705
131.171,-20.692710263529133,3.1641743827019555,-10.239000453653178,2.5693307139700776,40.0,-0.760063767,-15.13317013,0.511581957,11.020462337479643,288.15,101325.0,1.2250122659906946,340.29228686527705
131.22,-20.63936609681401,-2.331119904660001,-7.80464289623863,0.27851758468107857,40.0,-0.851143837,-15.53797054,0.422099769,8.15010078420425,288.15,101325.0,1.2250122659906946,340.29228686527705
131.272,-21.720325394172544,-6.410975922699893,-10.656433469986695,1.936026477737163,40.0,-0.633297265,-16.78006935,0.775767565,12.58603929376473,288.15,101325.0,1.2250122659906946,340.29228686527705
131.322,-21.491173257344308,-6.502108827845955,-9.342007957069765,2.410954353944624,40.0,-0.567783535,-17.05863571,0.877500296,11.634570588376334,288.15,101325.0,1.2250122659906946,340.29228686527705
131.373,-21.916483609231054,-7.568015260106609,-9.00235656153932,1.1339744578247066,40.0,-0.655135214,-17.41070557,0.986157298,11.815378822081643,288.15,101325.0,1.2250122659906946,340.29228686527705
131.429,-21.880300485211468,-7.589180584578308,-8.092879075808348,2.7774127340893435,40.0,-0.364318013,-17.45278358,1.44581902,11.436974039337441,288.15,101325.0,1.2250122659906946,340.29228686527705
131.471,-22.561579486654722,-6.4119318161737855,-9.506079690872598,3.5708912234614565,40.0,-0.071370274,-17.45278358,1.254603982,12.009566388270486,288.15,101325.0,1.2250122659906946,340.29228686527705
131.51999999999998,-22.97399199860993,-6.7009543737072645,-8.164079733040534,3.8191464135878688,40.0,-0.570979297,-17.45278358,1.30946517,11.23124511059975,288.15,101325.0,1.2250122659906946,340.29228686527705
131.589,-23.360153356330308,-6.611395203832284,-8.074520563165553,3.9087055834628495,40.0,-0.570979297,-17.45278358,1.30946517,11.143895557857384,288.15,101325.0,1.2250122659906946,340.29228686527705
131.61999999999998,-22.855069740437056,-3.359486764560225,-9.197591199726903,4.124032508053906,40.0,-0.576305628,-17.08952713,1.454873681,10.624946085794248,288.15,101325.0,1.2250122659906946,340.29228686527705
131.672,-23.76384671338276,1.4747024557638464,-11.064989321917361,2.0023865162757737,40.0,-0.707333148,-16.92228127,1.389892578,11.34100029925686,288.15,101325.0,1.2250122659906946,340.29228686527705
131.725,-24.78563372386171,-4.062424558363007,-6.93590411353671,-0.34944751780590616,40.0,-0.548607707,-17.45278358,1.35526967,8.045630660940573,288.15,101325.0,1.2250122659906946,340.29228686527705
131.774,-24.551855804643576,-6.522589229625003,-9.021892705017722,0.7210740575396962,40.0,-0.283889502,-17.45278358,1.415989757,11.15610442922299,288.15,101325.0,1.2250122659906946,340.29228686527705
131.82299999999998,-24.803535289501507,-8.40273160670754,-12.2884056869215,2.0981813683479973,40.0,0.207730055,-17.45278358,1.160858989,15.033734660263537,288.15,101325.0,1.2250122659906946,340.29228686527705
131.881,-25.38359674471565,-11.682733719616246,-8.267179172845982,4.080627684791934,40.0,-0.296672672,-16.40988922,1.143814683,14.882339901416284,288.15,101325.0,1.2250122659906946,340.29228686527705
131.952,-25.79918224256736,-4.166134617855568,-12.609080173311828,5.365757583478024,33.0,-0.0047902,-14.79920959,1.432501435,14.322602239668317,288.15,101325.0,1.2250122659906946,340.29228686527705
132.06099999999998,-26.242660650709993,-2.859279534845262,-9.464924967022588,2.729374423992166,33.0,-0.094805047,-14.39760494,1.415989757,10.257181329980233,288.15,101325.0,1.2250122659906946,340.29228686527705
132.071,-25.801909335087153,-2.459530714903439,-9.065176147080765,3.1291232439339884,33.0,-0.094805047,-14.39760494,1.415989757,9.900410203162465,288.15,101325.0,1.2250122659906946,340.29228686527705
132.13299999999998,-26.640258113368702,-2.16395784020805,-12.103606698598592,-0.22591815778283494,33.0,-0.49534449,-15.07191658,0.962187052,12.29760333002226,288.15,101325.0,1.2250122659906946,340.29228686527705
132.182,-28.02234977006143,-6.417901810250031,-11.488465105097266,1.0896033242765395,33.0,-0.39893806,-15.95555401,0.990949214,13.204602588541718,288.15,101325.0,1.2250122659906946,340.29228686527705
132.22899999999998,-28.34750764895126,-7.456444858268478,-8.900380650581006,0.8809631976040354,33.0,-0.328097969,-16.13132286,1.061789393,11.644373826237626,288.15,101325.0,1.2250122659906946,340.29228686527705
132.26899999999998,-28.85817902182856,-5.918938910800872,-11.023082333956653,3.483431464344764,33.0,-0.161918238,-17.00590515,1.036758184,12.987550836773151,288.15,101325.0,1.2250122659906946,340.29228686527705
132.326,-29.722718831404933,-5.314175580057395,-9.377343058958113,3.3398432197852164,33.0,-0.254596233,-17.23546982,0.901469588,11.284040839779584,288.15,101325.0,1.2250122659906946,340.29228686527705
132.36999999999998,-30.260514963066594,-5.72749435363305,-7.819042491812773,2.739436259001635,33.0,-0.279629946,-17.30311394,1.116120338,10.07204686629312,288.15,101325.0,1.2250122659906946,340.29228686527705
132.427,-30.35122388778643,-5.4545831846295005,-8.855747166103319,2.6381716408547513,33.0,0.094810493,-17.45278358,1.268453121,10.730176382268844,288.15,101325.0,1.2250122659906946,340.29228686527705
132.47199999999998,-30.799539603809293,-6.836676620018601,-10.39134894700939,1.486340285296365,33.0,0.15126951,-17.45278358,1.064987659,12.527150018616247,288.15,101325.0,1.2250122659906946,340.29228686527705
132.523,-30.20174773370461,-7.905483755893252,-10.212901505506506,5.339386363889092,33.0,-0.07563182,-17.45278358,0.822640061,13.975302405270302,288.15,101325.0,1.2250122659906946,340.29228686527705
132.57,-31.029447959347877,-6.345949183322406,-8.77329573039439,6.6446727752438735,33.0,0.316385508,-17.45278358,0.845543206,12.70407278396711,288.15,101325.0,1.2250122659906946,340.29228686527705
132.63,-31.00263730331467,-4.740654744096209,-8.947736077634081,4.340308082088484,33.0,0.31585288,-17.45278358,0.749669433,11.016989723384471,288.15,101325.0,1.2250122659906946,340.29228686527705
132.671,-32.02761851393155,-3.011647534752573,-8.221328605811694,1.9533797196550275,33.0,0.223174855,-17.21363068,1.057530761,8.970839272190672,288.15,101325.0,1.2250122659906946,340.29228686527705
132.724,-32.817873288534486,-5.50818076005348,-13.509789679465996,-0.24573126841185403,33.0,0.199206412,-17.1566391,0.803997934,14.591602253525984,288.15,101325.0,1.2250122659906946,340.29228686527705
132.773,-32.91158685311449,-8.593480473948425,-10.243691386814666,1.1111094936076014,33.0,0.27963388,-16.91375923,0.941949666,13.416992367562067,288.15,101325.0,1.2250122659906946,340.29228686527705
132.827,-32.77662494488047,-6.823221361676472,-11.76426195144194,5.798022054678205,33.0,0.75793761,-17.093256,1.034627557,14.78415600428775,288.15,101325.0,1.2250122659906946,340.29228686527705
132.86999999999998,-33.31031893659438,-8.69611155745005,-8.878401619823178,4.78381774178872,33.0,0.680705965,-17.45278358,0.923307538,13.31665437447213,288.15,101325.0,1.2250122659906946,340.29228686527705
132.928,-34.346364500487816,-6.875585825886692,-9.101453327823751,4.037880023951221,25.0,0.769122899,-17.33187485,0.982429683,12.10019042063026,288.15,101325.0,1.2250122659906946,340.29228686527705
132.97199999999998,-33.7566430407243,-3.7854648090848975,-13.893011847714643,1.5633330169856643,25.0,0.890563071,-17.06396103,0.693210423,14.484113094820723,288.15,101325.0,1.2250122659906946,340.29228686527705
133.01899999999998,-34.79431918598795,-5.094160656715152,-22.77637404254865,3.6174230409946775,25.0,0.452206731,-16.45676041,0.605858743,23.617777981428056,288.15,101325.0,1.2250122659906946,340.29228686527705
133.076,-34.95599537096987,-5.201927395180107,-23.483782428265002,2.9963639056809654,25.0,0.479370981,-16.07539558,0.609054506,24.23894144590644,288.15,101325.0,1.2250122659906946,340.29228686527705
133.11999999999998,-35.70715654748663,-4.192993896173531,-21.784062833075087,3.352887812879358,25.0,0.516655207,-15.44742298,0.505191207,22.435874130830445,288.15,101325.0,1.2250122659906946,340.29228686527705
133.173,-35.1489705546002,-4.479387707325784,-18.491798678805658,2.0063287810775376,25.0,0.750480771,-13.94646549,0.393338472,19.132090523196887,288.15,101325.0,1.2250122659906946,340.29228686527705
133.221,-35.44616645642341,-4.249997351342188,-14.088906538344593,1.7895864215899635,25.0,0.831973493,-13.45910645,0.331553131,14.82438479306861,288.15,101325.0,1.2250122659906946,340.29228686527705
133.26999999999998,-36.17616747904376,-7.4486898867501825,1.9632748339621562,0.317859959434804,25.0,0.707334876,-12.47640133,0.579764247,7.709634495646047,288.15,101325.0,1.2250122659906946,340.29228686527705
133.32,-36.61688413189577,-1.8195819493030372,-11.010877612900932,6.848828002099281,25.0,1.47059691,-11.6550827,0.630364358,13.094149429376907,288.15,101325.0,1.2250122659906946,340.29228686527705
133.37099999999998,-37.01145471663286,0.05904647533002077,-15.119065961679578,2.5679443774643556,25.0,1.60162437,-11.68384457,-0.218651459,15.335709320589567,288.15,101325.0,1.2250122659906946,340.29228686527705
133.42499999999998,-37.65056674805849,-1.8507296402037168,-11.704030418713815,0.8980245309911653,25.0,1.246358752,-11.58743763,-0.898290157,11.883432850046688,288.15,101325.0,1.2250122659906946,340.29228686527705
133.47899999999998,-37.55622729917497,-2.6139372445518867,-12.409672095977042,0.5185872788330442,25.0,0.263652235,-10.75493336,-0.778980553,12.69257902137679,288.15,101325.0,1.2250122659906946,340.29228686527705
133.51999999999998,-38.294626855036455,-2.5036758936812404,-12.577644548761988,0.1971070287123292,25.0,-0.007457554,-9.269954681,0.068969958,12.825926343012052,288.15,101325.0,1.2250122659906946,340.29228686527705
133.572,-38.12993185637546,-1.5273958945152128,-12.061888128004922,-0.5775645414987289,25.0,0.446345091,-7.324781895,0.881766737,12.171921139683933,288.15,101325.0,1.2250122659906946,340.29228686527705
133.622,-38.66552310020392,-0.7155372759802787,-13.236039926588735,-0.8834367730569586,25.0,0.712661207,-6.623837948,0.900408864,13.28477350441315,288.15,101325.0,1.2250122659906946,340.29228686527705
133.673,-38.70646361870042,-2.5001817625722844,-14.387464022605107,-1.588727348868149,25.0,0.94116044,-5.586802959,0.62823379,14.689250642449293,288.15,101325.0,1.2250122659906946,340.29228686527705
133.72299999999998,-39.326803841588806,-1.888743399916907,-11.943523369877203,-0.9197236493997267,25.0,0.947552025,-5.322084427,0.566981077,12.126870730274886,288.15,101325.0,1.2250122659906946,340.29228686527705
133.771,-39.24902959774031,-1.2112520635578106,-9.246440527019933,-0.6643793860722742,25.0,0.398409337,-4.65363121,0.490280122,9.349074496966397,288.15,101325.0,1.2250122659906946,340.29228686527705
133.88199999999998,-40.169752645346485,-0.7381002830872045,-7.890617661173691,0.5043558056716638,25.0,-0.476705432,-4.302093983,0.592545509,7.941096516315255,288.15,101325.0,1.2250122659906946,340.29228686527705
133.92,-40.19284842776171,0.22579748752776235,-8.058842659865709,1.396296685045793,25.0,-0.549143434,-4.253624439,0.631960332,8.182027496563132,288.15,101325.0,1.2250122659906946,340.29228686527705
133.97,-40.12500432164013,0.9927584191899218,-11.44619391258902,0.5945968432846882,18.0,-0.712128878,-4.418740273,0.539282322,11.504541267234714,288.15,101325.0,1.2250122659906946,340.29228686527705
134.03199999999998,-41.31631208573748,0.6094355461851058,-9.618040541445383,1.8950658572772103,18.0,-0.685497284,-4.286114693,0.633558214,9.821883228040269,288.15,101325.0,1.2250122659906946,340.29228686527705
134.071,-40.615962365173225,33.829951911028935,-11.406960375760491,8.937657566079215,18.0,-0.550741315,-5.396120548,-0.197880715,36.80307207401569,288.15,101325.0,1.2250122659906946,340.29228686527705
134.124,-41.29589043843433,48.56897837686733,-55.072969757641566,16.62490631619983,18.0,-2.242381096,-11.71580124,-11.78582668,75.28854606459824,288.15,101325.0,1.2250122659906946,340.29228686527705
134.194,-41.108739392637496,-1.850341160703563,-21.787203908639064,4.54422985756737,18.0,-8.037420273,-8.426264763,-8.071782112,22.33284669642493,288.15,101325.0,1.2250122659906946,340.29228686527705
134.221,-41.70838138857481,-3.162586702207153,-15.457625181353258,-1.2485326622214636,18.0,-8.9839077,-7.74982214,-6.444591522,15.827159085092235,288.15,101325.0,1.2250122659906946,340.29228686527705
134.273,-41.70428438960303,-4.7747978135434535,1.9699637883842116,9.410309024064599,18.0,-7.66351223,-3.823790073,-1.702034116,10.734680592181402,288.15,101325.0,1.2250122659906946,340.29228686527705
134.325,-41.54938169033193,-3.3246720309613003,19.039536540487084,19.97497776715295,18.0,-1.643169999,-1.38326931,0.522238076,27.79491199101472,288.15,101325.0,1.2250122659906946,340.29228686527705
134.373,-42.2713175351822,-1.8733583526633932,12.604373873092825,11.222799934964431,18.0,1.974468112,-1.631475925,1.196017742,16.980310675321473,288.15,101325.0,1.2250122659906946,340.29228686527705
134.422,-42.258162814958915,1.2815529643145633,3.2627668700751737,-0.9347199725828802,18.0,3.512710094,-2.274363041,1.099611402,3.627909463582151,288.15,101325.0,1.2250122659906946,340.29228686527705
134.47,-42.31368936226939,-0.19914470760154168,-0.5253494493890243,-6.46419353489849,18.0,3.655455351,-2.472502232,1.000541806,6.488562916020965,288.15,101325.0,1.2250122659906946,340.29228686527705
134.52499999999998,-42.54894971961266,15.69066593212122,-34.866267002662624,-89.82215645805536,18.0,0.758468688,-1.184597492,0.057782758,97.62107028131666,288.15,101325.0,1.2250122659906946,340.29228686527705
134.572,-42.35573316515972,-1.2592108817511924,-1.9116202540864622,6.440179099661033,18.0,-0.169909254,1.441812038,-0.246882886,6.8348965519797735,288.15,101325.0,1.2250122659906946,340.29228686527705
134.62699999999998,-42.57036959526253,-1.1836336402674266,0.20753351198968656,-5.980761397598347,18.0,-0.207193509,-1.013089895,-0.001339419,6.100292259226112,288.15,101325.0,1.2250122659906946,340.29228686527705
134.673,-42.61268133744443,-0.8715957290091418,0.6299051806435203,-12.389499589137,18.0,-0.161387131,-0.662617862,0.192538708,12.43608297337447,288.15,101325.0,1.2250122659906946,340.29228686527705
134.724,-42.949194728121526,2.4266853566778597,-0.3892286422098854,-10.655081706232622,18.0,-0.041544888,0.07454516,0.157917604,10.93485559679342,288.15,101325.0,1.2250122659906946,340.29228686527705
134.784,-42.78970414953403,0.329339347890764,-0.4909694664024176,-9.32727878660501,18.0,0.002662539,0.033532362,-0.028501878,9.345996200837043,288.15,101325.0,1.2250122659906946,340.29228686527705
134.81699999999998,-43.16739930645273,0.051682687296080596,-0.9844968818945278,-10.103837598440858,18.0,-0.033556454,-0.062874071,-0.007729221,10.151819513086968,288.15,101325.0,1.2250122659906946,340.29228686527705
134.872,-43.099946395845535,0.6031896988254181,-0.42339566209432794,-9.528343983401113,18.0,-6.23e-07,0.009563911,-0.000805002,9.556800759954431,288.15,101325.0,1.2250122659906946,340.29228686527705
134.91899999999998,-43.321369364037224,0.5143891714312453,-0.30591971601957385,-9.468434253033214,18.0,0.001597274,-0.001621366,0.000792895,9.487329987744069,288.15,101325.0,1.2250122659906946,340.29228686527705
134.97799999999998,-43.75568147102524,0.5005971623579627,-0.43484278354816247,-9.582965949529182,13.0,-6.23e-07,-0.002153998,0.001858159,9.605879561768432,288.15,101325.0,1.2250122659906946,340.29228686527705
135.01999999999998,-43.08419563494232,0.7580355982874937,-0.16301297658601166,-9.33991888363011,13.0,0.001064642,0.001574427,0.000260262,9.372047585858537,288.15,101325.0,1.2250122659906946,340.29228686527705
135.07,-43.045125608502964,0.11087252819403318,-0.7861904042399465,-9.934312619171678,13.0,-0.001065887,0.003172324,0.001325527,9.965989929989933,288.15,101325.0,1.2250122659906946,340.29228686527705
135.12699999999998,-43.06178982250973,0.2195495623830595,-0.7062961121161597,-9.859216303563095,13.0,0.00053201,-0.001088734,0.000260262,9.886920770835443,288.15,101325.0,1.2250122659906946,340.29228686527705
135.189,-43.84225308172124,0.36896267919845543,-0.5568830504195317,-9.690614332262308,13.0,-0.000533255,0.00210706,-0.00027237,9.713612012384143,288.15,101325.0,1.2250122659906946,340.29228686527705
135.226,-43.59611878380064,0.372411294260657,-1.06672706971787,-10.114109615265782,13.0,-0.000533255,0.005302853,-0.010392383,10.177023637732868,288.15,101325.0,1.2250122659906946,340.29228686527705
135.273,-43.1607842919825,0.01958773383665853,-0.2442542959182255,-9.459536997963717,13.0,-0.025034336,0.170951471,-0.051405065,9.46271018557769,288.15,101325.0,1.2250122659906946,340.29228686527705
135.321,-43.41035428667591,0.3338146292861504,-1.018975363183542,-10.291823437117658,13.0,0.003195171,-0.061276175,0.031152932,10.347529785330643,288.15,101325.0,1.2250122659906946,340.29228686527705
135.375,-43.56805867411277,0.1878856762463119,-0.4789151402792152,-9.78534257987856,13.0,0.011184654,-0.113474131,0.024228713,9.798856573320766,288.15,101325.0,1.2250122659906946,340.29228686527705
135.428,-43.70312207556321,0.5977528389055049,-0.2801215507146629,-9.433040937427585,13.0,-0.002663784,-0.01919823,-0.002402899,9.456111138664724,288.15,101325.0,1.2250122659906946,340.29228686527705
135.471,-43.62376030413979,0.5086087678358724,-0.25893169903244245,-9.488606136896582,13.0,-0.006392209,0.063892394,-0.012522912,9.505754831923387,288.15,101325.0,1.2250122659906946,340.29228686527705
135.53099999999998,-43.22258537689334,-0.9039782271802803,-1.733881358979701,-10.963554553164002,13.0,-0.003729048,-0.042634048,0.00931501,11.136563637066706,288.15,101325.0,1.2250122659906946,340.29228686527705
135.576,-43.657319966143575,0.33562684106263374,-0.8444666108255925,-9.819892960631304,13.0,-0.000533255,0.028206039,0.007184481,9.861849065540254,288.15,101325.0,1.2250122659906946,340.29228686527705
135.63,-43.65571640590106,-0.38608307201669634,-0.3764888006097904,-8.545997066775072,13.0,0.063915238,-0.2663396,0.400799692,8.562994208850698,288.15,101325.0,1.2250122659906946,340.29228686527705
135.75099999999998,-43.72898063965618,0.36470069550564177,-2.6335042817289396,-10.788620663755978,13.0,0.052197337,-0.074059352,-0.00985975,11.111376477539109,288.15,101325.0,1.2250122659906946,340.29228686527705
135.777,-43.49281570583418,0.6696588176187589,-2.328546159615822,-10.483662541642861,13.0,0.052197337,-0.074059352,-0.00985975,10.760006990542422,288.15,101325.0,1.2250122659906946,340.29228686527705
135.82299999999998,-43.540575707939894,-0.9934878278668166,-4.581739338129823,-8.961516829424262,13.0,0.159787267,0.208235517,0.334223688,10.113759800921718,288.15,101325.0,1.2250122659906946,340.29228686527705
135.87099999999998,-43.669872422219385,-0.30469830871311715,-4.041660773238991,-9.635112413956755,13.0,0.463920295,0.304109335,1.226915359,10.452906490295176,288.15,101325.0,1.2250122659906946,340.29228686527705
135.92499999999998,-43.44852492482256,3.9354182625282688,-4.608266230735432,-11.353028422934994,13.0,0.960866153,1.113177657,1.304147005,12.86914484052252,288.15,101325.0,1.2250122659906946,340.29228686527705
135.97299999999998,-43.60302440727883,4.2255168347701675,3.2373082488086253,-10.693551012844463,9.0,0.768053293,-1.317755818,0.971251845,11.94517435967501,288.15,101325.0,1.2250122659906946,340.29228686527705
136.01999999999998,-43.54888589992168,3.0006885348196337,-0.5683744687072994,-11.496231357863065,9.0,0.135818824,-3.617661715,0.625040889,11.89497863189297,288.15,101325.0,1.2250122659906946,340.29228686527705
136.07399999999998,-43.20034584514011,-0.39485098660551277,-0.7402441900318943,-9.974715764601646,9.0,-0.66472739,-5.430209637,0.407194287,10.009936230920351,288.15,101325.0,1.2250122659906946,340.29228686527705
136.125,-43.35164732840142,-8.667846135386538,-2.22530397855183,-5.117972223856779,9.0,-0.808005452,-6.260050297,0.833300054,10.309082117621504,288.15,101325.0,1.2250122659906946,340.29228686527705
136.176,-43.652426343912744,-9.315262220826169,2.2602068338080943,-3.635463084486903,9.0,-0.474577695,-4.646707535,0.939826548,10.251791892786896,288.15,101325.0,1.2250122659906946,340.29228686527705
136.225,-43.58135324475264,-10.084669210483664,-1.9871177253216827,-2.557976045246745,9.0,-0.36272493,-3.793430328,0.776841044,10.592092870968466,288.15,101325.0,1.2250122659906946,340.29228686527705
136.277,-43.531096241889344,-8.502253790371775,-0.9419799055522501,-3.604385778395935,9.0,-0.122507811,0.15124388,-0.223974884,9.282631227074484,288.15,101325.0,1.2250122659906946,340.29228686527705
136.326,-43.3329603027249,-8.164763909193963,-1.0410297121185421,-3.9624804058560215,9.0,-0.161391094,1.480693698,-0.037551682,9.135007581889727,288.15,101325.0,1.2250122659906946,340.29228686527705
136.374,-43.48687299995252,-7.071876565310185,-0.3702887828476695,-5.431258387540461,9.0,-0.004797215,2.942236662,-0.05619381,8.924523494837961,288.15,101325.0,1.2250122659906946,340.29228686527705
136.42399999999998,-43.06907640155266,-7.225392336868602,-1.5839698482132931,-6.937564042333194,9.0,0.018638602,2.968335629,-0.156328663,10.141254840659654,288.15,101325.0,1.2250122659906946,340.29228686527705
136.47899999999998,-43.37109172603426,-6.263089478241494,0.1410759757904879,-8.172346383525891,9.0,-0.002134054,3.124396801,-0.200537145,10.29725388905864,288.15,101325.0,1.2250122659906946,340.29228686527705
136.521,-43.26379663994905,-4.22573478155701,0.6049727753741678,-7.67966787911197,9.0,-0.073506773,2.985379696,-0.14514339,8.786360181353183,288.15,101325.0,1.2250122659906946,340.29228686527705
136.572,-43.52450768193403,-3.4005584373069513,-1.2178654142559395,-8.710979031434615,9.0,-0.036755148,2.807480574,-0.08548858,9.43017229635142,288.15,101325.0,1.2250122659906946,340.29228686527705
136.619,-43.30338778397621,0.13552123062291743,-0.30101735975662114,-9.377183009149327,9.0,0.137415588,2.265793562,0.106791653,9.382991987735215,288.15,101325.0,1.2250122659906946,340.29228686527705
136.67399999999998,-43.57342095654511,0.8853728074311422,-0.48660576493226043,-9.884178680676953,9.0,0.059118655,0.553913713,0.084421098,9.935676039915583,288.15,101325.0,1.2250122659906946,340.29228686527705
136.72299999999998,-43.108677628140654,-2.2436217377102627,-1.9366056309352582,-10.758524001012185,9.0,-0.019710919,-0.332386315,-0.024768509,11.159306365184685,288.15,101325.0,1.2250122659906946,340.29228686527705
136.77599999999998,-43.078864597570444,-2.7349199098878225,-1.813871371092056,-10.70294942354873,9.0,-0.012786699,-0.168868229,-0.010920072,11.19477747109831,288.15,101325.0,1.2250122659906946,340.29228686527705
136.82299999999998,-43.26288644263327,-0.9462532699776248,0.20026028610303936,-9.082181987082505,9.0,-0.007993008,0.029270964,-0.007724278,9.133538694264088,288.15,101325.0,1.2250122659906946,340.29228686527705
136.86999999999998,-43.50818486298281,-0.9693159542925522,-0.47041470800134266,-9.628131194339979,9.0,-0.004797215,-0.053819664,0.011450483,9.688228615808603,288.15,101325.0,1.2250122659906946,340.29228686527705
136.92999999999998,-43.407719535960105,-1.6887834353874847,-0.9452286660774636,-10.22767119581582,14.0,-0.028233035,-0.180586144,0.013581011,10.409164462747926,288.15,101325.0,1.2250122659906946,340.29228686527705
136.97799999999998,-43.261036677634635,-0.9124081616723898,-0.21202746838032954,-9.384136166563339,14.0,0.007453326,0.164559543,-0.00825691,9.430771754922088,288.15,101325.0,1.2250122659906946,340.29228686527705
137.01999999999998,-43.12673851065335,-1.7589634678755783,-1.1929022836539693,-10.408184948619562,14.0,0.002659636,0.103306845,-0.007191645,10.622960146039263,288.15,101325.0,1.2250122659906946,340.29228686527705
137.069,-43.640013493361984,-1.8376592716868012,-1.2044384431675028,-10.318981621142294,14.0,-0.002666686,-0.047428075,0.003460999,10.55031019731973,288.15,101325.0,1.2250122659906946,340.29228686527705
137.13,-43.264883881112254,-1.6746949626321772,-0.32190491504371666,-9.70029010573668,14.0,0.000529107,0.004769883,-0.006659014,9.849053463538912,288.15,101325.0,1.2250122659906946,340.29228686527705
137.17,-43.80810064829555,-1.7592822305413693,-0.6223630200274082,-9.83764487925683,14.0,0.013312281,0.148047954,0.002395734,10.013074775800108,288.15,101325.0,1.2250122659906946,340.29228686527705
137.22299999999998,-43.682776570312086,-1.3565374355354145,-1.0399269110382292,-10.06812098692997,14.0,0.031421777,0.271085978,0.012515746,10.212183997645667,288.15,101325.0,1.2250122659906946,340.29228686527705
137.272,-43.13806225044245,-0.36183089170415006,-0.44338201727199544,-9.461981382811006,14.0,0.014910177,0.134199515,0.012515746,9.479272171221464,288.15,101325.0,1.2250122659906946,340.29228686527705
137.321,-42.92606004238794,-0.28428494619272937,-0.06361713776892186,-9.182956610635413,14.0,0.001592114,-0.014937773,-0.000263582,9.18757624097141,288.15,101325.0,1.2250122659906946,340.29228686527705
137.369,-42.933229244012765,-1.1116331634640597,-0.4016581616851951,-9.61694115535908,14.0,0.000526849,-0.011209348,-0.000263582,9.689304141918585,288.15,101325.0,1.2250122659906946,340.29228686527705
137.42499999999998,-43.419257213824324,-0.8646730893272043,-0.34658337438197967,-9.590648377542568,14.0,0.004787907,0.038325451,-0.000796215,9.635783096794185,288.15,101325.0,1.2250122659906946,340.29228686527705
137.489,-43.510543111380585,-0.958287114057284,-0.33945765657060506,-9.525956591341771,14.0,0.003722643,0.017552793,0.002399579,9.58005191393556,288.15,101325.0,1.2250122659906946,340.29228686527705
137.558,-43.18957147482666,-1.2178611484895199,-0.6565971741311607,-9.82870466471207,14.0,0.004255275,0.027672805,0.001866946,9.925610359681164,288.15,101325.0,1.2250122659906946,340.29228686527705
137.57,-43.35896177314667,-1.0913061653288971,-0.5300421909705381,-9.702149681551447,14.0,0.004255275,0.027672805,0.001866946,9.777709461521269,288.15,101325.0,1.2250122659906946,340.29228686527705
137.62099999999998,-43.7014775164324,-1.1190884075360268,-0.6921439793280173,-9.907426496976177,14.0,0.001592114,-0.002687232,0.001334314,9.9944245429633,288.15,101325.0,1.2250122659906946,340.29228686527705
137.67399999999998,-43.29638705943205,-1.1202890729808892,-0.24241461020308383,-9.61120554752801,14.0,0.004787907,0.019150689,-0.000796215,9.6793121928737,288.15,101325.0,1.2250122659906946,340.29228686527705
137.72799999999998,-43.32145254017436,-0.8537008123674283,-0.03818915181656918,-9.354210826745081,14.0,0.014375287,0.08679498,0.002399579,9.393163667239499,288.15,101325.0,1.2250122659906946,340.29228686527705
137.78,-43.63900640559392,-0.9715065511751974,-0.6069249612718733,-9.740656024643897,14.0,0.020766873,0.145917162,0.010921694,9.807780721346834,288.15,101325.0,1.2250122659906946,340.29228686527705
137.82,-43.149618721116404,-1.1276193160978618,-0.9213428787066742,-10.011900488401738,14.0,0.023959603,0.165624201,0.015187969,10.1172402072818,288.15,101325.0,1.2250122659906946,340.29228686527705
137.881,-43.1897559071977,0.29470152573884023,0.14599049831833466,-9.021320259427208,14.0,0.020763809,0.131003112,0.008796383,9.027313079650213,288.15,101325.0,1.2250122659906946,340.29228686527705
137.92399999999998,-43.647113137754296,-0.32584998590813324,-0.1531533521258412,-9.373232677771322,14.0,-0.001074111,-0.032514993,-0.000258365,9.38014525443097,288.15,101325.0,1.2250122659906946,340.29228686527705
137.977,-43.51809145009488,-0.21673839050216126,0.15264051749762997,-9.062642476176253,14.0,0.00158905,0.008497688,-0.000790997,9.06651880869904,288.15,101325.0,1.2250122659906946,340.29228686527705
138.052,-43.54367687507457,-0.8508080666101926,-0.6685172716585306,-9.835828980453362,14.0,0.001056418,0.007432424,-0.001856262,9.895166569666271,288.15,101325.0,1.2250122659906946,340.29228686527705
138.13299999999998,-43.64692075090333,-0.9050531731377062,-0.6364139705994707,-9.789334272283943,14.0,-0.000541479,-0.001622324,0.000274267,9.851660239913565,288.15,101325.0,1.2250122659906946,340.29228686527705
138.16899999999998,-43.13192108935308,-0.9221093911800501,-0.6534701886418146,-9.806390490326287,14.0,-0.000541479,-0.001622324,0.000274267,9.871302014704435,288.15,101325.0,1.2250122659906946,340.29228686527705
138.224,-43.17596188863865,-0.609942384111192,-0.3940716392353591,-9.60455749720579,14.0,0.001056418,-0.00055706,-0.000258365,9.631970041788794,288.15,101325.0,1.2250122659906946,340.29228686527705
138.26899999999998,-42.97157393280983,-0.2078308973589874,0.03202556411616786,-9.159272043670999,14.0,-0.000541479,-2.44274e-05,0.000274267,9.161685635767423,288.15,101325.0,1.2250122659906946,340.29228686527705
138.32299999999998,-43.21631313666063,-0.9465650670861039,-0.7354913847560867,-9.921990904788354,14.0,-0.001074111,0.001573469,-0.000258365,9.994140108982911,288.15,101325.0,1.2250122659906946,340.29228686527705
138.37699999999998,-43.315806861500825,-0.8761619608039121,-0.6267112650017492,-9.837196427473542,14.0,0.00158905,0.001040837,-0.000258365,9.896002240497829,288.15,101325.0,1.2250122659906946,340.29228686527705
138.421,-43.031201198779634,-0.953225560341022,-0.7373547783852908,-9.899868803295467,14.0,0.003186947,0.006367159,0.0008069,9.972950083127756,288.15,101325.0,1.2250122659906946,340.29228686527705
138.471,-43.2373028075659,-0.9541093147218225,-0.6998614832162069,-9.891158138951928,14.0,0.003186947,0.012758746,-0.001323629,9.961683593142451,288.15,101325.0,1.2250122659906946,340.29228686527705
138.52599999999998,-43.23934548950393,-1.7057530048653984,-1.4467081468917062,-10.67638247552047,14.0,0.002654314,0.023944024,0.000274267,10.90814835522009,288.15,101325.0,1.2250122659906946,340.29228686527705
138.571,-43.611551981991994,-0.45595165182466335,-0.31203787034514685,-9.484145508243492,14.0,0.004252211,0.023411391,0.001872164,9.500225026959434,288.15,101325.0,1.2250122659906946,340.29228686527705
138.622,-43.301156944877164,-0.45859593692095285,-0.3866390096023757,-9.544355276468101,14.0,0.002121682,0.007965055,-0.000790997,9.563185536240066,288.15,101325.0,1.2250122659906946,340.29228686527705
138.713,-43.002694769884535,-0.5746598781456743,-0.42594892488496583,-9.646028578236578,14.0,-0.001606744,-0.004818118,0.000274267,9.672514347072214,288.15,101325.0,1.2250122659906946,340.29228686527705
138.719,-43.22585024863478,-0.43203250736604876,-0.28332155410534027,-9.503401207456953,14.0,-0.001606744,-0.004818118,0.000274267,9.517434407461705,288.15,101325.0,1.2250122659906946,340.29228686527705
138.76999999999998,-43.69172360662989,-1.2619346170826686,-1.0844409217567206,-10.270940149158438,14.0,-8.84682e-06,0.004769262,0.0008069,10.404840346596718,288.15,101325.0,1.2250122659906946,340.29228686527705
138.827,-43.36822395796898,0.0828020735375905,0.24110733528510342,-8.954987151652707,14.0,0.000523785,0.003703998,0.000274267,8.958615061312518,288.15,101325.0,1.2250122659906946,340.29228686527705
138.86999999999998,-43.608862200839106,-0.6707392562130507,-0.4836512894801966,-9.684542838963823,14.0,0.000523785,-2.44274e-05,-0.000258365,9.719782904950426,288.15,101325.0,1.2250122659906946,340.29228686527705
138.922,-43.451936268960424,-0.8447953182308038,-0.6864900194033923,-9.858599120454487,14.0,-0.000541479,0.004769262,-0.001323629,9.918514218080807,288.15,101325.0,1.2250122659906946,340.29228686527705
138.976,-43.52949009588998,-1.509755282245062,-1.3802327986405276,-10.528355524673563,14.0,0.00158905,0.003703998,0.000274267,10.725235365465611,288.15,101325.0,1.2250122659906946,340.29228686527705
139.021,-43.27728580233585,-0.40739528886062476,-0.2394957557062059,-9.440386902321745,14.0,-8.84682e-06,0.002106101,-0.000790997,9.452207890430419,288.15,101325.0,1.2250122659906946,340.29228686527705
139.071,-43.46623517934497,0.011939908311281777,0.18943371287260646,-9.01625409442282,14.0,-0.001074111,0.000508205,-0.000790997,9.018251803325267,288.15,101325.0,1.2250122659906946,340.29228686527705
139.12099999999998,-43.49116992597199,-0.6798902597914118,-0.5359764051542576,-9.736867515692058,14.0,0.00158905,0.002638734,-0.000258365,9.775280583716283,288.15,101325.0,1.2250122659906946,340.29228686527705
139.16899999999998,-43.29940095206794,-0.8365053334133526,-0.7117799484323728,-9.888685197057734,14.0,0.001056418,-0.001089692,-0.000258365,9.94949580603601,288.15,101325.0,1.2250122659906946,340.29228686527705
139.24499999999998,-42.99672408568554,-0.7936535030152778,-0.6497396483781237,-9.841036560666655,14.0,0.000523785,0.001040837,0.0008069,9.894344247189943,288.15,101325.0,1.2250122659906946,340.29228686527705
139.273,-43.21610001950693,-0.8725569751419258,-0.7190488490978658,-9.91514286000995,14.0,0.001056418,0.000508205,-0.000790997,9.979401026948667,288.15,101325.0,1.2250122659906946,340.29228686527705
139.319,-43.209319447582324,-1.1426269189276759,-0.9987130642905218,-10.194806710416579,14.0,0.002121682,0.000508205,0.000274267,10.307138687501862,288.15,101325.0,1.2250122659906946,340.29228686527705
139.372,-43.225312679876254,-1.1077015620065254,-0.9493963002590126,-10.116707313555207,14.0,0.001586712,0.00476899,-0.000254383,10.221356218895739,288.15,101325.0,1.2250122659906946,340.29228686527705
139.426,-43.54548845190108,-1.4173642777449094,-1.2350733735578707,-10.43596452017341,14.0,0.001586712,0.002638461,0.000278249,10.603946586069604,288.15,101325.0,1.2250122659906946,340.29228686527705
139.471,-43.52369899288444,-1.5644987098422998,-1.3486279278865685,-10.554315845419534,14.0,0.000521447,0.002105829,-0.000787015,10.754535622975439,288.15,101325.0,1.2250122659906946,340.29228686527705
139.523,-43.158418917616025,-0.709451546349774,-0.5751318899618884,-9.809602694873208,14.0,0.003184608,0.024476381,-0.000787015,9.852025335875508,288.15,101325.0,1.2250122659906946,340.29228686527705
139.57,-43.42276517936012,-0.3509349660813799,-0.2597894959489911,-9.412709102134826,14.0,0.002119344,0.009030049,-0.001319648,9.422830709189027,288.15,101325.0,1.2250122659906946,340.29228686527705
139.625,-43.428265845747624,0.24151792343266953,0.34705476459767826,-8.825054043822867,14.0,0.001054079,0.001040565,-0.000787015,8.835177236103615,288.15,101325.0,1.2250122659906946,340.29228686527705
139.672,-43.42101190211916,-1.2016630622614737,-1.0673434790312255,-10.253843218536405,14.0,-1.11851e-05,0.001040565,0.000810881,10.379042198958395,288.15,101325.0,1.2250122659906946,340.29228686527705
139.721,-43.443926859761795,-0.2585315515036511,-0.1098205982429426,-9.320306345975835,14.0,0.001054079,0.002105829,0.000278249,9.324538031975566,288.15,101325.0,1.2250122659906946,340.29228686527705
139.77499999999998,-43.351796066168724,-1.041972796153504,-0.9124503125489696,-10.094153392376422,14.0,-1.11851e-05,0.001040565,0.001343514,10.188729341268179,288.15,101325.0,1.2250122659906946,340.29228686527705
139.82,-43.62759385717094,-0.4701544574084211,-0.3646176162434124,-9.536726424663959,14.0,0.002119344,-0.001089964,0.000810881,9.555267768031404,288.15,101325.0,1.2250122659906946,340.29228686527705
139.878,-43.35622219069668,-0.9599226573998093,-0.8208058653084707,-10.04088519095395,14.0,0.002117328,-2.49347e-05,0.000814314,10.120007371273632,288.15,101325.0,1.2250122659906946,340.29228686527705
139.92499999999998,-43.75783236965949,0.18518012245884363,0.31949974176683094,-8.857405762409183,14.0,-0.000545833,-0.000557567,-0.00025095,8.865100597438381,288.15,101325.0,1.2250122659906946,340.29228686527705
139.971,-43.67640166057408,-0.22176645679561247,-0.10183824459798407,-9.273946320439993,14.0,-1.32008e-05,0.004236123,0.000281682,9.277156447092231,288.15,101325.0,1.2250122659906946,340.29228686527705
140.024,-42.99721841241663,-0.7118979600580412,-0.5823754764535068,-9.768874996485774,14.0,0.000519431,0.001572962,-0.000783583,9.812078199753312,288.15,101325.0,1.2250122659906946,340.29228686527705
140.07899999999998,-43.44527806132902,-0.843477420881884,-0.723549135526618,-9.910049388137422,14.0,0.002117328,-2.49347e-05,-0.000783583,9.97216407738971,288.15,101325.0,1.2250122659906946,340.29228686527705
140.11999999999998,-43.07754209181782,-1.0201699616416335,-0.8906474038773022,-10.072349825286015,14.0,0.001584696,-0.000557567,-0.000783583,10.162983348978216,288.15,101325.0,1.2250122659906946,340.29228686527705
140.17399999999998,-43.56284378979546,-1.2385265575729816,-1.0994098757191788,-10.305098084880534,14.0,-1.32008e-05,-0.000557567,-0.001316215,10.437322292985442,288.15,101325.0,1.2250122659906946,340.29228686527705
140.22199999999998,-43.57364752175028,-0.3887596127527977,-0.2688313273975317,-9.450533748806244,14.0,-1.32008e-05,-0.000557567,-0.001316215,9.462346033432926,288.15,101325.0,1.2250122659906946,340.29228686527705
140.271,-43.60413584657195,-0.13452443398949954,-0.009799086088418174,-9.205893573026229,14.0,0.000519431,-2.49347e-05,0.002412211,9.206881628614218,288.15,101325.0,1.2250122659906946,340.29228686527705
140.34,-43.486501355043124,-0.9953547769023185,-0.865832256217886,-10.090709412063296,14.0,0.001052064,-0.000557567,-0.00025095,10.176581600248307,288.15,101325.0,1.2250122659906946,340.29228686527705
140.372,-43.41739189376485,-1.2080887519178805,-1.0785662683133461,-10.265066007818525,14.0,0.001584696,0.000507698,-0.00025095,10.39203366875441,288.15,101325.0,1.2250122659906946,340.29228686527705
140.423,-43.043510763858166,-0.6194450062117138,-0.4995167940140853,-9.690813194199153,14.0,0.002117328,0.000507698,-0.000783583,9.723429925087501,288.15,101325.0,1.2250122659906946,340.29228686527705
140.471,-43.17564704645856,-0.3303620222935891,-0.21043381009596057,-9.401731015015041,14.0,0.001584696,-0.000557567,0.000281682,9.409886690757821,288.15,101325.0,1.2250122659906946,340.29228686527705
140.51999999999998,-43.492892181346875,-0.24563447080755718,-0.1113148144196715,-9.312205486011646,14.0,0.002117328,-0.001090199,-0.000783583,9.316109611574115,288.15,101325.0,1.2250122659906946,340.29228686527705
140.569,-43.38367631055482,-1.4544809223980928,-1.3393498098261785,-10.535443820738264,14.0,-1.32008e-05,0.000507698,0.000814314,10.719372610681724,288.15,101325.0,1.2250122659906946,340.29228686527705
140.61999999999998,-43.57837305699153,-0.7388474300936547,-0.6285134161452947,-9.815013668756098,14.0,0.001052064,0.00104033,0.000281682,9.862830119042894,288.15,101325.0,1.2250122659906946,340.29228686527705
140.67,-43.5491919958992,-0.9537417257364154,-0.824219242131881,-10.015516593366238,14.0,0.001584696,0.00104033,0.000814314,10.094529868721256,288.15,101325.0,1.2250122659906946,340.29228686527705
140.72,-43.74915651648074,-1.4118879974044352,-1.2967568838303611,-10.478459012608523,14.0,0.001052064,0.00104033,0.000814314,10.652375763738947,288.15,101325.0,1.2250122659906946,340.29228686527705
140.771,-43.58860289885386,-0.12748790725323278,-0.002762596432049902,-9.198856314713586,14.0,0.001052064,-0.000557567,0.000281682,9.199740121176298,288.15,101325.0,1.2250122659906946,340.29228686527705
140.82,-43.634439338844516,-0.8523653974779363,-0.7276400124969563,-9.90934243390567,14.0,0.001052064,0.000507698,-0.000783583,9.972514940124574,288.15,101325.0,1.2250122659906946,340.29228686527705
140.88799999999998,-43.65404411766152,-0.9339933936312774,-0.7948766386198372,-9.962187176892469,14.0,-0.000548171,0.004768483,0.000285664,10.037397365722411,288.15,101325.0,1.2250122659906946,340.29228686527705
140.92399999999998,-43.47486663155539,-0.1735312613346811,0.05673092873356833,-9.163348982173016,14.0,-0.002146068,0.002637954,-0.000779601,9.165167541623372,288.15,101325.0,1.2250122659906946,340.29228686527705
140.97,-43.44653290099158,-1.5256464847841609,-1.3625440873331947,-10.529854625605825,15.0,-0.001080804,0.003170586,-0.005040659,10.726693899932696,288.15,101325.0,1.2250122659906946,340.29228686527705
141.03,-42.96177671284639,0.41024481058260787,0.33349078363831697,-8.819428383601693,15.0,0.003712886,0.012757966,0.00188356,8.83526082924895,288.15,101325.0,1.2250122659906946,340.29228686527705
141.069,-43.34578233001215,-0.5693173715843527,-0.40621501021112594,-9.626294335856606,15.0,0.001049725,-0.011743116,0.000285664,9.651666982685091,288.15,101325.0,1.2250122659906946,340.29228686527705
141.12099999999998,-43.635157223891966,-0.34548596624113026,-0.2639347675156474,-9.46962268504861,15.0,-0.001613436,0.000507425,-0.000246969,9.47959787710219,288.15,101325.0,1.2250122659906946,340.29228686527705
141.172,-43.61892200883476,-0.3434411447867889,-0.20432435269545024,-9.40041883963326,15.0,0.000517093,0.000507425,0.00188356,9.408909321572231,288.15,101325.0,1.2250122659906946,340.29228686527705
141.227,-43.1886684695083,-0.2614021744939499,-0.15586529725120218,-9.342364708048095,15.0,-1.55391e-05,0.000507425,0.000285664,9.347320654920313,288.15,101325.0,1.2250122659906946,340.29228686527705
141.26899999999998,-43.28181080724585,-0.8562576150396657,-0.7363294028420373,-9.932423413754123,15.0,0.001582358,0.00157269,0.000818296,9.996419006969157,288.15,101325.0,1.2250122659906946,340.29228686527705
141.32,-43.53937501326487,-0.9579112772194153,-0.8571716078355986,-10.072454820982394,15.0,0.001049725,0.005301115,-0.000246969,10.154146113831288,288.15,101325.0,1.2250122659906946,340.29228686527705
141.36999999999998,-43.537706137582475,-0.5291489172126977,-0.4380034470803089,-9.61011181555287,15.0,-0.001082013,-0.003221141,0.000820355,9.634629972327453,288.15,101325.0,1.2250122659906946,340.29228686527705
141.511,-43.439238879593525,-0.8644871959019854,-0.7445590568619945,-9.950247266023348,15.0,0.000515884,-0.00055798,-0.000777541,10.015444421294486,288.15,101325.0,1.2250122659906946,340.29228686527705
141.534,-43.69915686952244,-0.3838156010152366,-0.2782787598502281,-9.49356058300191,15.0,0.000515884,-0.001090612,0.000287723,9.505390366886255,288.15,101325.0,1.2250122659906946,340.29228686527705
141.59,-43.284706633189366,-1.3300070343561732,-1.2148759217842588,-10.391782121458908,15.0,0.001581148,-0.001090612,0.000287723,10.546752006027308,288.15,101325.0,1.2250122659906946,340.29228686527705
141.61999999999998,-43.63704833836684,-0.872458386505409,-0.7573272739334945,-9.934233473608144,15.0,0.001581148,-0.001090612,0.000287723,10.001186076870267,288.15,101325.0,1.2250122659906946,340.29228686527705
141.671,-43.51063362109559,-0.55126857868119,-0.44573173651402187,-9.64662255542343,15.0,0.001048516,-2.53479e-05,0.000287723,9.672636690870855,288.15,101325.0,1.2250122659906946,340.29228686527705
141.72299999999998,-43.34120935104365,-1.1909735381603523,-1.0854366609176047,-10.291124468213031,15.0,0.00211378,-0.001090612,0.001352988,10.416517341881358,288.15,101325.0,1.2250122659906946,340.29228686527705
141.779,-43.20906993323954,0.14250473261222585,0.26723008151546657,-8.952849244130014,15.0,-0.000549381,-0.001623245,-0.000777541,8.957970144145548,288.15,101325.0,1.2250122659906946,340.29228686527705
141.821,-43.633211998571895,-0.667074072141472,-0.5711314663056302,-9.762428122041351,15.0,0.000515884,-0.001090612,-0.000244909,9.801845836757057,288.15,101325.0,1.2250122659906946,340.29228686527705
141.874,-43.453641668438024,-0.3625774727137089,-0.25704063154870027,-9.433945880174061,15.0,0.000515884,0.005300974,-0.001842806,9.444409308158958,288.15,101325.0,1.2250122659906946,340.29228686527705
141.922,-43.444692791719525,-0.4645490924839335,-0.35421511561547203,-9.55510626223101,15.0,0.001048516,0.002105181,-0.000244909,9.572947816111002,288.15,101325.0,1.2250122659906946,340.29228686527705
141.977,-43.99843278810455,-1.6729581164463638,-1.5914069908785184,-10.782703464221223,15.0,0.001048516,-0.00055798,-0.000777541,11.027150995036259,288.15,101325.0,1.2250122659906946,340.29228686527705
142.148,-43.43438776624053,-0.5500334849580956,-0.4253081370570142,-9.630995944352442,15.0,-1.67485e-05,0.000507284,-0.000777541,9.656060621503743,288.15,101325.0,1.2250122659906946,340.29228686527705
142.19899999999998,-43.54669046773575,-0.9274212847464085,-0.8266815422049544,-10.027572361114363,15.0,0.000515884,0.001039917,-0.000244909,10.104242676668436,288.15,101325.0,1.2250122659906946,340.29228686527705
142.225,-43.510608959255805,-0.5037867138650465,-0.41743841551384964,-9.603937790233001,15.0,0.000515884,0.001039917,0.000287723,9.626197430059243,288.15,101325.0,1.2250122659906946,340.29228686527705
142.26999999999998,-43.357519722338296,-0.7402538175828168,-0.6395140760435221,-9.854795899195205,15.0,0.002646413,0.002637813,-0.000777541,9.903229583459042,288.15,101325.0,1.2250122659906946,340.29228686527705
142.326,-43.117275913790664,-1.3003176086368797,-1.2187664089092372,-10.424455058018575,15.0,0.001048516,-0.001623245,-0.000244909,10.57570237381261,288.15,101325.0,1.2250122659906946,340.29228686527705
142.38,-43.545878658246224,-0.5015483520758971,-0.41520005372470026,-9.596902328818139,15.0,0.000517254,-0.001623085,0.000285389,9.618964400753235,288.15,101325.0,1.2250122659906946,340.29228686527705
142.422,-43.38169090808999,-1.2693522758437608,-1.173409706085658,-10.350315174183931,15.0,0.001049887,-0.00055782,0.000285389,10.493672843359846,288.15,101325.0,1.2250122659906946,340.29228686527705
142.47,-43.39788392867607,-0.6093888118502067,-0.5230404403413722,-9.690351710190379,15.0,0.001049887,-0.001623085,-0.00184514,9.723571478290799,288.15,101325.0,1.2250122659906946,340.29228686527705
142.521,-43.46365037688862,-0.9863822005270022,-0.9000339031779647,-10.0961282067206,15.0,0.001582519,-0.002688349,-0.000247243,10.184047114920746,288.15,101325.0,1.2250122659906946,340.29228686527705
142.57299999999998,-43.35585714748101,-1.0112942196122594,-0.915351576696519,-10.125836301224647,15.0,0.001049887,-0.001623085,-0.000247243,10.217296379511598,288.15,101325.0,1.2250122659906946,340.29228686527705
142.631,-43.52258529226191,-2.1082272957046424,-2.007487626320826,-11.213175178065603,15.0,0.000517254,0.000507444,-0.000779875,11.584900796906803,288.15,101325.0,1.2250122659906946,340.29228686527705
142.685,-43.68028408219876,-0.7663060721754209,-0.6799577738242242,-9.904835258377926,15.0,0.000517254,-0.002155717,-0.001312508,9.957676891024503,288.15,101325.0,1.2250122659906946,340.29228686527705
142.72299999999998,-43.7296504147956,-1.041036267865999,-0.925905154291925,-10.102810330761809,15.0,-0.001080642,-2.51883e-05,0.000285389,10.198423086198389,288.15,101325.0,1.2250122659906946,340.29228686527705
142.779,-43.453015044770986,-1.070658800036979,-0.9651219578698109,-10.11804207716127,15.0,-1.53778e-05,0.001040076,0.001350653,10.220202842158518,288.15,101325.0,1.2250122659906946,340.29228686527705
142.82399999999998,-43.64411488777749,-0.818185652770416,-0.7414316268282846,-9.908742750362014,15.0,-0.00054801,-0.00055782,-0.000779875,9.970071790740143,288.15,101325.0,1.2250122659906946,340.29228686527705
142.88199999999998,-43.66736563282791,-0.09459615901179297,-0.003450688879404029,-9.185153768706856,15.0,0.003180416,0.004768502,-0.001312508,9.185641517898643,288.15,101325.0,1.2250122659906946,340.29228686527705
142.929,-43.152428921816956,-1.1733289382527516,-1.0581978617585763,-10.292667971171259,15.0,0.001047952,0.000507219,0.000821316,10.41323664749565,288.15,101325.0,1.2250122659906946,340.29228686527705
142.97199999999998,-43.46353516593596,-0.14154603178629066,-0.045603388870550265,-9.24169696183897,15.0,0.001047952,-0.001090678,-0.000243948,9.242893360991166,288.15,101325.0,1.2250122659906946,340.29228686527705
143.02599999999998,-43.50434584822091,-0.29062558774248826,-0.1946830179843856,-9.376386097811837,15.0,-0.001082577,-0.000558046,-0.001309212,9.382908982025844,288.15,101325.0,1.2250122659906946,340.29228686527705
143.07299999999998,-43.93049083880414,-0.7139065289443117,-0.6371525030021802,-9.80926057884419,15.0,0.000515319,0.001572483,-0.00077658,9.85582157650076,288.15,101325.0,1.2250122659906946,340.29228686527705
143.129,-43.666391809994856,-0.4611194925442287,-0.3699740214096804,-9.556474274020484,15.0,0.001580584,-0.002688575,-0.001841845,9.574743469824016,288.15,101325.0,1.2250122659906946,340.29228686527705
143.171,-43.5256629276531,-1.2666912741668557,-1.170748704408753,-10.36684271532084,15.0,0.000515319,0.001039851,-0.001309212,10.509357125777294,288.15,101325.0,1.2250122659906946,340.29228686527705
143.26,-43.26994314905787,-0.3669163110871258,-0.24219092610614584,-9.438284499074566,15.0,0.001047952,-0.00162331,0.000288684,9.448518312915585,288.15,101325.0,1.2250122659906946,340.29228686527705
143.26899999999998,-43.80548200140717,-0.989518556754471,-0.9223587290616078,-10.084872606654349,15.0,-0.001082577,-2.54137e-05,-0.000243948,10.175192779091946,288.15,101325.0,1.2250122659906946,340.29228686527705
143.319,-43.75665895731436,-0.906624646314675,-0.8058849047753802,-10.006775576367355,15.0,0.001580584,0.001039851,-0.000243948,10.080028579564258,288.15,101325.0,1.2250122659906946,340.29228686527705
143.372,-43.611754602396175,-0.7761576424334096,-0.6802150726753069,-9.857121272349955,15.0,-0.001082577,-0.001090678,-0.001309212,9.911001614812523,288.15,101325.0,1.2250122659906946,340.29228686527705
143.42,-43.65417801554186,-0.4004523210144428,-0.32369829507231135,-9.51019781510458,15.0,-0.001083787,0.003170239,-0.001307153,9.524127525923753,288.15,101325.0,1.2250122659906946,340.29228686527705
143.477,-43.935522280545584,-0.46158251972931713,-0.36084277819002236,-9.561733449781997,15.0,0.00051411,0.00103971,0.00188864,9.579666617256128,288.15,101325.0,1.2250122659906946,340.29228686527705
143.53,-43.42909801077505,-0.9944576122443497,-0.9081093148953122,-10.104203618437948,15.0,0.00051411,0.003702871,-0.000241888,10.193553807833894,288.15,101325.0,1.2250122659906946,340.29228686527705
143.57399999999998,-43.56804203891975,0.32968123876192623,0.4160294629533261,-8.799252652828905,15.0,0.00051411,-2.55546e-05,0.000823376,8.815249144610341,288.15,101325.0,1.2250122659906946,340.29228686527705
143.648,-43.351095656337584,-1.2285911873535387,-1.1662285314418672,-10.347931464954042,15.0,0.003177271,0.002637607,-0.000774521,10.485666926646951,288.15,101325.0,1.2250122659906946,340.29228686527705
143.679,-43.40904955272153,-0.3183416302609378,-0.26077599981518357,-9.447276252425986,15.0,-1.85224e-05,0.001572342,0.000290744,9.456234668476073,288.15,101325.0,1.2250122659906946,340.29228686527705
143.72299999999998,-43.356365073521985,-0.8091915646903683,-0.7372346373717913,-9.923734889982594,15.0,-1.85224e-05,0.002104974,-0.000241888,9.9839280879604,288.15,101325.0,1.2250122659906946,340.29228686527705
143.909,-43.569078556233,-1.378870688356331,-1.2541453043775108,-10.459833221910474,15.0,0.002112007,-0.000558187,-0.000241888,10.624607091553196,288.15,101325.0,1.2250122659906946,340.29228686527705
143.92399999999998,-43.40570588831982,-1.1282143111705887,-1.0274746047068737,-10.247553930352355,15.0,0.001576875,-0.000558478,-0.000770264,10.360546952295891,288.15,101325.0,1.2250122659906946,340.29228686527705
143.969,-43.40877723806586,-0.3651162075532381,-0.2595793663882296,-9.460470037980203,15.0,-2.10219e-05,0.000506786,0.000827632,9.471070933743116,288.15,101325.0,1.2250122659906946,340.29228686527705
144.023,-43.385762014184806,-1.024319266865325,-0.9331737957307766,-10.138862444840115,15.0,0.001576875,-0.00109111,0.000827632,10.233111695320215,288.15,101325.0,1.2250122659906946,340.29228686527705
144.07,-43.36536779521112,-1.5868107886894314,-1.5100567627473,-10.701353236090005,15.0,-0.001086286,-0.000558478,-0.001302896,10.923241322491876,288.15,101325.0,1.2250122659906946,340.29228686527705
144.117,-43.56618396796325,-1.2864975631179765,-1.1761636223272538,-10.386648784799046,15.0,-0.000553654,-0.005352168,-0.001302896,10.531899630416252,288.15,101325.0,1.2250122659906946,340.29228686527705
144.177,-43.44931478216651,-0.7530366355482472,-0.6618912375713364,-9.843594171083511,15.0,-0.000553654,0.00370258,-0.000770264,9.894519209635243,288.15,101325.0,1.2250122659906946,340.29228686527705
144.221,-43.384021001465506,-1.0617767294455907,-0.9754283950166547,-10.171522881954465,15.0,-2.10219e-05,-0.00109111,0.001892897,10.273203400844364,288.15,101325.0,1.2250122659906946,340.29228686527705
144.271,-43.58047010494103,-0.5254198559619196,-0.42947735936145454,-9.601585435203464,15.0,0.002109507,0.000506786,0.001360265,9.625536852391892,288.15,101325.0,1.2250122659906946,340.29228686527705
144.32,-43.74654627295915,-1.0437612055541121,-0.9430215000925565,-10.153506553328972,15.0,-0.000553654,-0.000558478,-0.000770264,10.250484004784894,288.15,101325.0,1.2250122659906946,340.29228686527705
144.374,-43.754780998486794,0.4808137703271098,0.5815534387087671,-8.614540279572768,15.0,0.001576875,-2.58458e-05,0.000295,8.647525109081316,288.15,101325.0,1.2250122659906946,340.29228686527705
144.432,-43.33707211344621,-0.914271631044869,-0.7895463202236861,-10.014422341624638,15.0,0.00051161,-0.00109111,0.000295,10.087017936116844,288.15,101325.0,1.2250122659906946,340.29228686527705
144.474,-43.80305011383917,-0.7463593639511179,-0.6120397075632321,-9.808133280531651,15.0,-0.001087334,-0.0005586,0.000829417,9.855512333332253,288.15,101325.0,1.2250122659906946,340.29228686527705
144.51899999999998,-43.0173092565557,-0.25178327763793523,-0.12226083011113992,-9.308760460380944,15.0,0.001575827,-0.0005586,0.000296785,9.312967509780608,288.15,101325.0,1.2250122659906946,340.29228686527705
144.571,-43.52375957104783,-0.7451630446663948,-0.6396262035013863,-9.835720214413472,15.0,0.001043194,0.001571929,0.000829417,9.884623502165567,288.15,101325.0,1.2250122659906946,340.29228686527705
144.625,-43.86522414282039,-0.34393497786450705,-0.26718095092021604,-9.444086199545577,15.0,-2.20701e-05,-2.59679e-05,0.000296785,9.454122966937785,288.15,101325.0,1.2250122659906946,340.29228686527705
144.684,-43.53719496042425,-0.889720009093062,-0.8225602545578364,-9.989871085461019,15.0,0.001043194,-2.59679e-05,-0.000768479,10.063087566502087,288.15,101325.0,1.2250122659906946,340.29228686527705
144.72299999999998,-43.601048672092666,-0.9776458042131735,-0.867311827344712,-10.077796880581127,15.0,-2.20701e-05,-0.001091232,0.000296785,10.162185350139918,288.15,101325.0,1.2250122659906946,340.29228686527705
144.774,-43.625983408444824,-0.9122755409674262,-0.8067386988002582,-10.002832271768678,15.0,-0.000554702,-0.0005586,0.000296785,10.076692287051655,288.15,101325.0,1.2250122659906946,340.29228686527705
144.82899999999998,-43.65820346447098,-0.8585718967436229,-0.7578321912820672,-9.949128847017787,15.0,0.001043194,0.001039297,0.000296785,10.014820025671096,288.15,101325.0,1.2250122659906946,340.29228686527705
144.875,-43.62480707156536,-0.5104546976115123,-0.40971495607221753,-9.6249967792239,15.0,0.001575827,-0.0005586,-0.000235847,9.647227236030743,288.15,101325.0,1.2250122659906946,340.29228686527705
144.91899999999998,-43.480669639189365,-0.1840597163375396,-0.08332004795588244,-9.265022614677711,15.0,-2.20701e-05,-0.0005586,-0.001301111,9.267225272974594,288.15,101325.0,1.2250122659906946,340.29228686527705
144.997,-43.41299424274034,-0.47585821905840536,-0.3895099217093679,-9.566415828753469,15.0,-2.20701e-05,0.000506664,-0.000235847,9.586160380067735,288.15,101325.0,1.2250122659906946,340.29228686527705
145.027,-43.574337325827784,-0.3087535383882146,-0.19841959759749217,-9.38971694883185,15.0,0.001575827,0.005832986,-0.001301111,9.396886902765091,288.15,101325.0,1.2250122659906946,340.29228686527705
145.069,-43.659790562789794,-1.2403902470388326,-1.1060706267286862,-10.359730670954614,15.0,-2.20701e-05,0.000506664,-0.001833744,10.492186605802376,288.15,101325.0,1.2250122659906946,340.29228686527705
145.11999999999998,-43.60932256123909,0.013970748617396,0.013970748617396,-9.153340813862158,15.0,-2.20701e-05,-2.59679e-05,0.000296785,9.153362137397854,288.15,101325.0,1.2250122659906946,340.29228686527705
145.17,-43.281477599867145,-0.6925621510906959,-0.5438511978299874,-9.74953911536295,15.0,0.000510562,-0.002156497,-0.000235847,9.789225169567644,288.15,101325.0,1.2250122659906946,340.29228686527705
145.225,-43.85537365785127,0.22146711190834567,0.3030182735539301,-8.89307621338388,15.0,0.001043194,-0.002689129,0.000296785,8.900992770068898,288.15,101325.0,1.2250122659906946,340.29228686527705
145.26999999999998,-43.96050633430576,-0.3590683225300801,-0.28231429658794865,-9.483204968179923,15.0,-2.20701e-05,0.000506664,-0.000768479,9.49419864395173,288.15,101325.0,1.2250122659906946,340.29228686527705
145.328,-43.35266822753551,-0.7357482325776162,-0.6398056267417744,-9.85508851017812,15.0,-2.20701e-05,-0.0005586,-0.000235847,9.903203837405162,288.15,101325.0,1.2250122659906946,340.29228686527705
145.369,-43.47685843880759,-0.8274176898842223,-0.7554607625656453,-9.951554773477731,15.0,-2.20701e-05,-0.001091232,-0.000768479,10.014428760884819,288.15,101325.0,1.2250122659906946,340.29228686527705
145.41899999999998,-43.61295635782083,-0.3570336907926621,-0.2610910478769217,-9.447591300487725,15.0,0.000510562,-2.59679e-05,-0.001301111,9.457939679057688,288.15,101325.0,1.2250122659906946,340.29228686527705
145.469,-43.55362206128949,-0.42866413866300407,-0.33272153282716227,-9.519220943624054,15.0,-0.000554702,-0.0005586,-0.000235847,9.534674820659243,288.15,101325.0,1.2250122659906946,340.29228686527705
145.539,-43.334687062637016,-0.6774415280844673,-0.5862960579520784,-9.796781439896785,15.0,-2.20701e-05,0.002104561,0.00136205,9.837662154833824,288.15,101325.0,1.2250122659906946,340.29228686527705
145.572,-43.53317618438671,-2.079146780836686,-1.9880013097021378,-11.164906486172022,15.0,0.000510562,-0.001091232,-0.000768479,11.529533268463519,288.15,101325.0,1.2250122659906946,340.29228686527705
145.631,-43.55798547434505,-1.1046716600972573,-1.0087290542614156,-10.200025709997135,15.0,0.001043194,-0.001091232,0.000296785,10.309139550230936,288.15,101325.0,1.2250122659906946,340.29228686527705
145.67,-43.33897036961133,-0.29587203544170293,-0.19033519427669443,-9.415212678830395,15.0,0.001575827,0.000506664,0.000296785,9.421783139891588,288.15,101325.0,1.2250122659906946,340.29228686527705
145.744,-43.30465409332921,-1.0223108406869308,-0.9743395558078795,-10.16083893052703,15.0,-2.20701e-05,-0.0005586,-0.000235847,10.25851377135653,288.15,101325.0,1.2250122659906946,340.29228686527705
145.774,-43.759038240049314,-1.01980081963488,-0.9478438923163031,-10.139140292501372,15.0,-2.20701e-05,-0.0005586,-0.000235847,10.234283933278093,288.15,101325.0,1.2250122659906946,340.29228686527705
145.82399999999998,-43.69743873332248,-0.8853263786891468,-0.7606010307880654,-9.951897686523786,15.0,-2.20701e-05,-2.59679e-05,0.000296785,10.020108995808188,288.15,101325.0,1.2250122659906946,340.29228686527705
145.873,-43.18619281621705,-1.6392723558713773,-1.5529239843625429,-10.734626405771255,15.0,0.001575827,0.000506664,-0.000235847,10.969548342088386,288.15,101325.0,1.2250122659906946,340.29228686527705
145.921,-42.971819474181146,-0.9278483537186818,-0.8223115115515137,-10.013608423840045,15.0,0.001575827,-2.59679e-05,-0.000235847,10.090067019377468,288.15,101325.0,1.2250122659906946,340.29228686527705
145.98399999999998,-43.33226375093925,-1.2865842837309582,-1.19543881259641,-10.401127461705748,15.0,0.001041259,0.000506439,-0.000232552,10.548356533055511,288.15,101325.0,1.2250122659906946,340.29228686527705
146.01899999999998,-43.713965577977746,-1.1189811305537625,-1.013444289388754,-10.185552657861315,15.0,-0.000556637,-0.000558826,0.000300081,10.296828203106807,288.15,101325.0,1.2250122659906946,340.29228686527705
146.07999999999998,-42.97690557410937,-1.2780637451121812,-1.1917154467609843,-10.378215186266164,15.0,0.001573891,0.001571703,-0.000232552,10.524304399582167,288.15,101325.0,1.2250122659906946,340.29228686527705
146.117,-43.65910715886593,-0.8119220408428202,-0.7063851636000724,-9.902479650537883,15.0,-2.40052e-05,-2.61933e-05,-0.001297816,9.960788153006645,288.15,101325.0,1.2250122659906946,340.29228686527705
146.183,-43.4252175566581,-0.760242534259538,-0.6690970641271492,-9.855596584159416,15.0,-2.40052e-05,0.000506439,-0.000232552,9.907494316012283,288.15,101325.0,1.2250122659906946,340.29228686527705
146.32,-43.723829376188746,-1.1523087677989572,-1.0515690623374017,-10.257256869632828,15.0,0.000508627,0.001571703,-0.001297816,10.3752075390732,288.15,101325.0,1.2250122659906946,340.29228686527705
146.372,-43.61148475866996,-0.6633188498945757,-0.567376280136473,-9.768266951728448,15.0,0.000508627,-2.61933e-05,0.000300081,9.807188535972843,288.15,101325.0,1.2250122659906946,340.29228686527705
146.421,-43.727432615700025,-0.25369600722929114,-0.15295626568999637,-9.358644183222959,15.0,0.001041259,-0.000558826,-0.000232552,9.3633315775674,288.15,101325.0,1.2250122659906946,340.29228686527705
146.482,-43.7018780879164,-0.09017365633601737,0.02975459193935015,-9.21431000935531,15.0,-2.40052e-05,-0.001091458,-0.001830448,9.214799269248568,288.15,101325.0,1.2250122659906946,340.29228686527705
146.523,-43.736703467133665,-0.6969148666146653,-0.6249579392960882,-9.782674571950002,15.0,0.002106524,0.004234864,0.000300081,9.827358980818545,288.15,101325.0,1.2250122659906946,340.29228686527705
146.569,-43.54553423135893,-1.5905096212476402,-1.504161285816545,-10.70985004516342,15.0,-0.000556637,-0.002689354,-0.002895713,10.931290409595636,288.15,101325.0,1.2250122659906946,340.29228686527705
146.622,-43.50334901628924,-0.4819127787245108,-0.33320178838390363,-9.529296494794625,15.0,-0.000556637,0.006898026,-0.001830448,9.547290455610185,288.15,101325.0,1.2250122659906946,340.29228686527705
146.683,-43.866636110569154,-0.8284523515322333,-0.7852781662788958,-9.971778271572262,15.0,-0.000556637,0.001571703,-0.000765184,10.036899770078126,288.15,101325.0,1.2250122659906946,340.29228686527705
146.73999999999998,-43.75128488902714,-1.135947797209624,-1.0687879324368623,-10.264882419374672,15.0,-0.00108927,-0.002689354,0.000832713,10.38270177391681,288.15,101325.0,1.2250122659906946,340.29228686527705
146.774,-43.58553941239268,-0.8899547938317782,-0.832389237545821,-10.014091512639258,15.0,0.000508627,-0.00162409,-0.000765184,10.087959169294843,288.15,101325.0,1.2250122659906946,340.29228686527705
146.839,-43.85538981702253,-0.2692779152432993,-0.16853817370400453,-9.374226091236967,15.0,-0.000556637,-2.61933e-05,0.000832713,9.379607162416834,288.15,101325.0,1.2250122659906946,340.29228686527705
146.872,-43.92810687653364,-0.0687623878264696,0.007991639117821414,-9.192899837208165,15.0,-0.000556637,-2.61933e-05,0.000832713,9.193160476637905,288.15,101325.0,1.2250122659906946,340.29228686527705
146.923,-43.319546939384956,-0.24445141286047856,-0.1581030784315427,-9.368588131667957,15.0,-0.000559379,-0.000559145,-0.000227883,9.37311029794746,288.15,101325.0,1.2250122659906946,340.29228686527705
146.97,-43.677221983013844,-1.1034285567535793,-1.0266745298092883,-10.222768175935345,15.0,0.001038518,-0.000559145,-0.000227883,10.33327655436236,288.15,101325.0,1.2250122659906946,340.29228686527705
147.02499999999998,-43.63693563496718,0.03474798131608725,0.11629918104372972,-9.089389468065608,15.0,-2.67466e-05,0.001038752,-0.001293148,9.090199878104935,288.15,101325.0,1.2250122659906946,340.29228686527705
147.07999999999998,-43.60168982982957,-1.0814139204100912,-1.0046598203081627,-10.191160072918965,15.0,0.000505886,0.00050612,-0.000227883,10.297501689907898,288.15,101325.0,1.2250122659906946,340.29228686527705
147.122,-43.55193248850702,-0.4333120976622185,-0.3277753296548474,-9.543057445437078,15.0,0.00157115,-0.000559145,-0.001293148,9.558511466103017,288.15,101325.0,1.2250122659906946,340.29228686527705
147.17499999999998,-43.40556092295518,-0.47622035852512823,-0.39466915879748576,-9.600357807906823,15.0,0.000505886,0.001038752,-0.000227883,9.620260891192984,288.15,101325.0,1.2250122659906946,340.29228686527705
147.22199999999998,-43.6256016251838,-0.5900285160150845,-0.522868761479859,-9.714165234822564,15.0,0.000505886,-2.65127e-05,-0.000227883,9.746103406022213,288.15,101325.0,1.2250122659906946,340.29228686527705
147.29899999999998,-43.34242822014639,-0.7421818222290799,-0.6558334878001442,-9.86152129509557,15.0,-0.000559379,0.001571384,0.000304749,9.911132814900162,288.15,101325.0,1.2250122659906946,340.29228686527705
147.321,-43.606630556010806,-1.266837129893273,-1.1565031891025506,-10.376582842454162,15.0,0.000505886,-2.65127e-05,0.000837381,10.517406877476724,288.15,101325.0,1.2250122659906946,340.29228686527705
147.37099999999998,-43.377050588135404,-0.841326733172473,-0.7549783616636385,-9.955869180573046,15.0,0.001038518,-0.000559145,-0.000227883,10.01983802958986,288.15,101325.0,1.2250122659906946,340.29228686527705
147.422,-43.575544944030895,-0.7800876037103648,-0.6985364049848818,-9.90902178692959,15.0,0.001038518,-0.000559145,-0.000760516,9.964196031411518,288.15,101325.0,1.2250122659906946,340.29228686527705
147.469,-43.618015917647284,-0.5035941704006026,-0.43643434170558004,-9.627731253994112,15.0,0.001038518,0.001038752,0.001370013,9.650766348959884,288.15,101325.0,1.2250122659906946,340.29228686527705
147.521,-43.357486074388035,-1.105521074318318,-1.014375640263668,-10.220063447559095,15.0,0.001038518,-0.000559145,-0.000227883,10.329609462968858,288.15,101325.0,1.2250122659906946,340.29228686527705
147.57,-43.63161913434423,0.15514218887520304,0.26067906712011013,-8.97379199434402,15.0,-2.67466e-05,0.00050612,0.000304749,8.97891783193033,288.15,101325.0,1.2250122659906946,340.29228686527705
147.623,-43.589360527542986,-0.4696296913605883,-0.40726710960871415,-9.59376633701043,15.0,0.000505886,-2.65127e-05,-0.000227883,9.613884286527012,288.15,101325.0,1.2250122659906946,340.29228686527705
147.679,-43.52878920787495,-0.3680592460531994,-0.3008994915179738,-9.48739871891969,15.0,0.000505886,0.001571384,0.000304749,9.499302214602924,288.15,101325.0,1.2250122659906946,340.29228686527705
147.72299999999998,-43.83338981504481,-0.3950598650589489,-0.30871153063001305,-9.490414866008114,15.0,0.00157115,-0.001091777,-0.000760516,9.503649269363434,288.15,101325.0,1.2250122659906946,340.29228686527705
147.774,-43.547277015821834,-0.998969459505387,-0.9174182597777445,-10.118309078687153,15.0,-2.67466e-05,-0.001091777,0.001370013,10.208808689374141,288.15,101325.0,1.2250122659906946,340.29228686527705
147.833,-43.09058052941953,-0.32640950006391434,-0.23046693030581167,-9.426560576431868,15.0,0.000505886,-0.001091777,-0.000760516,9.435025303031045,288.15,101325.0,1.2250122659906946,340.29228686527705
147.875,-43.49423951295164,-0.2148690019431645,-0.128520704594127,-9.300628780436137,15.0,0.000505886,0.00050612,-0.000227883,9.303998171269296,288.15,101325.0,1.2250122659906946,340.29228686527705
147.92499999999998,-43.2587141875093,-0.38799121748794785,-0.3016428459791134,-9.483345267387826,15.0,0.00157115,0.00050612,0.001370013,9.496070927065848,288.15,101325.0,1.2250122659906946,340.29228686527705
147.976,-43.64792646719525,-0.4478597864530819,-0.38549720470120774,-9.562403111745308,15.0,0.000504434,-0.000559314,-0.000758044,9.580644015653153,288.15,101325.0,1.2250122659906946,340.29228686527705
148.03,-43.560770701623596,-0.05980122598972604,0.01215570132885102,-9.169546720079861,15.0,0.002634963,0.001571215,0.000839853,9.169749778452628,288.15,101325.0,1.2250122659906946,340.29228686527705
148.069,-44.08468856198011,-0.9069577073874189,-0.8397978786923963,-10.0262981313032,15.0,-0.00056083,-2.66817e-05,0.001372485,10.102202085576181,288.15,101325.0,1.2250122659906946,340.29228686527705
148.123,-43.58586489032384,-0.3479646894643604,-0.2664134897367179,-9.467304308646126,15.0,-0.001093462,-2.66817e-05,0.00030722,9.477441977935673,288.15,101325.0,1.2250122659906946,340.29228686527705
148.17399999999998,-43.49062943083535,-0.9932275622841583,-0.9020820921517695,-10.098176103063855,15.0,-0.001093462,-2.66817e-05,-0.000225412,10.18692366222265,288.15,101325.0,1.2250122659906946,340.29228686527705
148.224,-43.85626217859317,-1.417141794468309,-1.335590595742826,-10.526886995927894,15.0,-2.81979e-05,0.00050595,0.000839853,10.705486580725854,288.15,101325.0,1.2250122659906946,340.29228686527705
148.26999999999998,-43.491505233755554,-1.2332646565854644,-1.1709020748335903,-10.362198548176295,15.0,0.001037067,-2.66817e-05,-0.000225412,10.500814831900398,288.15,101325.0,1.2250122659906946,340.29228686527705
148.322,-43.65381917088842,-0.6759034842568794,-0.5799609144987767,-9.780851586090751,15.0,0.001037067,-0.001091946,0.001372485,9.821316507042772,288.15,101325.0,1.2250122659906946,340.29228686527705
148.411,-43.92966078110045,-0.47211858907221227,-0.36178464928364906,-9.59145850088453,15.0,-0.001093462,-0.001091946,0.001372485,9.60988346801328,288.15,101325.0,1.2250122659906946,340.29228686527705
148.432,-43.57906706657956,-1.6094536491631133,-1.5183082151084633,-10.738387173963599,15.0,0.001037067,0.001571215,0.001905117,10.963966434772418,288.15,101325.0,1.2250122659906946,340.29228686527705
148.48399999999998,-43.39923370349852,-0.3639818112337443,-0.29202488391516723,-9.51210358621749,15.0,0.000503306,-2.68132e-05,-0.00022349,9.523543244332243,288.15,101325.0,1.2250122659906946,340.29228686527705
148.53699999999998,-43.85790715336676,-1.1128616563857319,-1.0552960259399775,-10.251389598908398,15.0,0.00156857,0.001571083,-0.000756122,10.365476326596168,288.15,101325.0,1.2250122659906946,340.29228686527705
148.58599999999998,-43.64361933813761,-1.4198563221073828,-1.3383051233818997,-10.524804862887079,15.0,-2.93267e-05,-2.68132e-05,0.000841775,10.704137984001797,288.15,101325.0,1.2250122659906946,340.29228686527705
148.661,-43.335759455766535,-1.315180737019553,-1.2432238097009758,-10.439317090038847,15.0,0.000503306,0.001038451,0.000309143,10.59502935901604,288.15,101325.0,1.2250122659906946,340.29228686527705
148.715,-43.951299461958996,-1.4818011801437319,-1.4050471542016005,-10.601141165113686,15.0,-0.002159856,0.001038451,-0.00022349,10.796021778677243,288.15,101325.0,1.2250122659906946,340.29228686527705
148.72299999999998,-43.74612938283259,-0.43042289636887276,-0.35366887042674133,-9.549762881338827,15.0,-0.002159856,0.001038451,-0.00022349,9.565997942160783,288.15,101325.0,1.2250122659906946,340.29228686527705
148.77499999999998,-43.520844652799155,-0.5891626876942228,-0.53639423003182,-9.746878954559948,15.0,-2.93267e-05,-0.00162471,-0.000756122,9.779390614830053,288.15,101325.0,1.2250122659906946,340.29228686527705
148.82,-43.800525280385514,0.008855352884771794,0.10959505834632743,-9.09129608826921,15.0,0.00156857,-0.000559445,0.000309143,9.091960957827949,288.15,101325.0,1.2250122659906946,340.29228686527705
148.86999999999998,-43.49374041158077,-0.8688138473986338,-0.7728712415627921,-10.007341350975475,15.0,-0.000561959,0.000505819,0.000309143,10.074673611209946,288.15,101325.0,1.2250122659906946,340.29228686527705
148.982,-43.49892445920746,-0.3243521663565892,-0.23800383192765334,-9.46288062098272,15.0,-2.93267e-05,-0.001092078,-0.00022349,9.47142860390146,288.15,101325.0,1.2250122659906946,340.29228686527705
149.02599999999998,-43.63605608976579,-0.37286878112462823,-0.29131765555678285,-9.482614128899488,15.0,0.000503306,0.001571083,0.000309143,9.49441245269978,288.15,101325.0,1.2250122659906946,340.29228686527705
149.078,-43.494356423938605,-1.08785113029023,-1.0110970301883015,-10.207190603156722,15.0,0.000503306,0.001571083,0.000309143,10.314672912666703,288.15,101325.0,1.2250122659906946,340.29228686527705
149.122,-43.46031159213164,-0.46890726375738123,-0.3777618297027314,-9.569058485438452,15.0,0.00156857,-2.68132e-05,0.000841775,9.587985102185257,288.15,101325.0,1.2250122659906946,340.29228686527705
149.17499999999998,-43.86343689481334,-0.2970491721097117,-0.22509224479113465,-9.449968778295549,15.0,-2.93267e-05,0.000505819,0.001374407,9.457315403436477,288.15,101325.0,1.2250122659906946,340.29228686527705
149.22299999999998,-43.619186116467745,-0.398824818318429,-0.317273619592946,-9.518165095918933,15.0,0.001035938,-2.68132e-05,0.000841775,9.531798916183964,288.15,101325.0,1.2250122659906946,340.29228686527705
149.277,-43.51507320465142,-0.5819373160702777,-0.5051832891259866,-9.696479689311055,15.0,0.001035938,0.000505819,-0.00022349,9.727054002146232,288.15,101325.0,1.2250122659906946,340.29228686527705
149.322,-43.50099317663813,-0.053857949238486524,0.04208454736197875,-9.168400322479263,15.0,0.000503306,-2.68132e-05,0.000309143,9.168655095544858,288.15,101325.0,1.2250122659906946,340.29228686527705
149.37099999999998,-43.657837317512474,0.22613987478218323,0.3316767530270903,-8.897996478237111,15.0,0.001035938,-0.00162471,0.000841775,8.907047212077925,288.15,101325.0,1.2250122659906946,340.29228686527705
149.422,-43.753463152337645,-0.7249460918466094,-0.6242063493051553,-9.825097168214564,15.0,-2.93267e-05,-0.00162471,0.000309143,9.87156090835965,288.15,101325.0,1.2250122659906946,340.29228686527705
149.477,-43.65012746329733,-0.5550360436117387,-0.47828194350981024,-9.683970592619149,15.0,-0.001631013,-0.001092519,0.000315596,9.711647906813146,288.15,101325.0,1.2250122659906946,340.29228686527705
149.54399999999998,-43.31972687579972,-1.3840875375802038,-1.288144931744362,-10.498629984980777,15.0,-0.001098381,0.00103801,-0.001282301,10.667532387501854,288.15,101325.0,1.2250122659906946,340.29228686527705
149.571,-43.51569958648577,-0.30125646576137693,-0.20531389600327427,-9.430191380556975,15.0,-3.31163e-05,-0.000559887,-0.000217036,9.437235756723796,288.15,101325.0,1.2250122659906946,340.29228686527705
149.62699999999998,-43.389050939048666,-0.6613139075705329,-0.5845598806262419,-9.780653526752298,15.0,-0.000565748,0.001570642,0.000848228,9.820398655286665,288.15,101325.0,1.2250122659906946,340.29228686527705
149.66899999999998,-43.34082587482382,-0.49759555032532254,-0.3824644006735095,-9.592949819698113,15.0,0.000499516,-0.000559887,0.000315596,9.613457577413662,288.15,101325.0,1.2250122659906946,340.29228686527705
149.721,-43.76545858551042,-0.6330830406799892,-0.5611261133614122,-9.75721975948747,15.0,-0.001631013,-0.001092519,-0.001814933,9.7938242830074,288.15,101325.0,1.2250122659906946,340.29228686527705
149.77499999999998,-43.499010829428904,-0.7763041448768122,-0.6563758966014448,-9.857267043216984,15.0,0.001032148,0.002103274,0.000848228,9.909550494562504,288.15,101325.0,1.2250122659906946,340.29228686527705
149.82299999999998,-43.61645575165024,0.253735194679256,0.3640691715477177,-8.860807252721317,15.0,0.001032148,0.000505378,-0.000217036,8.871912594281408,288.15,101325.0,1.2250122659906946,340.29228686527705
149.87599999999998,-43.56964678208505,-0.922435375109494,-0.7641301855174593,-10.036977967823184,15.0,-0.004294174,-0.001092519,-0.001814933,10.108200071636906,288.15,101325.0,1.2250122659906946,340.29228686527705
149.92499999999998,-43.5238789468812,-0.4053385131460828,-0.5156724539368053,-9.61582411556586,15.0,0.000499516,0.01541908,-0.000217036,9.638168436559233,288.15,101325.0,1.2250122659906946,340.29228686527705
149.971,-43.75776712168091,-0.6864005610144744,-0.5664723127391069,-9.776957365975525,15.0,0.000499516,-0.006951474,0.000315596,9.817379077297772,288.15,101325.0,1.2250122659906946,340.29228686527705
150.02599999999998,-43.72304009995278,-0.993296744091778,-0.9117455082863966,-10.151013668374082,15.0,-3.31163e-05,0.000505378,0.000848228,10.240165857505492,288.15,101325.0,1.2250122659906946,340.29228686527705
150.087,-43.4340231378154,-0.5389657617701271,-0.4957915765167896,-9.701479128261566,15.0,0.000499516,0.0058317,0.000315596,9.729079640736849,288.15,101325.0,1.2250122659906946,340.29228686527705
150.123,-43.43556070226217,-0.9679394750049877,-0.9007797204697621,-10.092076193812469,15.0,0.001032148,0.003168539,-0.000217036,10.178325639995947,288.15,101325.0,1.2250122659906946,340.29228686527705
150.173,-43.5436616433897,-0.15347573370125867,-0.07672163359933015,-9.258424055008042,15.0,-3.31163e-05,0.000505378,-0.000749669,9.260013876460922,288.15,101325.0,1.2250122659906946,340.29228686527705
150.22,-43.686815444115226,-1.0596468441388511,-0.9493128662682302,-10.18378392773236,15.0,-0.001098381,-0.001092519,0.000848228,10.282679681828846,288.15,101325.0,1.2250122659906946,340.29228686527705
150.274,-43.57895610799609,-0.4399738217791871,-0.3488283506446388,-9.559313075172767,15.0,-0.000565748,0.000505378,-0.000749669,9.575788461073765,288.15,101325.0,1.2250122659906946,340.29228686527705
150.32399999999998,-43.47544931048225,-0.45797946171726256,-0.3620368919591599,-9.567724809492123,15.0,0.001032148,0.000505378,-0.000749669,9.585518970231364,288.15,101325.0,1.2250122659906946,340.29228686527705
150.37099999999998,-43.38687618365227,-0.5717646323275504,-0.4950106053832594,-9.691104251509316,15.0,-3.31163e-05,0.000505378,-0.000749669,9.72056849715306,288.15,101325.0,1.2250122659906946,340.29228686527705
150.44799999999998,-43.15523104432069,-0.745481308508365,-0.6495387016703639,-9.888807594336583,15.0,-3.31163e-05,-0.000559887,-0.001282301,9.938116448508332,288.15,101325.0,1.2250122659906946,340.29228686527705
150.471,-43.81132621284669,-0.5331865376407233,-0.47562098135476616,-9.67651165294674,15.0,0.001032148,0.001570642,0.000315596,9.702854269308604,288.15,101325.0,1.2250122659906946,340.29228686527705
150.521,-44.006226936471165,-1.285005645192744,-1.2034544464672612,-10.413939828411968,15.0,0.000499516,-0.000559887,-0.001814933,10.561708425377217,288.15,101325.0,1.2250122659906946,340.29228686527705
150.57,-43.797399872443464,-0.06812792264060641,0.018220448868228045,-9.1922642756599,15.0,0.00156478,0.00103801,0.000848228,9.19253479254626,288.15,101325.0,1.2250122659906946,340.29228686527705
150.741,-43.4496757342271,-0.6863504769280899,-0.6095964509859585,-9.810487122577932,15.0,-0.001631013,-0.001092519,0.000848228,9.85334168658032,288.15,101325.0,1.2250122659906946,340.29228686527705
150.76999999999998,-43.725942287021766,0.014901851462086335,0.09165587840637734,-9.090046250371785,15.0,-3.31163e-05,0.000505378,0.000315596,9.090520540602808,288.15,101325.0,1.2250122659906946,340.29228686527705
150.819,-43.696358596299746,-0.4137945898593848,-0.3562291067310651,-9.542728334132782,15.0,-3.31163e-05,0.000505378,0.000315596,9.55833611033531,288.15,101325.0,1.2250122659906946,340.29228686527705
150.874,-43.69912768328367,-0.981194047689671,-0.9140342931544454,-10.114925769480433,15.0,0.002097413,-0.001092519,0.00138086,10.203427060080516,288.15,101325.0,1.2250122659906946,340.29228686527705
150.921,-43.65378392299958,-0.7854637358925569,-0.6943183018379071,-9.919195090892973,15.0,0.000499516,0.00103801,0.000848228,9.974440457282034,288.15,101325.0,1.2250122659906946,340.29228686527705
150.976,-44.023637377727724,-0.20961949306319583,-0.1472567639938871,-9.348147582903295,17.0,0.000499516,-2.72547e-05,0.000315596,9.351656971796748,288.15,101325.0,1.2250122659906946,340.29228686527705
151.021,-43.80413171185631,-0.013701961103187332,0.0630520648389441,-9.152229758312739,17.0,-3.31163e-05,-0.000559887,-0.000217036,9.152457203153904,288.15,101325.0,1.2250122659906946,340.29228686527705
151.075,-43.566544604880086,-1.344878243885368,-1.2633270451598848,-10.464218521485872,17.0,0.001032148,-0.000559887,-0.000749669,10.625655837609111,288.15,101325.0,1.2250122659906946,340.29228686527705
151.123,-43.653104944453084,0.48750249838800164,0.5402709560504044,-8.660619862859004,17.0,-3.31163e-05,-2.72547e-05,-0.000217036,8.691138464023805,288.15,101325.0,1.2250122659906946,340.29228686527705
151.173,-43.400206268358524,-0.2187532273640173,-0.1419992004197263,-9.342890676745712,17.0,0.00156478,0.000505378,-0.000217036,9.346529994871036,288.15,101325.0,1.2250122659906946,340.29228686527705
151.227,-43.5454085779576,-0.6393927240544326,-0.5626386239525041,-9.749138876563308,17.0,-3.31163e-05,-2.72547e-05,0.000848228,9.78627069476698,288.15,101325.0,1.2250122659906946,340.29228686527705
151.417,-43.54990942561292,-0.9627305496443247,-0.8811793509188418,-10.096461174070525,17.0,-0.000565748,0.000505378,0.000315596,10.18046439997792,288.15,101325.0,1.2250122659906946,340.29228686527705
151.475,-43.525567706503836,-0.21649560147863334,-0.15413294556696222,-9.36461832751167,17.0,0.001032148,0.00103801,-0.000217036,9.368388534339095,288.15,101325.0,1.2250122659906946,340.29228686527705
151.52499999999998,-43.759682787331315,-0.32420733914223276,-0.24745327612020285,-9.448344422735742,17.0,0.000495646,-2.77056e-05,0.000322187,9.457143112656057,288.15,101325.0,1.2250122659906946,340.29228686527705
151.57,-43.67474510123762,-0.011245566057329404,0.0559141884778962,-9.149773363266881,17.0,-3.69865e-05,-0.000560338,-0.000743078,9.149951117813538,288.15,101325.0,1.2250122659906946,340.29228686527705
151.62099999999998,-43.38862132899773,-1.007977816327663,-0.9072380747883682,-10.122519897940052,17.0,-3.69865e-05,0.001037559,0.000854819,10.212957910749788,288.15,101325.0,1.2250122659906946,340.29228686527705
151.673,-43.57872666432995,-0.7778443142191784,-0.7154815851498697,-9.901981837760673,17.0,-0.000569619,-0.000560338,0.000322187,9.95822273255594,288.15,101325.0,1.2250122659906946,340.29228686527705
151.721,-43.63083230972812,-0.44692471483578744,-0.3701706147338589,-9.556670867344662,17.0,0.003158807,-2.77056e-05,0.000322187,9.574274178834532,288.15,101325.0,1.2250122659906946,340.29228686527705
151.78199999999998,-43.623829972295994,0.11244715862188703,0.1987955301307215,-9.006893118978617,17.0,0.001028278,-2.77056e-05,-0.000210446,9.009788437193542,288.15,101325.0,1.2250122659906946,340.29228686527705
151.821,-43.5265474773064,-0.6847011444335356,-0.6127442171149585,-9.828026771843017,17.0,0.002093542,0.001570191,0.000854819,9.87088554086509,288.15,101325.0,1.2250122659906946,340.29228686527705
151.88299999999998,-43.568061068213865,-1.080321729043048,-0.9843791232072062,-10.194864176443621,17.0,-3.69865e-05,-0.000560338,0.000322187,10.299094759860317,288.15,101325.0,1.2250122659906946,340.29228686527705
151.929,-43.63152049020351,-0.7956575079474404,-0.7284976792524178,-9.924591252220837,17.0,-3.69865e-05,0.000504927,0.000322187,9.983050198325543,288.15,101325.0,1.2250122659906946,340.29228686527705
151.998,-43.77298948530408,-0.575011805860574,-0.4646778289921123,-9.675163686962543,17.0,0.002626175,-0.001625602,-0.000210446,9.703368303385918,288.15,101325.0,1.2250122659906946,340.29228686527705
152.02499999999998,-43.724236937885934,-0.6371143057627795,-0.5411718091623143,-9.766047830563265,17.0,0.001028278,0.001037559,0.001387451,9.801758607234166,288.15,101325.0,1.2250122659906946,340.29228686527705
152.081,-43.51148781500445,0.00491455056260881,0.062480106848566086,-9.15280310629823,17.0,0.000495646,0.000504927,-0.00127571,9.153017678297227,288.15,101325.0,1.2250122659906946,340.29228686527705
152.11999999999998,-43.622693888156654,-1.9528390761042809,-1.8568964702684392,-11.081773259323505,17.0,0.000495646,-0.00109297,0.000322187,11.404707077760161,288.15,101325.0,1.2250122659906946,340.29228686527705
152.17,-43.860880831684064,-0.30921746942068673,-0.27563755557425507,-9.447746363994801,17.0,-0.000569619,-0.001625602,-0.000210446,9.456823085149413,288.15,101325.0,1.2250122659906946,340.29228686527705
152.22199999999998,-43.918694907039864,-1.1108558960655615,-1.0005219181949405,-10.244586300016689,17.0,-3.69865e-05,-0.00109297,0.000322187,10.353095835985568,288.15,101325.0,1.2250122659906946,340.29228686527705
152.26899999999998,-43.24796256070726,0.29628383043747397,0.37783502916295697,-8.82305644716303,17.0,0.001028278,-0.003223499,-0.000210446,8.836111615822107,288.15,101325.0,1.2250122659906946,340.29228686527705
152.322,-43.6720238594586,-0.29357192522754333,-0.19762931939170153,-9.412912202828046,17.0,0.001028278,-0.000560338,0.000854819,9.419562514326987,288.15,101325.0,1.2250122659906946,340.29228686527705
152.374,-43.64200725341165,-1.4034698368172753,-1.3075273402168102,-10.518012210058053,17.0,0.000495646,-0.00109297,-0.000743078,10.69148895987835,288.15,101325.0,1.2250122659906946,340.29228686527705
152.42499999999998,-43.42821839415456,-0.2006033001929371,-0.1478348425305343,-9.353522394275311,17.0,0.001028278,0.000504927,-0.000210446,9.356841240767318,288.15,101325.0,1.2250122659906946,340.29228686527705
152.483,-43.598412823741846,-0.8762042548045555,-0.7946530550769131,-10.000341704186251,17.0,0.003158807,-0.00109297,0.000854819,10.070056681795165,288.15,101325.0,1.2250122659906946,340.29228686527705
152.569,-43.97494461514514,-0.09748197471762299,-0.001539478117157711,-9.202431027600783,17.0,0.000495646,0.001037559,0.000854819,9.202947458457933,288.15,101325.0,1.2250122659906946,340.29228686527705
152.62099999999998,-43.72231542919043,-0.577179725419158,-0.4764400199576023,-9.68212782725303,17.0,-3.69865e-05,-2.77056e-05,-0.000743078,9.711010801730149,288.15,101325.0,1.2250122659906946,340.29228686527705
152.67,-43.09361889747562,-0.9774678531205536,-0.8575396409229252,-10.101604936714063,17.0,-0.001102251,-0.001625602,-0.00127571,10.184951641371905,288.15,101325.0,1.2250122659906946,340.29228686527705
152.72299999999998,-43.60055547205562,-0.7312391621128744,-0.61610804954096,-9.802607569573228,17.0,0.000495646,-0.001625602,-0.000210446,9.84913270313539,288.15,101325.0,1.2250122659906946,340.29228686527705
152.772,-43.69810046146246,-1.4336020046552818,-1.361645150494342,-10.557739454036977,17.0,-0.001102251,-2.77056e-05,-0.000743078,10.741282726143345,288.15,101325.0,1.2250122659906946,340.29228686527705
152.826,-43.37921896109127,-1.1002518371010739,-0.9995121687194166,-10.219592114701578,17.0,0.000495646,0.000504927,0.002452716,10.327131337953109,288.15,101325.0,1.2250122659906946,340.29228686527705
152.88799999999998,-43.700747760828136,-0.36900667535984544,-0.27786124130519574,-9.502738397150607,17.0,0.000495646,0.000504927,0.000322187,9.5139586839843,288.15,101325.0,1.2250122659906946,340.29228686527705
152.922,-43.434651276914956,-0.7203383952234786,-0.6339900968722818,-9.834881573198269,17.0,0.000495646,-2.77056e-05,0.000854819,9.881585217231095,288.15,101325.0,1.2250122659906946,340.29228686527705
152.991,-43.61362304669795,-0.4006336187145146,-0.28550250614260014,-9.486393177734573,15.0,-0.000569619,-0.002158234,0.000854819,9.499140724298544,288.15,101325.0,1.2250122659906946,340.29228686527705
153.02499999999998,-43.5839043244611,0.282948122484904,0.364499321210387,-8.84118823053439,15.0,0.000495646,-0.000560338,-0.000743078,8.853221375461047,288.15,101325.0,1.2250122659906946,340.29228686527705
153.07,-43.72210437214013,-1.0346883615859248,-0.9531371999403403,-10.163622253176756,15.0,0.002090398,-2.80719e-05,-0.000205091,10.260519861721493,288.15,101325.0,1.2250122659906946,340.29228686527705
153.13799999999998,-43.719550652080315,-1.2629685646969735,-1.1574317235319649,-10.391903113704384,15.0,-0.001105395,0.001037193,-0.001270355,10.532159707992932,288.15,101325.0,1.2250122659906946,340.29228686527705
153.171,-43.579998230783914,-1.2245357091700333,-1.1477816090681046,-10.353470258177444,15.0,0.000492501,0.001569825,0.000860174,10.488624157253058,288.15,101325.0,1.2250122659906946,340.29228686527705
153.22,-43.49316882513996,-0.07677427106665757,0.004776890578926829,-9.210505992857419,15.0,-0.000572763,-0.001093336,0.001925438,9.21082720236591,288.15,101325.0,1.2250122659906946,340.29228686527705
153.277,-43.60739449968719,-0.4943457748593575,-0.4127945761338746,-9.628076399285558,15.0,0.001025133,-0.000560704,-0.000737723,9.64959233634698,288.15,101325.0,1.2250122659906946,340.29228686527705
153.327,-43.559963769829956,-1.3589090218560598,-1.2677636248813084,-10.516626459243986,15.0,0.000492501,-0.000560704,0.000327541,10.67957351309146,288.15,101325.0,1.2250122659906946,340.29228686527705
153.369,-43.48476914333065,-0.7371029615265334,-0.655551761798891,-9.837254183207603,15.0,-0.001105395,-0.001093336,-0.000205091,9.8865888330265,288.15,101325.0,1.2250122659906946,340.29228686527705
153.421,-43.76359757918253,-0.6138994048444908,-0.5467395771516277,-9.762021400303311,15.0,-4.0131e-05,-0.001093336,0.000860174,9.796573812536309,288.15,101325.0,1.2250122659906946,340.29228686527705
153.46699999999998,-43.71508975496,-0.2165648005245815,-0.1110279222796744,-9.321513341304279,15.0,0.000492501,0.002635089,0.000860174,9.324689725908613,288.15,101325.0,1.2250122659906946,340.29228686527705
153.54,-43.62085322656233,-1.188759323148042,-1.083222555140671,-10.298504670922902,15.0,0.001025133,-0.000560704,-0.000737723,10.423325682782714,288.15,101325.0,1.2250122659906946,340.29228686527705
153.571,-43.21129109148976,-1.235740932847988,-1.149392634496791,-10.355080552029754,15.0,0.001023763,0.001569665,0.000329876,10.491703976017257,288.15,101325.0,1.2250122659906946,340.29228686527705
153.62099999999998,-43.62253030306285,-0.2784551048987468,-0.24487519105231526,-9.421780220204763,15.0,0.002089027,0.000504401,0.000329876,9.42907437782091,288.15,101325.0,1.2250122659906946,340.29228686527705
153.73999999999998,-43.27842205232995,0.03379994030147604,0.08656832380408186,-9.104728149538623,15.0,-4.15017e-05,0.001037033,0.000329876,9.105202424309502,288.15,101325.0,1.2250122659906946,340.29228686527705
153.78199999999998,-43.544756340829764,-0.8295297251345117,-0.738384291079862,-9.977653183746082,15.0,0.00049113,-0.000560864,-0.000202757,10.039267601837974,288.15,101325.0,1.2250122659906946,340.29228686527705
153.82,-44.005722447319904,-0.8045552857917996,-0.7134098517371499,-9.95267874440337,15.0,0.00049113,-0.000560864,-0.000202757,10.010598234558701,288.15,101325.0,1.2250122659906946,340.29228686527705
153.872,-43.255732954034976,-0.09552062357832602,0.024407624697041608,-9.200468799571993,15.0,-0.000574134,-0.001093496,-0.001800653,9.20099701410504,288.15,101325.0,1.2250122659906946,340.29228686527705
153.923,-43.722202039553636,0.04097936539131475,0.07935637886346014,-9.102345530441792,15.0,-4.15017e-05,-2.82316e-05,0.000862508,9.102783689553863,288.15,101325.0,1.2250122659906946,340.29228686527705
153.97,-43.62614491434756,-1.5132590212665296,-1.42211358721188,-10.632598640448295,14.0,0.001023763,-0.000560864,-0.001800653,10.83349037795484,288.15,101325.0,1.2250122659906946,340.29228686527705
154.022,-43.868884225346825,-1.066278370464898,-0.9799300360359621,-10.166429446832854,14.0,-0.001639398,0.000504401,-0.000735389,10.269055464660656,288.15,101325.0,1.2250122659906946,340.29228686527705
154.07399999999998,-43.48026736988419,-0.9046755591228576,-0.7943416193342944,-10.014421565316455,14.0,-0.000574134,-2.82316e-05,-0.000202757,10.086528429710402,288.15,101325.0,1.2250122659906946,340.29228686527705
154.13,-43.579955591557024,0.09540736528127669,0.14817582294367948,-9.095889034903792,14.0,-0.001106766,0.002102297,0.000862508,9.097596164654593,288.15,101325.0,1.2250122659906946,340.29228686527705
154.17399999999998,-43.30932711566955,-0.4085084784267087,-0.29337736585479424,-9.470283565529442,14.0,-0.001106766,0.002102297,0.000862508,9.48362906630576,288.15,101325.0,1.2250122659906946,340.29228686527705
154.22299999999998,-43.551343702134005,-0.7281383811715965,-0.6369929841968451,-9.837884533680471,14.0,0.00049113,0.000504401,0.000329876,9.885338520358351,288.15,101325.0,1.2250122659906946,340.29228686527705
154.279,-43.652538640630844,-1.2133697798071439,-1.1318186181615593,-10.351897577016695,14.0,0.001023763,-0.001626128,-0.001268021,10.484038489628436,288.15,101325.0,1.2250122659906946,340.29228686527705
154.319,-43.59935688649883,-0.5762124626159871,-0.5090527080807615,-9.70034910826583,14.0,0.002621659,0.000504401,-0.000202757,9.7307722347156,288.15,101325.0,1.2250122659906946,340.29228686527705
154.37599999999998,-43.93299518121479,-1.1514446038784882,-1.0650962694495525,-10.27078407674498,14.0,0.001556395,-0.000560864,0.000329876,10.38986334318765,288.15,101325.0,1.2250122659906946,340.29228686527705
154.42399999999998,-43.80442310399428,-0.17601953033382867,-0.08487409627917886,-9.295359149515594,14.0,0.00049113,-0.000560864,-0.000202757,9.297412984575947,288.15,101325.0,1.2250122659906946,340.29228686527705
154.477,-43.634498858045305,-0.6229893197730005,-0.5606266277835904,-9.737532131959604,14.0,-0.001106766,-0.001093496,0.000329876,9.773533134403186,288.15,101325.0,1.2250122659906946,340.29228686527705
154.52499999999998,-44.09435598788476,-0.9211669022547507,-0.8540070745618876,-10.045304425796244,14.0,-4.15017e-05,-0.001626128,0.000862508,10.123537798227108,288.15,101325.0,1.2250122659906946,340.29228686527705
154.576,-43.856405037630516,-0.8434574747966191,-0.7954861899175678,-9.996377666243555,14.0,-0.000574134,-0.001093496,0.000862508,10.063388357621543,288.15,101325.0,1.2250122659906946,340.29228686527705
154.623,-43.803221644137444,-0.2545007751040729,-0.17774674815978186,-9.349854751846316,14.0,-4.15017e-05,-2.82316e-05,0.000862508,9.355006597091906,288.15,101325.0,1.2250122659906946,340.29228686527705
154.676,-43.42243329569988,-0.9926679753491918,-0.8919282698876361,-10.092819051717148,14.0,0.001023763,0.000504401,0.000329876,10.18066413150995,288.15,101325.0,1.2250122659906946,340.29228686527705
154.72199999999998,-43.70927180345985,-1.0712886922130038,-0.989737493487521,-10.205019316639204,14.0,0.00049113,0.001037033,-0.001268021,10.30871762252986,288.15,101325.0,1.2250122659906946,340.29228686527705
154.76999999999998,-43.67483121366946,-0.9273376709514926,-0.8553807436329155,-10.04188099624372,14.0,0.001023763,0.001037033,-0.000735389,10.120820387461903,288.15,101325.0,1.2250122659906946,340.29228686527705
154.898,-43.587140373154035,-0.2791008432046843,-0.2023468162603933,-9.39844046238645,14.0,0.001023763,0.001037033,-0.000735389,9.404760743354991,288.15,101325.0,1.2250122659906946,340.29228686527705
154.927,-43.98925086393903,-0.3557909896373819,-0.2694426181285475,-9.484725172856606,14.0,-4.15017e-05,0.000504401,-0.000735389,9.495219752980491,288.15,101325.0,1.2250122659906946,340.29228686527705
154.971,-43.7897638391949,-0.0676666234238541,0.03787014458351701,-9.177411971198714,16.0,-0.000574134,-0.001093496,0.000862508,9.177739558784495,288.15,101325.0,1.2250122659906946,340.29228686527705
155.034,-43.51139773751376,-0.8661372686064946,-0.7845860698810118,-9.990273987413975,16.0,-0.000574134,-2.82316e-05,-0.000202757,10.058396662128649,288.15,101325.0,1.2250122659906946,340.29228686527705
155.072,-43.598131312288785,-1.3968680112002754,-1.3201139110983469,-10.525802560207685,16.0,0.00155325,-0.00056123,-0.000197402,10.699834602248048,288.15,101325.0,1.2250122659906946,340.29228686527705
155.123,-43.753740360955305,-0.9107045012703878,-0.8243562029191909,-10.020450213831277,16.0,0.001020618,0.001036667,0.000867863,10.095462759368527,288.15,101325.0,1.2250122659906946,340.29228686527705
155.176,-43.373693922494176,-0.7281797615578508,-0.637034327503201,-9.861911116558266,16.0,0.001020618,-0.001093862,-0.000197402,9.909255742509394,288.15,101325.0,1.2250122659906946,340.29228686527705
155.22799999999998,-43.199964250897736,-0.3956483870910146,-0.328488558395992,-9.54377111312405,16.0,0.002085883,-0.00056123,-0.000197402,9.557615258991433,288.15,101325.0,1.2250122659906946,340.29228686527705
155.26999999999998,-43.31038966228097,-0.9349936027969694,-0.853442403069327,-10.063927127597456,16.0,-0.001109911,-0.003224391,0.00033523,10.14323450395484,288.15,101325.0,1.2250122659906946,340.29228686527705
155.32,-43.64184450675044,0.04545539858930392,0.1413979683474066,-9.078681685004206,16.0,-0.001109911,-2.85979e-05,0.000867863,9.079896514627492,288.15,101325.0,1.2250122659906946,340.29228686527705
155.369,-43.615799238381875,0.5083846109029784,0.6187185887735993,-8.596563490930894,16.0,0.000487986,0.001036667,0.00033523,8.633780832190665,288.15,101325.0,1.2250122659906946,340.29228686527705
155.433,-43.553621679001225,-0.5539684151125288,-0.4724172534669444,-9.68290230670336,16.0,0.001020618,-0.001093862,-0.000197402,9.710234608261368,288.15,101325.0,1.2250122659906946,340.29228686527705
155.47299999999998,-43.575470333292145,-0.639664988224703,-0.5725051595296804,-9.802178865817446,16.0,0.000487986,-2.85979e-05,-0.000197402,9.83969735166315,288.15,101325.0,1.2250122659906946,340.29228686527705
155.522,-43.6861023687416,-1.0888558198665803,-1.0025074854376446,-10.21779036887399,16.0,-4.46463e-05,-0.00056123,0.00033523,10.324430651472744,288.15,101325.0,1.2250122659906946,340.29228686527705
155.569,-43.37042772742531,-1.078774775031462,-0.9924265508400623,-10.222100402440944,16.0,-0.001109911,-0.001626495,0.000867863,10.32666461698257,288.15,101325.0,1.2250122659906946,340.29228686527705
155.62099999999998,-43.38449081893721,-0.7064023724027889,-0.6200540740515921,-9.835335897203274,16.0,-4.46463e-05,-0.00056123,-0.000730034,9.880146941078337,288.15,101325.0,1.2250122659906946,340.29228686527705
155.66899999999998,-43.32979645560668,-0.9288252696162594,-0.8472740708907766,-10.081744875802096,16.0,0.001020618,-0.00056123,0.00033523,10.159831173471504,288.15,101325.0,1.2250122659906946,340.29228686527705
155.72199999999998,-43.49094576337298,-1.1889109554607777,-1.0881712499992222,-10.303454133435567,16.0,0.001020618,0.001036667,0.000867863,10.428748391305161,288.15,101325.0,1.2250122659906946,340.29228686527705
155.76899999999998,-43.3465526125399,-0.6266851906964774,-0.5307425848606357,-9.750821543715771,16.0,0.000487986,-2.85979e-05,-0.000197402,9.785343264138179,288.15,101325.0,1.2250122659906946,340.29228686527705
155.821,-43.51734044680483,-0.7008442564343215,-0.6192931308664761,-9.868155965229153,16.0,0.001020618,-0.00056123,0.00033523,9.912376546913617,288.15,101325.0,1.2250122659906946,340.29228686527705
155.86999999999998,-43.59002058810775,-0.26888145490182563,-0.17773602084717594,-9.407409252111377,16.0,0.000487986,-0.001093862,0.000867863,9.412929202251945,288.15,101325.0,1.2250122659906946,340.29228686527705
155.923,-43.258734892873626,-0.7370643064729029,-0.650715972043967,-9.885186081456649,16.0,-0.001109911,-0.00056123,0.000867863,9.933961895093708,288.15,101325.0,1.2250122659906946,340.29228686527705
156.303,-43.468498889330284,-0.848195922006588,-0.7522533522484853,-9.953144828574471,14.0,-0.000577279,-2.85979e-05,-0.000197402,10.017505348471566,288.15,101325.0,1.2250122659906946,340.29228686527705
156.357,-43.551226527880345,-0.9563324846325915,-0.8603899148744888,-10.070875662607381,14.0,0.000487986,-2.85979e-05,0.001400495,10.152703050837198,288.15,101325.0,1.2250122659906946,340.29228686527705
156.41299999999998,-43.49602887626339,-1.6848226674083717,-1.5744887276198085,-10.789770843402039,14.0,-0.000577279,0.001036667,0.000867863,11.033439945327281,288.15,101325.0,1.2250122659906946,340.29228686527705
156.458,-43.393810262858636,-0.31388997776501665,-0.22754175357361678,-9.447621699555778,14.0,0.001020618,-0.00056123,-0.000730034,9.455572851270192,288.15,101325.0,1.2250122659906946,340.29228686527705
156.492,-43.31106663517993,-1.6498148263930856,-1.573060726291157,-10.783545450819286,14.0,0.000487986,-0.001626495,0.001933127,11.021853814121808,288.15,101325.0,1.2250122659906946,340.29228686527705
156.546,-43.22560451502427,-0.7776035316788337,-0.6912553074874338,-9.930522479445932,14.0,-4.46463e-05,-2.85979e-05,-0.000730034,9.984877458806888,288.15,101325.0,1.2250122659906946,340.29228686527705
156.631,-43.62027339127659,-0.7892021865516955,-0.7076509878262126,-9.903744998738299,14.0,-4.71458e-05,-0.001094154,-0.000193145,9.96030998573153,288.15,101325.0,1.2250122659906946,340.29228686527705
156.67399999999998,-43.28926404733485,-1.4116407175004444,-1.3300895187749615,-10.559762492484191,14.0,0.000485486,0.001569008,-0.000193145,10.736407757762189,288.15,101325.0,1.2250122659906946,340.29228686527705
156.72199999999998,-43.34613055952069,0.5879925987538315,0.6935294769987386,-8.526549848646741,14.0,0.001550751,-0.001626786,0.000339487,8.574891879966371,288.15,101325.0,1.2250122659906946,340.29228686527705
156.79,-43.00161241919374,-1.5772752440700977,-1.4909269457189007,-10.706208768870583,14.0,0.000485486,-2.88891e-05,-0.000725778,10.923990413565386,288.15,101325.0,1.2250122659906946,340.29228686527705
156.838,-42.975205365841006,-0.38655812031738,-0.30500692159189713,-9.51069483912486,14.0,0.002616015,-0.001626786,-0.000193145,9.523432822546631,288.15,101325.0,1.2250122659906946,340.29228686527705
156.89399999999998,-42.968190952953734,-1.7769108925047263,-1.6809682856667252,-10.915439347130857,14.0,0.000485486,0.001569008,0.000872119,11.186146916530811,288.15,101325.0,1.2250122659906946,340.29228686527705
156.91899999999998,-42.961806803387546,-0.5369583726787256,-0.44101576584072444,-9.675486827304855,14.0,0.000485486,0.001569008,0.000872119,9.70040538044981,288.15,101325.0,1.2250122659906946,340.29228686527705
157.00799999999998,-43.29772087579151,-0.7141531699013204,-0.6373991068792905,-9.847884160115706,16.0,0.000485486,-0.001094154,-0.000725778,9.894297084815497,288.15,101325.0,1.2250122659906946,340.29228686527705
157.027,-43.25919720780536,-0.6178016715389937,-0.521859101780891,-9.722749773372865,16.0,0.000485486,-0.000561521,-0.000193145,9.756325075718317,288.15,101325.0,1.2250122659906946,340.29228686527705
157.076,-43.891648292964,-0.4503066868453183,-0.36395835241638247,-9.574443405652797,16.0,-4.71458e-05,0.000503743,0.000339487,9.591934545364643,288.15,101325.0,1.2250122659906946,340.29228686527705
157.12099999999998,-43.55176502281553,-0.23011138910020795,-0.1485601893725655,-9.373436064458241,16.0,-0.000581955,-0.000561775,-0.000189438,9.37743701848999,288.15,101325.0,1.2250122659906946,340.29228686527705
157.176,-43.21821565265465,-0.5026377682479565,-0.4210865695224736,-9.631572317255365,16.0,-0.000581955,0.002634018,-0.000189438,9.653866786299746,288.15,101325.0,1.2250122659906946,340.29228686527705
157.22199999999998,-43.74003298877344,0.18245066179878355,0.25440762519509963,-8.951280182100326,16.0,-4.93228e-05,0.00050349,0.000875826,8.956753227716518,288.15,101325.0,1.2250122659906946,340.29228686527705
157.27599999999998,-43.48611406807022,-0.8248560765810673,-0.7241163701173523,-9.948993525962763,16.0,0.000483309,-2.91427e-05,-0.000189438,10.009355835626668,288.15,101325.0,1.2250122659906946,340.29228686527705
157.32299999999998,-43.429078035864116,-0.9693712233970533,-0.8878200617514689,-10.088711208367007,16.0,-0.00164722,-2.91427e-05,-0.00072207,10.173986380796308,288.15,101325.0,1.2250122659906946,340.29228686527705
157.374,-43.074352194401975,0.16094394591574712,0.24729224426694396,-8.95359842732503,16.0,0.002081206,-2.91427e-05,0.000875826,8.958458640056266,288.15,101325.0,1.2250122659906946,340.29228686527705
157.41799999999998,-43.347345641628856,-0.1797707745077477,-0.1126110199725221,-9.31350249629851,16.0,0.001548574,0.001568754,0.000343194,9.315917964524212,288.15,101325.0,1.2250122659906946,340.29228686527705
157.47199999999998,-43.066387474175706,-0.3346802156319809,-0.24833188120304506,-9.46841084005818,16.0,0.001015942,-0.000561775,0.000343194,9.477577929307074,288.15,101325.0,1.2250122659906946,340.29228686527705
157.51999999999998,-43.43502571111202,0.3328841584570138,0.41923245680821064,-8.815238348103108,16.0,0.001015942,-2.91427e-05,0.000875826,8.831477500942903,288.15,101325.0,1.2250122659906946,340.29228686527705
157.569,-43.43702090978125,-1.4070228895344399,-1.3158774194020508,-10.526363167134944,16.0,0.001548574,-0.000561775,0.000875826,10.701194714655989,288.15,101325.0,1.2250122659906946,340.29228686527705
157.623,-43.43417357763465,-0.4169460702346954,-0.34019197013276686,-9.550676694660895,16.0,-0.001117006,0.001568472,0.000879946,9.565824581705737,288.15,101325.0,1.2250122659906946,340.29228686527705
157.67,-43.43063802952615,-0.45495946655300823,-0.3446254886823873,-9.545516416827173,16.0,0.000480891,-0.000562057,0.000879946,9.562564431551447,288.15,101325.0,1.2250122659906946,340.29228686527705
157.72299999999998,-43.374103597968194,-1.5960171690905773,-1.504871697956029,-10.710560347065368,16.0,-5.17417e-05,-0.000562057,-0.000185319,10.932886745021644,288.15,101325.0,1.2250122659906946,340.29228686527705
157.76999999999998,-43.61516458859717,-1.6031240528403297,-1.5167758286489297,-10.73685577463109,16.0,0.001546155,0.000503208,0.000879946,10.961326907286264,288.15,101325.0,1.2250122659906946,340.29228686527705
157.957,-43.43595196855201,-0.6247060045470518,-0.538357670118116,-9.744045477413543,16.0,0.001013523,-2.94245e-05,0.000347313,9.778880755945206,288.15,101325.0,1.2250122659906946,340.29228686527705
158.036,-43.521130066374845,-0.9208567032085578,-0.829711269153908,-10.040196322390324,16.0,-0.001117006,0.00103584,-0.000185319,10.116419329493283,288.15,101325.0,1.2250122659906946,340.29228686527705
158.069,-43.45775109155751,-0.5859995378447816,-0.49965120241368643,-9.743715584235433,16.0,0.001013523,-2.94245e-05,0.000347313,9.774100478760191,288.15,101325.0,1.2250122659906946,340.29228686527705
158.164,-43.10061025036791,-0.9742698505363062,-0.8879216263449063,-10.117595477945788,16.0,0.002078787,0.000503208,0.000347313,10.203104665323396,288.15,101325.0,1.2250122659906946,340.29228686527705
158.171,-43.361356464860016,-0.5043441927194671,-0.4179959685280672,-9.647669820128948,16.0,0.002078787,0.000503208,0.000347313,9.669881935818166,288.15,101325.0,1.2250122659906946,340.29228686527705
158.225,-43.52652229557124,-0.4713618368022503,-0.3658250687948792,-9.614687903157556,16.0,-0.000584374,-2.94245e-05,-0.001250583,9.633183971941811,288.15,101325.0,1.2250122659906946,340.29228686527705
158.39399999999998,-43.3388576274285,0.27522854960950804,0.3663740197418969,-8.844111727990995,16.0,-0.000584374,-2.94245e-05,-0.000185319,8.85597498494942,288.15,101325.0,1.2250122659906946,340.29228686527705
158.456,-43.14281363502256,-0.8591906346487602,-0.7824366087066287,-10.00731263010758,16.0,-0.000584374,-2.94245e-05,0.001412578,10.074558137706246,288.15,101325.0,1.2250122659906946,340.29228686527705
158.477,-43.4742259741202,-0.8902819828065902,-0.8135279568644587,-10.03840397826541,16.0,-0.000584374,-2.94245e-05,0.001412578,10.110587726555016,288.15,101325.0,1.2250122659906946,340.29228686527705
158.51999999999998,-43.41255961028676,0.11067757918917764,0.19222877791466053,-9.018256969818232,16.0,0.000480891,-2.94245e-05,0.000347313,9.020984436483019,288.15,101325.0,1.2250122659906946,340.29228686527705
158.571,-43.564177210490215,-0.8734718521723575,-0.7919206534468746,-10.012000306798488,16.0,-5.17417e-05,-0.000562057,0.001412578,10.081182546766334,288.15,101325.0,1.2250122659906946,340.29228686527705
158.622,-43.58454274551212,-0.17832222033015155,-0.053596836351330945,-9.278473150382831,16.0,0.000477101,0.001035399,0.000353767,9.280341342725785,288.15,101325.0,1.2250122659906946,340.29228686527705
158.672,-43.67008019113682,-0.9508581359401983,-0.8549154930244579,-10.060604142133796,16.0,-0.000588164,0.000502766,-0.00124413,10.141536737576638,288.15,101325.0,1.2250122659906946,340.29228686527705
158.724,-43.408901888747046,0.18268268587389502,0.2930166266646177,-8.946250838926591,16.0,0.001009733,-0.000562498,0.000353767,8.952912139645667,288.15,101325.0,1.2250122659906946,340.29228686527705
158.797,-42.882635575785564,-1.5306581051250077,-1.4443097336161732,-10.649998382725512,16.0,-0.001120796,-0.00109513,0.000886399,10.85593894573193,288.15,101325.0,1.2250122659906946,340.29228686527705
158.82,-43.38236193292737,-0.6707368462996905,-0.5891856475742077,-9.79487356510717,16.0,0.001542365,0.001035399,0.000886399,9.83547537238169,288.15,101325.0,1.2250122659906946,340.29228686527705
158.86999999999998,-43.53644498646095,-0.7174863314353767,-0.6167466249716616,-9.860811006793408,16.0,0.001009733,-0.00109513,-0.000178866,9.906096948188452,288.15,101325.0,1.2250122659906946,340.29228686527705
158.923,-43.57498297911779,-0.2655027952406974,-0.1599660272333263,-9.389639878834208,16.0,-5.55313e-05,-0.00109513,-0.000711498,9.39475480884643,288.15,101325.0,1.2250122659906946,340.29228686527705
158.97299999999998,-43.658429539857046,-0.4798536067697122,-0.35512825886863086,-9.575207437196678,15.0,0.000477101,0.000502766,0.000886399,9.593798675682304,288.15,101325.0,1.2250122659906946,340.29228686527705
159.024,-42.96823522234822,-0.21764671378032874,-0.13129848958892887,-9.34178335943017,15.0,-0.000588164,0.001035399,0.000353767,9.345240805881577,288.15,101325.0,1.2250122659906946,340.29228686527705
159.07,-43.55589330286936,-0.15741885199662697,-0.08066482505233596,-9.295948038199132,15.0,0.000477101,-2.98659e-05,0.000886399,9.297630743251904,288.15,101325.0,1.2250122659906946,340.29228686527705
159.125,-42.93273158039555,-0.02310360652021337,0.06804179045453795,-9.156834230946414,15.0,0.001010943,-0.002692886,0.000884339,9.157116172404635,288.15,101325.0,1.2250122659906946,340.29228686527705
159.172,-43.369910584139454,-1.72305048754891,-1.6319050174165213,-10.86157799112575,15.0,-5.43218e-05,-2.9725e-05,-0.002311454,11.117818735067551,288.15,101325.0,1.2250122659906946,340.29228686527705
159.221,-43.30627531684439,-0.7974128285542257,-0.6966731601725684,-9.9119552759548,15.0,-0.000586954,0.000502907,-0.000180925,9.968353831188772,288.15,101325.0,1.2250122659906946,340.29228686527705
159.26999999999998,-43.231226041340754,-1.361346690854367,-1.2845926278323372,-10.509469416887402,15.0,0.001010943,0.001035539,0.000884339,10.674848498066517,288.15,101325.0,1.2250122659906946,340.29228686527705
159.32299999999998,-43.592856117992284,-0.7454899966924232,-0.6639387979669403,-9.869626715499903,15.0,-0.000586954,0.000502907,-0.000180925,9.919984957948458,288.15,101325.0,1.2250122659906946,340.29228686527705
159.373,-43.55359378576951,-0.5303345098574839,-0.44398617442638866,-9.67845723589052,15.0,0.001543575,0.002100804,0.000351707,9.70313933128805,288.15,101325.0,1.2250122659906946,340.29228686527705
159.421,-43.67891542134074,-0.13351256495188601,-0.037569959116044216,-9.267244579373198,15.0,-0.001119586,-0.000562357,-0.000180925,9.268282429919253,288.15,101325.0,1.2250122659906946,340.29228686527705
159.47199999999998,-43.63682200944345,-0.10357029078818392,-0.007627683950182762,-9.246896576616402,15.0,-0.000586954,-0.001094989,-0.00124619,9.247479726138172,288.15,101325.0,1.2250122659906946,340.29228686527705
159.523,-43.78295964247659,-0.9664076166010487,-0.8608707393583009,-10.080949698213436,15.0,-5.43218e-05,-0.000562357,0.000351707,10.16368973007428,288.15,101325.0,1.2250122659906946,340.29228686527705
159.57,-43.57409281350567,-0.92176198437557,-0.8306165142431812,-10.031507185835155,15.0,-5.43218e-05,-0.001094989,-0.000180925,10.107952580470283,288.15,101325.0,1.2250122659906946,340.29228686527705
159.623,-43.68122387327009,0.1363359001540968,0.25146704980590984,-8.96861227583957,15.0,-5.43218e-05,0.001035539,-0.000180925,8.97317275600716,288.15,101325.0,1.2250122659906946,340.29228686527705
159.67,-43.470601212778696,-1.4465683812545516,-1.360220009745717,-10.570704734273846,15.0,-5.59344e-05,-0.000562545,-0.001243444,10.755582603269687,288.15,101325.0,1.2250122659906946,340.29228686527705
159.721,-43.63232883885342,-0.6799224573881681,-0.5791827890065109,-9.794464904788741,15.0,-5.59344e-05,0.001567984,0.001419718,9.835104982778804,288.15,101325.0,1.2250122659906946,340.29228686527705
159.77499999999998,-43.428003571050965,-0.9079409740863542,-0.8072012686247986,-10.032078057679865,15.0,-0.000588567,-0.000562545,-0.000178179,10.10537089155446,288.15,101325.0,1.2250122659906946,340.29228686527705
159.822,-43.47979608879626,-0.6600252576548581,-0.5640827610543928,-9.808147764214981,15.0,0.00100933,0.001035352,0.000354453,9.846501168777488,288.15,101325.0,1.2250122659906946,340.29228686527705
159.88199999999998,-43.51335916897927,-0.6337518874998608,-0.5282150463348523,-9.757888020044081,15.0,0.000476698,-2.99129e-05,-0.000178179,9.792702956886009,288.15,101325.0,1.2250122659906946,340.29228686527705
159.923,-43.558042318487544,-0.6487881766572927,-0.5480484711957371,-9.763331354632083,15.0,-5.59344e-05,-2.99129e-05,0.000354453,9.800200118634937,288.15,101325.0,1.2250122659906946,340.29228686527705
159.986,-43.81366632743265,-1.3616604195034174,-1.2561236514960465,-10.490595334299016,15.0,0.000476698,0.001035352,-0.002308708,10.65291303793973,288.15,101325.0,1.2250122659906946,340.29228686527705
160.024,-43.759358472120965,-1.0787964492713307,-0.949273928586898,-10.169353254232378,15.0,0.002074595,0.000502719,-0.000710811,10.270378200427768,288.15,101325.0,1.2250122659906946,340.29228686527705
160.07299999999998,-43.41131367028243,-0.6852857693728891,-0.5893431996147864,-9.80462502276647,15.0,0.002607227,0.001035352,0.000887085,9.846197937767428,288.15,101325.0,1.2250122659906946,340.29228686527705
160.122,-43.30895035247807,-0.8938365605552475,-0.7978939176395071,-9.998784736548915,15.0,-5.59344e-05,-0.000562545,0.000354453,10.07031651481893,288.15,101325.0,1.2250122659906946,340.29228686527705
160.18599999999998,-43.24262419298002,-0.3796062431686031,-0.2884608091139534,-9.522931870578084,15.0,0.001540834,0.001567852,0.000356375,9.534859304149121,288.15,101325.0,1.2250122659906946,340.29228686527705
160.22299999999998,-43.82562817462675,0.12136805324021949,0.2269048212475906,-8.978783387913763,15.0,0.001540834,0.002100484,0.00142164,8.982469990449669,288.15,101325.0,1.2250122659906946,340.29228686527705
160.27499999999998,-43.72320849960659,-0.24957156894766303,-0.15362896210966187,-9.359317721456538,15.0,-0.000589695,-0.001095309,0.000356375,9.363904956651167,288.15,101325.0,1.2250122659906946,340.29228686527705
160.322,-43.28641375420179,-1.1503928145603786,-1.0640445162091816,-10.269732067953958,15.0,-0.000589695,-0.001095309,0.000356375,10.388599092650985,288.15,101325.0,1.2250122659906946,340.29228686527705
160.375,-43.44341986833695,-1.1381514846086245,-1.0470060505539747,-10.26228893399032,15.0,0.000475569,-0.000562677,-0.001241521,10.378159019619694,288.15,101325.0,1.2250122659906946,340.29228686527705
160.42399999999998,-43.55744230489575,-1.1227069201575621,-1.0171700789925535,-10.242046393024053,15.0,-5.70632e-05,0.002633117,-0.002306786,10.353483477314503,288.15,101325.0,1.2250122659906946,340.29228686527705
160.469,-43.39219453150466,-0.6240142132027998,-0.5280716063647987,-9.76254266782893,15.0,-5.70632e-05,-0.00375847,0.000356375,9.796708258436004,288.15,101325.0,1.2250122659906946,340.29228686527705
160.522,-44.19388343957751,-0.7835618330487581,-0.6636335837712314,-9.893306815035432,15.0,-5.70632e-05,0.000502588,0.001954272,9.946451548976967,288.15,101325.0,1.2250122659906946,340.29228686527705
160.571,-43.62143883194757,-0.24768531991495174,-0.14694565153329447,-9.357430521374537,15.0,0.001540834,-0.000562677,-0.000176257,9.36186130022004,288.15,101325.0,1.2250122659906946,340.29228686527705
160.62699999999998,-44.023002907464566,-0.24537372678383912,-0.14943112094799732,-9.379105741205152,15.0,-6.02884e-05,0.001034844,-0.000170765,9.383504805263916,288.15,101325.0,1.2250122659906946,340.29228686527705
160.672,-44.023427529930316,-1.0657361573730881,-0.9649964889914309,-10.175481358832673,15.0,0.001537608,-3.04201e-05,0.001427132,10.276547701677318,288.15,101325.0,1.2250122659906946,340.29228686527705
160.721,-43.763635927980296,-1.2668346991029766,-1.1804863646740409,-10.395769248110387,15.0,0.001537608,-3.04201e-05,0.0008945,10.538995989751124,288.15,101325.0,1.2250122659906946,340.29228686527705
160.771,-43.48491923432708,-0.1601193395115329,-0.06417684291106762,-9.28905286431202,15.0,-6.02884e-05,0.000502212,0.000361868,9.290654443365923,288.15,101325.0,1.2250122659906946,340.29228686527705
160.82299999999998,-43.43953620376556,-2.099313507141048,-2.012965172712112,-11.233044131567247,15.0,0.001537608,0.001034844,0.000361868,11.603466139458249,288.15,101325.0,1.2250122659906946,340.29228686527705
160.87099999999998,-43.87999160782054,-2.049454542353603,-1.9343233927017898,-11.15440271834727,15.0,0.001537608,-3.04201e-05,0.0008945,11.50489334638962,288.15,101325.0,1.2250122659906946,340.29228686527705
160.922,-43.51966468109106,-0.9964238073147604,-0.9100754728858246,-10.13015443174096,15.0,0.000472344,0.000502212,0.0008945,10.219644151390645,288.15,101325.0,1.2250122659906946,340.29228686527705
160.97299999999998,-43.331506662352886,0.391173806491089,0.5158991543921704,-8.73296327710242,13.0,0.001004976,0.000502212,0.0008945,8.756929626507612,288.15,101325.0,1.2250122659906946,340.29228686527705
161.024,-43.623338322713835,-0.021319525841247522,0.09381155065292801,-9.155050880841664,13.0,0.001004976,0.000502212,-0.000703397,9.155556332633083,288.15,101325.0,1.2250122659906946,340.29228686527705
161.071,-43.41349444846725,-1.0453909840297375,-0.9350570442411743,-10.164730895842055,13.0,4.49846e-06,0.001040972,0.000235725,10.261039331878703,288.15,101325.0,1.2250122659906946,340.29228686527705
161.122,-43.52515645335427,-0.5990757105247129,-0.4935389054374432,-9.7280092353252,13.0,4.49846e-06,-0.000556925,0.000235725,9.758925967579295,288.15,101325.0,1.2250122659906946,340.29228686527705
161.17,-43.507900780613426,-0.3655061084952858,-0.26476644011362854,-9.499238122916598,13.0,-6.13142e-06,0.000508085,-0.000816646,9.509953780068011,288.15,101325.0,1.2250122659906946,340.29228686527705
161.224,-43.40550010509599,-1.1001691741603326,-1.023415074058404,-10.238697628786463,13.0,-6.13142e-06,-0.001089812,-0.000284013,10.34836604297027,288.15,101325.0,1.2250122659906946,340.29228686527705
161.27599999999998,-43.5622029658144,-1.0521181696130606,-0.9609726984785123,-10.190646404766277,13.0,0.001059133,0.001573349,-0.000284013,10.289785970418766,288.15,101325.0,1.2250122659906946,340.29228686527705
161.32,-43.2428320197068,-0.623558197264988,-0.5276156645867837,-9.762085994474539,13.0,-0.000538764,-0.00055718,-0.000284013,9.796199573222752,288.15,101325.0,1.2250122659906946,340.29228686527705
161.372,-43.72894120582075,-1.305013826089209,-1.1898827495950335,-10.40996192792308,13.0,0.000526501,-2.45474e-05,-0.000284013,10.558702069140686,288.15,101325.0,1.2250122659906946,340.29228686527705
161.423,-43.49559027730173,-0.5394662570926548,-0.4339293798499071,-9.658806168904972,13.0,0.002124398,-0.00055718,-0.000284013,9.683586895242652,288.15,101325.0,1.2250122659906946,340.29228686527705
161.475,-43.539779514079704,0.13620170597166015,0.2657241895761945,-8.978341106214945,13.0,-0.001604028,-2.45474e-05,-0.000816646,8.983305030398585,288.15,101325.0,1.2250122659906946,340.29228686527705
161.709,-43.540112334204075,-0.9170555909806263,-0.8355044654127809,-10.069976148215751,13.0,-0.001071396,-0.001089812,-0.00188191,10.14610655839508,288.15,101325.0,1.2250122659906946,340.29228686527705
161.741,-43.91136358014121,-0.33478587599928705,-0.22924899775437996,-9.458922229018581,13.0,-0.000538764,-0.00055718,0.000248619,9.467620948282724,288.15,101325.0,1.2250122659906946,340.29228686527705
161.772,-43.632967033586326,-1.3566387094800854,-1.236710497282457,-10.466384057254945,13.0,0.000526501,0.001573349,-0.000284013,10.626152486959185,288.15,101325.0,1.2250122659906946,340.29228686527705
161.819,-43.482984657348304,-0.6660407159834487,-0.574895281928799,-9.79977243777421,13.0,-0.001604028,0.000508085,0.000781251,9.839189735577357,288.15,101325.0,1.2250122659906946,340.29228686527705
161.869,-43.889409295234124,-0.20506870975840197,-0.11392323962601314,-9.338800724179714,13.0,-0.000538764,0.001573349,-0.000284013,9.341746659281037,288.15,101325.0,1.2250122659906946,340.29228686527705
161.92499999999998,-43.85990088901486,-0.40385978168052916,-0.30791717584468736,-9.54238728525737,13.0,0.001059133,-2.45474e-05,0.000248619,9.555891942266861,288.15,101325.0,1.2250122659906946,340.29228686527705
161.97199999999998,-43.385521972131414,-0.10884158274332545,0.006289493750850084,-9.218587295304214,13.0,0.001059133,-0.00055718,0.000781251,9.219231951144845,288.15,101325.0,1.2250122659906946,340.29228686527705
162.021,-43.41154876592956,-0.7430729986539063,-0.6567246271450718,-9.886398333432837,13.0,-0.001071396,0.001573349,0.000248619,9.936011107307143,288.15,101325.0,1.2250122659906946,340.29228686527705
162.07299999999998,-44.00987364915997,-0.32603889214589327,-0.18692217321219212,-9.435783874132568,13.0,0.001591765,0.001040717,0.001313883,9.44326524976241,288.15,101325.0,1.2250122659906946,340.29228686527705
162.129,-43.39949656895075,-0.6731283053887552,-0.5675915003014855,-9.792467924570522,13.0,-0.000538764,0.001040717,0.000248619,9.831972837659416,288.15,101325.0,1.2250122659906946,340.29228686527705
162.173,-43.78882599997206,-1.8943948272955158,-1.7984522946173114,-11.042518285907086,13.0,0.001588491,0.000508006,0.000252591,11.347262776206897,288.15,101325.0,1.2250122659906946,340.29228686527705
162.22299999999998,-43.17865271710525,-0.8083893454676381,-0.6932582689734625,-9.922932523442428,13.0,0.001055858,-2.4626e-05,0.000252591,9.979914339620215,288.15,101325.0,1.2250122659906946,340.29228686527705
162.26999999999998,-43.24314091637638,-0.660861686044197,-0.5889047587256201,-9.828173394839029,13.0,-0.000542038,-0.003220419,0.000252591,9.86795517125775,288.15,101325.0,1.2250122659906946,340.29228686527705
162.32299999999998,-43.45497668377206,-0.512149065881289,-0.3922208166037622,-9.621894047867963,13.0,0.001055858,-2.4626e-05,0.001850488,9.64349412314112,288.15,101325.0,1.2250122659906946,340.29228686527705
162.372,-43.1673751983962,-0.27923881060130745,-0.18809337654665775,-9.393782135893533,13.0,-0.000542038,-0.000557258,0.000252591,9.399813628380045,288.15,101325.0,1.2250122659906946,340.29228686527705
162.42399999999998,-43.59806825687279,-0.49668515647919875,-0.39114838847182765,-9.611228334453989,13.0,-0.000542038,0.001040638,-0.001345306,9.631998925637506,288.15,101325.0,1.2250122659906946,340.29228686527705
162.47,-43.01637442495291,-0.5880028205204983,-0.4968573503881094,-9.697748826714097,13.0,-0.001607303,-0.001622523,0.001317855,9.72825507733064,288.15,101325.0,1.2250122659906946,340.29228686527705
162.53199999999998,-43.61862077711142,-0.23160325259597675,-0.12126927472535581,-9.341348600370836,13.0,0.001055858,-2.4626e-05,0.000252591,9.345006151804055,288.15,101325.0,1.2250122659906946,340.29228686527705
162.577,-43.31059401536809,-1.2444407458606128,-1.1245124975852452,-10.354186752054211,13.0,-9.40618e-06,-0.000557258,0.000252591,10.489153656210707,288.15,101325.0,1.2250122659906946,340.29228686527705
162.634,-43.35342392676148,-0.8000077482151998,-0.6992680417514847,-9.938536934417705,13.0,-0.000542038,-0.000557258,-0.000812673,9.995174064927744,288.15,101325.0,1.2250122659906946,340.29228686527705
162.67499999999998,-43.53171776400459,-1.0298280680937855,-0.9434797697425885,-10.1635594230942,13.0,-0.000545095,0.001040565,0.000256298,10.259075985317304,288.15,101325.0,1.2250122659906946,340.29228686527705
162.744,-43.41096480053892,-0.6069121089986482,-0.506172440616991,-9.74064412341996,13.0,-0.001077727,0.001040565,-0.000808966,9.772650653062614,288.15,101325.0,1.2250122659906946,340.29228686527705
162.81699999999998,-43.5299937854385,-1.015880491173737,-0.9151407847100219,-10.149611846174153,13.0,-0.001077727,-2.46994e-05,0.000788931,10.241294666993317,288.15,101325.0,1.2250122659906946,340.29228686527705
162.87099999999998,-43.63263050070044,-0.7941683356581666,-0.6790371860063535,-9.913508247470485,13.0,-0.000545095,-2.46994e-05,0.001321563,9.968422172942256,288.15,101325.0,1.2250122659906946,340.29228686527705
162.935,-43.40072699883215,-0.6313079236278802,-0.5113797845878894,-9.745851467390859,13.0,-0.001077727,-2.46994e-05,-0.000808966,9.779656425609494,288.15,101325.0,1.2250122659906946,340.29228686527705
162.97199999999998,-43.72527164245058,-0.44085644637493215,-0.34491384053909036,-9.550601647834517,15.0,-0.000545095,-0.000557332,0.001321563,9.56699073895889,288.15,101325.0,1.2250122659906946,340.29228686527705
163.021,-43.487555107005164,-1.261050146352086,-1.1363247984510045,-10.351607316099162,15.0,-0.001077727,-0.002687861,-0.002939495,10.48986441980577,288.15,101325.0,1.2250122659906946,340.29228686527705
163.07399999999998,-43.17781925420889,-0.525511042961348,-0.4247713745796907,-9.640053490361922,15.0,-1.24627e-05,-0.000557332,0.001321563,9.663706528758814,288.15,101325.0,1.2250122659906946,340.29228686527705
163.123,-43.747195642436516,-0.9997150064937079,-0.8941781282488008,-10.123851359513,15.0,-1.24627e-05,0.001040565,0.000256298,10.212313693221555,288.15,101325.0,1.2250122659906946,340.29228686527705
163.171,-43.3750213704778,-0.2573790901952742,-0.16143644727953382,-9.367125096388872,15.0,0.00052017,0.00210583,0.000788931,9.372050911832384,288.15,101325.0,1.2250122659906946,340.29228686527705
163.22,-43.51555916070521,-0.5166520541288809,-0.42070952145067664,-9.640788699778724,15.0,0.001052802,-0.001089964,0.000256298,9.66378458991383,288.15,101325.0,1.2250122659906946,340.29228686527705
163.26999999999998,-43.436083912306835,-0.6025086195131432,-0.49697185150577206,-9.73623902346427,15.0,0.001585434,-0.000557332,0.001321563,9.76751493368734,288.15,101325.0,1.2250122659906946,340.29228686527705
163.32399999999998,-43.51054862988241,-0.7599434329932386,-0.6783922332655962,-9.888876957793725,15.0,0.001585434,-0.001622596,0.001321563,9.94120805183597,288.15,101325.0,1.2250122659906946,340.29228686527705
163.421,-43.35773239769143,-0.5788460894702099,-0.4733092122274621,-9.693388171082598,15.0,0.001052802,-0.000557332,-0.000276334,9.722183841141781,288.15,101325.0,1.2250122659906946,340.29228686527705
163.47299999999998,-43.48700330331904,-1.6838462753359775,-1.5879036684979764,-10.812780824343386,15.0,0.001052802,-0.000557332,0.000788931,11.057712489239364,288.15,101325.0,1.2250122659906946,340.29228686527705
163.521,-43.66058686858544,-0.7894327350642701,-0.6743016956499932,-9.899177717050945,15.0,-0.000545095,-0.000557332,0.000256298,9.953472072282388,288.15,101325.0,1.2250122659906946,340.29228686527705
163.572,-43.516214077155475,-0.851297890815039,-0.7505581853534835,-9.985028294766165,15.0,0.00052017,-2.46994e-05,0.000256298,10.04932016286615,288.15,101325.0,1.2250122659906946,340.29228686527705
163.623,-43.61297777071043,-1.5874208622826065,-1.4914782193668663,-10.711558605297013,15.0,-1.24627e-05,-0.000557332,-0.000276334,10.930777649717713,288.15,101325.0,1.2250122659906946,340.29228686527705
163.676,-43.50235647595513,0.4662257750084906,0.5861539872061191,-8.662709139787108,15.0,0.00052017,-0.001089964,0.000788931,8.69502573949905,288.15,101325.0,1.2250122659906946,340.29228686527705
163.721,-43.336416482854794,0.3555140618269368,0.45625373020859405,-8.778217952594375,15.0,0.002111953,0.000507786,0.000796345,8.797253442849996,288.15,101325.0,1.2250122659906946,340.29228686527705
163.772,-43.3434421384935,-1.7114762330975524,-1.5867509222763694,-10.8020330380586,15.0,-0.000551208,-0.001090111,0.000263713,11.051282601631007,288.15,101325.0,1.2250122659906946,340.29228686527705
163.822,-43.66007411440191,0.32518619976242946,0.4403173494142425,-8.779761976231239,15.0,-1.85756e-05,-0.000557478,0.00186161,8.796808841391687,288.15,101325.0,1.2250122659906946,340.29228686527705
163.873,-43.29513783207758,-0.006494107879121969,0.0942455605025353,-9.135428291098346,15.0,-0.00108384,0.000507786,-0.001334183,9.135916727997888,288.15,101325.0,1.2250122659906946,340.29228686527705
163.92399999999998,-43.60305454425117,-0.8578768647357942,-0.757137158272079,-10.001201540093827,15.0,-1.85756e-05,-2.48461e-05,0.000263713,10.066441359142782,288.15,101325.0,1.2250122659906946,340.29228686527705
164.05599999999998,-43.571108066633364,-1.19172015915989,-1.0717919108845224,-10.320653391329826,15.0,0.000514057,0.002105683,-0.000801551,10.444367920652422,288.15,101325.0,1.2250122659906946,340.29228686527705
164.07,-43.65158192018892,-0.22530653761089037,-0.09578409008409505,-9.330254419971851,15.0,0.001046689,-0.001622743,-0.000801551,9.333465871218886,288.15,101325.0,1.2250122659906946,340.29228686527705
164.11999999999998,-43.58953820448416,-0.9178586374691434,-0.8123218694617723,-10.032401815443933,15.0,-1.85756e-05,-2.48461e-05,0.00186161,10.106998440907434,288.15,101325.0,1.2250122659906946,340.29228686527705
164.172,-43.94649342086553,0.014969660230573556,0.1301008098823866,-9.099572421381815,15.0,-0.000551208,-0.001090111,-0.001334183,9.10051474167434,288.15,101325.0,1.2250122659906946,340.29228686527705
164.221,-43.6067570167847,0.14646552419703462,0.23281385862597048,-8.977671194610444,15.0,0.000516567,0.000507846,-0.001337229,8.981883684455324,288.15,101325.0,1.2250122659906946,340.29228686527705
164.273,-43.40819878307124,-0.22778603788797003,-0.10306068998688867,-9.337531019874644,15.0,0.0010492,-2.47858e-05,0.001325932,9.340877556846491,288.15,101325.0,1.2250122659906946,340.29228686527705
164.325,-43.87968093673755,0.3266443774440545,0.41299260163545437,-8.826274570323044,15.0,-0.001081329,-0.000557418,0.000260668,8.84196710178525,288.15,101325.0,1.2250122659906946,340.29228686527705
164.37099999999998,-43.63331594931146,-0.8442652434906277,-0.7291341669964522,-9.973200158286227,15.0,-1.60649e-05,-0.001622682,0.0007933,10.035394453238414,288.15,101325.0,1.2250122659906946,340.29228686527705
164.421,-43.7764696615711,-0.8534441107244645,-0.7479073427170934,-9.963189458499324,15.0,-0.001081329,-0.000557418,-0.001337229,10.027605717686175,288.15,101325.0,1.2250122659906946,340.29228686527705
164.48,-43.8204159450312,-0.04623953461566965,0.049703035142433016,-9.155984882390529,15.0,-1.60649e-05,-2.47858e-05,0.0007933,9.156236544171833,288.15,101325.0,1.2250122659906946,340.29228686527705
164.51999999999998,-43.42641452177766,-1.6638926382325052,-1.5727472041778552,-10.792826163032991,15.0,-0.001081329,-2.47858e-05,0.000260668,11.033003628444206,288.15,101325.0,1.2250122659906946,340.29228686527705
