time,baro_altitude,accl_x,accl_y,accl_z,gps_altitude,gyro_roll,gyro_pitch,gyro_yaw,At,T,P,rho,a
0.0,0.091773221032718,0.13046765879531164,-0.15926317168643914,0.12547229959739842,0.0,0.0,0.0,0.0,0.24110136004057164,288.14940347406326,101323.89750869146,1.2250014729354903,340.2919346298437
0.1,0.3432231583853781,0.28868248913385025,-0.006043710536532132,0.3036685667275899,0.0049971999999343,0.0,0.0,0.0,0.41903305882466324,288.14776904947047,101320.87683664753,1.2249719013587537,340.2909695362348
0.1999999999999999,-0.5809934046039562,1.493641134846971,1.2238917371605855,1.4836504164511444,0.0049971999999343,0.0,0.0,0.0,2.4351783060450742,288.15,101325.0,1.2250122659906946,340.29228686527705
0.3,0.2632225374457108,0.10487130641997609,-0.19485024745296028,0.1098666656178893,0.0090026999999963,0.0,0.0,0.0,0.24705322110165956,288.1482890535066,101321.83787745309,1.224981309711091,340.2912765880617
0.4,0.05587321595339411,0.40023836235021765,0.12049825525965252,0.40523372154813087,0.0119780999999647,0.0,0.0,0.0,0.5821726078210419,288.14963682409626,101324.32878196459,1.2250056949725643,340.2920724179445
0.5,0.12872471876277458,0.277361509982831,-0.04234148168083007,0.277361509982831,0.0149916999999959,0.0,0.0,0.0,0.39452707829861333,288.14916328932804,101323.45360519877,1.224997127248753,340.2917928059422
0.6,0.5026413642853094,-0.017731343717634882,-0.30246681000611325,-0.017731343717634882,0.0149916999999959,0.0,0.0,0.0,0.3035044847367828,288.1467328311321,101318.96178100833,1.2249531533859828,340.2903576695159
0.7000000000000001,-0.10536591683620525,0.40854579898723714,0.13380104709829788,0.41354115818515036,0.0269698999999263,0.0,0.0,0.0,0.5965137714988955,288.15,101325.0,1.2250122659906946,340.29228686527705
0.8,0.13074111900087507,0.5147318297228556,0.23499171264157204,0.524722548118682,0.0309752999999091,0.0,0.0,0.0,0.7716888712714604,288.1491501827265,101323.42938194692,1.2249968901100226,340.29178506677516
0.9,0.07896233516194577,0.0288345845014047,-0.25090552258916043,0.03382994369931791,0.0299834999999575,0.0,0.0,0.0,0.2548126363032402,288.14948674482144,101324.05140801673,1.225002979564504,340.2919837994151
1.0,0.106885717868038,-0.05332613949659568,-0.3230755281913344,-0.04333542110076926,0.0299834999999575,0.0,0.0,0.0,0.33030203267873043,288.14930524283386,101323.71595997021,1.2249996956264833,340.2918766264303
1.1,-0.31245755107592965,0.47825383188756626,0.19851371480628277,0.4832491910854795,0.0449751999999534,0.0,0.0,0.0,0.7082825731063139,288.15,101325.0,1.2250122659906946,340.29228686527705
1.2,-0.09405986000725815,0.44181551938407265,0.13210323712459143,0.4118433641965934,0.0479888999999502,0.0,0.0,0.0,0.6182775873830312,288.15,101325.0,1.2250122659906946,340.29228686527705
1.2999999999999998,-0.013004963773095901,-0.4970978217593312,-0.8034798548958424,-0.5137490194187325,0.0549697999999807,0.0,0.0,0.0,1.07546463287968,288.15,101325.0,1.2250122659906946,340.29228686527705
1.4,-0.0607796208633708,0.0019350715001666347,-0.2828004037799583,-0.008055646895659789,0.0549697999999807,0.0,0.0,0.0,0.2829217318035604,288.15,101325.0,1.2250122659906946,340.29228686527705
1.5,0.17927279066706914,-0.18934159454925198,-0.4740770698293769,-0.18434623535133876,0.0569914999999809,0.0,0.0,0.0,0.5427548636840323,288.1488347268606,101322.84636671572,1.2249911825538584,340.29159879680174
1.6,0.43170993354746173,-0.07956367992765395,-0.35930380100522485,-0.07456832072974073,0.0609969999999293,0.0,0.0,0.0,0.37548639793857497,288.14719388543193,101319.81386097425,1.224961495069439,340.29062991322365
1.7,0.2518745903294373,-0.10746830922905334,-0.4021945088994357,-0.1274497460207062,0.0609969999999293,0.0,0.0,0.0,0.4353771907646888,288.14836281516284,101321.9741999958,1.2249826442737701,340.29132014279986
1.7999999999999998,0.0018022803007843174,-0.0677200613211038,-0.377432343580585,-0.072715420519017,0.0629805999999462,0.0,0.0,0.0,0.3902931117344044,288.14998828517804,101324.97834872825,1.2250120540315323,340.2922799479361
1.9,-0.1555671723416321,0.1639176951108278,-0.12581314036628213,0.1639176951108278,0.0709914999999909,0.0,0.0,0.0,0.2637555076765572,288.15,101325.0,1.2250122659906946,340.29228686527705
2.0,-0.27737471155755955,0.44065100923826167,0.16590625235396317,0.44065100923826167,0.0779723999999078,0.0,0.0,0.0,0.6448810033297104,288.15,101325.0,1.2250122659906946,340.29228686527705
2.1,-0.020256726184888843,0.7280976497422869,0.4383668042744585,0.7580698049297662,0.0779723999999078,0.0,0.0,0.0,1.1388421628111145,288.15,101325.0,1.2250122659906946,340.29228686527705
2.1999999999999997,0.5137281810976871,0.8390200947422093,0.5392985378720574,0.8423503348735327,0.0749968999999737,0.0,0.0,0.0,1.305508222491807,288.14666076682283,101318.82859862073,1.2249518495572445,340.29031511690584
2.3,0.1955137044715276,0.12334058051543399,-0.1797112124897539,0.11001962298735604,0.08399959999997,0.0,0.0,0.0,0.24415842426322648,288.14872916092094,101322.65126379946,1.224989272549443,340.29153646233885
2.4,-0.25486452381023517,-1.209463282721771,-1.5225057851311388,-1.222784240249849,0.08399959999997,0.0,0.0,0.0,2.2969602948708774,288.15,101325.0,1.2250122659906946,340.29228686527705
2.5,-0.41715773042113447,0.3570892847579886,0.08400964793935178,0.37374048241738994,0.08399959999997,0.0,0.0,0.0,0.5236910601045707,288.15,101325.0,1.2250122659906946,340.29228686527705
2.6,0.11136616835703439,-0.48620807055368376,-0.7659481776442489,-0.48620807055368376,0.0849913999999216,0.0,0.0,0.0,1.0293071390890174,288.14927611990566,101323.6621356882,1.2249991687023516,340.29185942997003
2.6999999999999997,-0.13877178259527684,0.6141919970635092,0.33445187998222575,0.6141919970635092,0.0819778000000042,0.0,0.0,0.0,0.9307640294604045,288.15,101325.0,1.2250122659906946,340.29228686527705
2.8,-0.5689272322653227,-1.086954033253075,-1.3567034219478136,-1.0769633148572484,0.0899886999999353,0.0,0.0,0.0,2.044984896540399,288.15,101325.0,1.2250122659906946,340.29228686527705
2.9,0.354959192444863,-0.3536575678463021,-0.618411601339415,-0.34366684945047565,0.0899886999999353,0.0,0.0,0.0,0.7909573233603423,288.1476927652491,101320.7358532673,1.2249705211648223,340.2909244919274
3.0,-0.14790555661502341,-0.24784732197115475,-0.5475688808394503,-0.25284268116906794,0.0899886999999353,0.0,0.0,0.0,0.6520654842059993,288.15,101325.0,1.2250122659906946,340.29228686527705
3.1,0.00727165695467602,0.06390561445519372,-0.22082985183328463,0.06390561445519372,0.0949858999999833,0.0,0.0,0.0,0.2386077923675213,288.14995273422977,101324.9126436773,1.2250114107996308,340.29225895589354
3.1999999999999997,0.172697865348306,-0.10054201647627917,-0.4052589395378472,-0.1105327348721056,0.0919722999999521,0.0,0.0,0.0,0.4319270663326901,288.14887746387524,101322.92535171163,1.2249919557952587,340.29162403210506
3.3,0.3673255841574712,-0.48160982773761873,-0.7763360124219235,-0.4766144685397055,0.0919722999999521,0.0,0.0,0.0,1.030440188452497,288.14761238370295,101320.58729765823,1.2249690668401676,340.2908770282252
3.4,0.33125962209950044,-0.2500105607592949,-0.5697135414331658,-0.26999199755094777,0.0909805000000005,0.0,0.0,0.0,0.6782141833705984,288.14784681245635,101321.0205531446,1.2249733083088756,340.29101545371697
3.5,0.06927036495491305,-0.14501467377386285,-0.41476406246860154,-0.14501467377386285,0.0889968999999837,0.0,0.0,0.0,0.46269616243809253,288.14954974262776,101324.16783940961,1.2250041193932188,340.2920209982447
3.6,0.289657039437842,-0.01673187597180949,-0.30646271144891946,-0.006741157575983067,0.0829695999999557,0.0,0.0,0.0,0.30699314713462894,288.1481172292436,101321.52032116272,1.2249782009152477,340.2911751293532
3.7,0.06121425802112776,-0.9378601376071608,-1.25756312827175,-0.9578415743988137,0.0829695999999557,0.0,0.0,0.0,1.838071582106625,288.14960210732283,101324.26461896328,1.2250050668360815,340.29205191845114
3.8,0.3638891938575064,-0.19050458495362105,-0.49022614382191665,-0.2054906625473607,0.0769805999999562,0.0,0.0,0.0,0.5646592612974759,288.1476347202399,101320.62857848189,1.2249694709698133,340.29089021750616
3.9,-0.21021056394077225,-0.5243483419071584,-0.7940977395935437,-0.5193529827092451,0.0729751000000078,0.0,0.0,0.0,1.084094056960627,288.15,101325.0,1.2250122659906946,340.29228686527705
4.0,0.018884590104712023,0.05697426892389311,-0.22942633041818086,0.06030450805614464,0.0679778999999598,0.0,0.0,0.0,0.2439654526781569,288.1498772501643,101324.77313459129,1.2250100450490435,340.29221438423116
4.1000000000000005,-0.035602048484521635,-0.196588250068929,-0.4963098039418654,-0.196588250068929,0.0679778999999598,0.0,0.0,0.0,0.5688737132432298,288.15,101325.0,1.2250122659906946,340.29228686527705
4.2,0.2239107411484185,0.4613037026553187,0.16158214878238236,0.4613037026553187,0.059966999999915,0.0,0.0,0.0,0.6720944896159656,288.1485445801825,101322.31012949705,1.224985932935846,340.29142747127486
4.300000000000001,0.13093719438020965,0.5910276656901464,0.2913061068218508,0.5710462288984935,0.0589751999999634,0.0,0.0,0.0,0.8719327640489476,288.1491489082365,101323.4270264707,1.2249968670505813,340.29178431421616
4.4,0.2978606995818756,0.3446738949328553,0.034961627659451655,0.3296878173391156,0.0589751999999634,0.0,0.0,0.0,0.4782431036184559,288.1480639054527,101321.42177118626,1.2249772361355025,340.29114364274056
4.5,0.34124927047912873,0.6756686428952317,0.3859378084171935,0.6556872061035788,0.0579834000000119,0.0,0.0,0.0,1.0175469616708939,288.14778187974184,101320.90054870995,1.2249721334941976,340.29097711225296
4.6000000000000005,0.11459506276928473,-0.4665735659339934,-0.7662951198069298,-0.4665735659339934,0.059966999999915,0.0,0.0,0.0,1.0112319197378223,288.149255132092,101323.62334653971,1.224998788967789,340.2918470371187
4.7,0.09649026158684314,-0.10378186629525557,-0.4234848569598448,-0.12376330308690842,0.0639724000000114,0.0,0.0,0.0,0.4532410562129257,288.14937281329964,101323.84084213806,1.2250009181865322,340.2919165253279
4.800000000000001,0.3718871889911212,-0.23417095323878578,-0.543883235498267,-0.2541523900304386,0.0639724000000114,0.0,0.0,0.0,0.6443899801789357,288.1475827332715,101320.53249982798,1.224968530382128,340.2908595202343
4.9,0.10738154863237276,0.5801890776071557,0.27047680533839286,0.5635378799477543,0.059966999999915,0.0,0.0,0.0,0.8528493478550092,288.1493020199339,101323.71000348439,1.2249996373142151,340.2918747233775
5.0,0.24166670766218268,0.6575693524963995,0.38781994282115206,0.6808810274212319,0.0659941999999773,0.0,0.0,0.0,1.0229373074116166,288.14842916640015,101322.0968271058,1.2249838447613883,340.2913593218335
5.1000000000000005,0.202851293306946,0.47968292224711057,0.20493815836930918,0.5146504356334312,0.0629805999999462,0.0,0.0,0.0,0.7327758358113428,288.1486814665935,101322.56311707453,1.2249884096167822,340.2915082998398
5.2,-0.20426432756377488,0.4271619636860839,0.14242648840595895,0.41217588609234423,0.0629805999999462,0.0,0.0,0.0,0.6104437802908742,288.15,101325.0,1.2250122659906946,340.29228686527705
5.300000000000001,-0.2505375112732885,0.4788555306574772,0.1741386075959092,0.48385088985539043,0.0619887999999946,0.0,0.0,0.0,0.7026653239704869,288.15,101325.0,1.2250122659906946,340.29228686527705
5.4,-0.42296072520218236,0.4836401510679357,0.18058835806274776,0.486970391199259,0.0659941999999773,0.0,0.0,0.0,0.7096901526001147,288.15,101325.0,1.2250122659906946,340.29228686527705
5.5,-0.1471944236228302,-0.10110254213470213,-0.394163626734782,-0.10443278126695366,0.0729751000000078,0.0,0.0,0.0,0.4201105740992092,288.15,101325.0,1.2250122659906946,340.29228686527705
5.6000000000000005,0.4564978537438821,-0.042941133956952524,-0.33100684936840075,-0.04627137308920405,0.0729751000000078,0.0,0.0,0.0,0.3369725734861287,288.1470327639506,101319.51608977802,1.2249585799536427,340.2905347741086
5.7,-0.0325880228158868,-0.054057269234244275,-0.3421229846456925,-0.062382867564409014,0.0739668999999594,0.0,0.0,0.0,0.3519402607623898,288.15,101325.0,1.2250122659906946,340.29228686527705
5.800000000000001,0.1652343947891992,0.7787467260768537,0.4906810106654055,0.7654257685487758,0.0759886999999253,0.0,0.0,0.0,1.1971177572659784,288.1489259764339,101323.01501091833,1.2249928335341094,340.2916526777427
5.9,0.21021427480338264,0.4746889321194885,0.18162784751940858,0.4863447705809766,0.0779723999999078,0.0,0.0,0.0,0.7034553952758743,288.14863360721375,101322.47466536917,1.224987543698302,340.2914800398784
6.0,0.15792339552114198,-0.3619757536274246,-0.6467112349019806,-0.36697111282533784,0.0779723999999078,0.0,0.0,0.0,0.8270004021830059,288.1489734979291,101323.10283853873,1.224993693342093,340.29168073817607
6.1000000000000005,0.1502862394662952,0.6709764087777025,0.3712548499094068,0.6709764087777025,0.0790022999999564,0.0,0.0,0.0,1.0189449670388,288.14902313944344,101323.19458437263,1.2249945915081464,340.29171005043327
6.2,0.05210707527014312,-0.7069990146147099,-1.0217066360906677,-0.7469618881980157,0.0859831999999869,0.0,0.0,0.0,1.4497186345350686,288.14966130401075,101324.37402538201,1.2250061378919666,340.2920868727964
6.300000000000001,-0.3382038088968595,-0.30299537601836446,-0.6027169199005824,-0.32297681281001733,0.0819778000000042,0.0,0.0,0.0,0.7479223923883227,288.15,101325.0,1.2250122659906946,340.29228686527705
6.4,0.1796342292424228,-0.5901726483381843,-0.8799034828162224,-0.6201448035256636,0.0819778000000042,0.0,0.0,0.0,1.2276454990177368,288.1488323775099,101322.84202473261,1.224991140047034,340.29159740955976
6.5,0.19392515703575047,-0.1946479237659051,-0.49936483184139546,-0.21962471975547115,0.0849913999999216,0.0,0.0,0.0,0.5792133173831832,288.14873948647926,101322.67034708646,1.2249894593696562,340.29154255936396
6.6000000000000005,0.19762391807950033,0.56607178231966,0.2463687916550708,0.5360996271321807,0.0909805000000005,0.0,0.0,0.0,0.817641519525152,288.14871544453246,101322.6259137193,1.2249890243790107,340.29152836309964
6.7,-0.09326793886622366,0.31834955486113037,0.028618716386804854,0.30835883746437576,0.0879668999999694,0.0,0.0,0.0,0.44412908331957895,288.15,101325.0,1.2250122659906946,340.29228686527705
6.800000000000001,0.44574234545386504,-1.5227020595562144,-1.8157631441562943,-1.532692776952969,0.0879668999999694,0.0,0.0,0.0,2.8221914368761185,288.14710267475454,101319.64529297006,1.22495984482523,340.29057605508797
6.9,0.5105044374768581,-1.1523300728283383,-1.4553818658335262,-1.1756417477531709,0.0879668999999694,0.0,0.0,0.0,2.1973016386472226,288.14668172115637,101318.86732440811,1.2249522286749333,340.2903274900436
7.0,0.16713646967752407,0.40152878912193546,0.10846771950793316,0.4031939091875971,0.0899886999999353,0.0,0.0,0.0,0.5792719077211976,288.14891361294707,101322.99216115024,1.2249926098412096,340.291645377366
7.1000000000000005,-0.030995056013544783,-0.6927297733077737,-0.9724698953844164,-0.6727483365161209,0.0899886999999353,0.0,0.0,0.0,1.3704607110534857,288.15,101325.0,1.2250122659906946,340.29228686527705
7.2,-0.2361232981959232,1.0723427793404645,0.7876072930705493,1.0773381385383778,0.0659941999999773,0.0,0.0,0.0,1.7119876603675879,288.15,101325.0,1.2250122659906946,340.29228686527705
7.300000000000001,0.12730047583127907,0.32960083641381194,0.049860725326959454,0.3395915548096384,0.0469969999999193,0.0,0.0,0.0,0.4758626139894187,288.1491725469071,101323.47071479843,1.2249972947468495,340.29179827234384
7.4,-0.4191358226571261,-0.33642740441665886,-0.6261582398937688,-0.33642740441665886,0.0299834999999575,0.0,0.0,0.0,0.7864101590594585,288.15,101325.0,1.2250122659906946,340.29228686527705
7.5,-0.5214975764074351,-0.3522220748595929,-0.6619343371376374,-0.377198870849159,0.0299834999999575,0.0,0.0,0.0,0.8393428649068988,288.15,101325.0,1.2250122659906946,340.29228686527705
7.6,-0.18296853560256005,-0.01870092108205402,-0.3234178341529036,-0.01870092108205402,0.0299834999999575,0.0,0.0,0.0,0.32449737186422556,288.15,101325.0,1.2250122659906946,340.29228686527705
7.7,-0.01747650103909442,0.18825325738032217,-0.11646365569052741,0.20323933497406182,0.0019836000000168,0.0,0.0,0.0,0.3005150566806969,288.15,101325.0,1.2250122659906946,340.29228686527705
7.800000000000001,0.13297795891715178,-0.006935756125912405,-0.31664801840395684,-0.026917192917565252,-0.0160218000000895,0.0,0.0,0.0,0.3178657067800051,288.149135643267,101323.40251053296,1.2249966270465278,340.2917764815361
7.9,-0.12325588913975646,0.29253452664413154,0.012794404567488815,0.2875391674462183,-0.0160218000000895,0.0,0.0,0.0,0.4103887411745199,288.15,101325.0,1.2250122659906946,340.29228686527705
8.0,0.16186905700657123,0.8458248721690486,0.5361125899095673,0.8208480761794825,-0.038032600000065,0.0,0.0,0.0,1.294846704288538,288.14894785112944,101323.05543898325,1.2249932293136416,340.29166559428603
8.1,-0.10955311575315257,0.1700981739852599,-0.12962337988767647,0.19007961077691277,-0.038032600000065,0.0,0.0,0.0,0.2861221205005431,288.15,101325.0,1.2250122659906946,340.29228686527705
8.200000000000001,-0.11892228730893548,0.19767062022779242,-0.09206022524003593,0.16769846603938499,-0.0590134000000261,0.0,0.0,0.0,0.2750845955055445,288.15,101325.0,1.2250122659906946,340.29228686527705
8.3,0.12566437222623494,-0.09804652946868048,-0.41774951613698236,-0.11802796626033332,-0.0590134000000261,0.0,0.0,0.0,0.44503750515331414,288.1491831815805,101323.49036950838,1.2249974871608427,340.2918045518901
8.4,0.252480655950506,-0.4158919828114753,-0.700627459090672,-0.42088734200938854,-0.0770188000000189,0.0,0.0,0.0,0.9170556866747186,288.1483588757363,101321.96691934414,1.2249825729980688,340.2913178166498
8.5,-0.4425436695082765,0.29826519573573956,-0.0014563581371968004,0.29326983653782634,-0.0830078000000185,0.0,0.0,0.0,0.41829588210885627,288.15,101325.0,1.2250122659906946,340.29228686527705
8.6,0.3265864948492134,0.08526367094456058,-0.20446716952790855,0.23512444788102876,-0.1070023000000901,0.0,0.0,0.0,0.3230483291847451,288.1478771877835,101321.07669089506,1.2249738578839187,340.2910333897362
8.700000000000001,-0.14814289269333353,-0.26146150466973034,-0.2314893774562627,-1.210579799229617,-0.1070023000000901,0.0,0.0,0.0,1.2599416258708447,288.15,101325.0,1.2250122659906946,340.29228686527705
8.8,-0.2600897690003267,-0.5060952913053125,0.7327537697957272,-0.37621595715492817,-0.1150132000000212,0.0,0.0,0.0,0.9667465942268726,288.15,101325.0,1.2250122659906946,340.29228686527705
8.9,-0.3826724829807235,0.18781632959576613,17.701545682474848,0.6923476375580839,-0.1250077000000828,0.0,0.0,0.0,17.716075744183275,288.15,101325.0,1.2250122659906946,340.29228686527705
9.0,0.9169129769458999,-1.3628212374965791,19.42786380316345,-1.8423757994229228,0.1399993999999651,0.0,0.0,0.0,19.562554083399732,288.14404006564985,101313.98536482052,1.2249044350527025,340.28876763887274
9.1,0.9781527108964235,-1.2470083257551687,19.728504357829095,0.32652980959863076,0.1399993999999651,0.0,0.0,0.0,19.770572467127522,288.1436420073791,101313.24974249488,1.2248972333869879,340.2885325918366
9.2,1.378857106950712,1.3055201903540161,19.418692889757136,-1.0972475398830777,0.2249908000000005,0.0,0.0,0.0,19.4934339888565,288.1410374288048,101308.43651839394,1.2248501121803799,340.28699462588014
9.3,2.9853652528278687,1.5650387045842526,17.18552648985519,1.320266098891146,0.3359984999999597,0.0,0.0,0.0,17.30707281582424,288.1305951258566,101289.14115056465,1.2246612072842853,340.2808285273033
9.4,4.188296068748315,-2.082324178573594,14.838622048285412,2.633294734414265,0.5949782999999798,0.0,0.0,0.0,15.213645829807794,288.12277607555313,101274.69499763318,1.2245197725356507,340.2762113658293
9.5,5.267046171506311,-4.349029758006644,12.81002896294033,-0.4226775253568281,0.5949782999999798,0.0,0.0,0.0,13.534753716187051,288.1157641998852,101261.74156600898,1.2243929489787333,340.27207078896123
9.6,6.594490381029049,1.0800906294721642,14.35775557733985,1.2399420908360161,0.8049773999999843,0.0,0.0,0.0,14.451615735796947,288.10713581252327,101245.80370275128,1.2242369014208365,340.26697557796984
9.7,6.878020877595463,0.21500908132658375,11.819228508069694,3.2671734992998207,0.9399794999999358,0.0,0.0,0.0,12.264371737090624,288.1052928642956,101242.39977754818,1.2242035729965923,340.2658872754871
9.8,9.853448630838422,1.6263716532399382,13.400433118873597,0.4524621558101553,0.9399794999999358,0.0,0.0,0.0,13.506347194201219,288.08595258389954,101206.6838700462,1.2238538594724953,340.2544661938939
9.9,11.895982547993402,-4.128122778680187,12.666274309201524,-0.2517241649844433,0.9399794999999358,0.0,0.0,0.0,13.324386200010638,288.07267611343804,101182.17197298644,1.2236138368107947,340.2466257726994
10.0,13.776224564121357,-4.48057628608947,11.064981476873065,0.3749128682691787,1.492004399999928,0.0,0.0,0.0,11.943614971933965,288.0604545403332,101159.61194675244,1.2233929172638038,340.2394081615528
10.1,16.019253680693883,2.0762462654751532,10.298607285444497,-1.1807279215735422,1.492004399999928,0.0,0.0,0.0,10.571954833402069,288.04587485107544,101132.70435848176,1.223129411863112,340.230797733541
10.2,18.973338399925954,1.7115192167779292,11.782163568576978,-0.990970167239285,1.492004399999928,0.0,0.0,0.0,11.946995365298381,288.02667330040043,101097.2757230622,1.2227824396959723,340.2194574083498
10.3,21.11866328646949,0.5112630991880627,12.719921022847112,0.2481741737717494,1.9209670999999844,0.0,0.0,0.0,12.732610541620543,288.01272868863794,101071.55292567813,1.2225305076580648,340.2112215640497
10.4,24.35733214130144,-0.1395798633382364,11.249838811179549,-0.8089579828706729,2.4989699999999857,0.0,0.0,0.0,11.279750388808317,287.9916773410815,101032.73079408861,1.2221502561323978,340.1987880240911
10.5,27.044232681233677,0.31628408703280436,12.18525789094974,-0.3730754573024228,3.0959700999999313,0.0,0.0,0.0,12.19506993786852,287.97421248757195,101000.53190969929,1.2218348563029318,340.18847242724223
10.6,29.355071878034064,1.6767320310027403,13.240988585161615,0.872479189148923,3.0959700999999313,0.0,0.0,0.0,13.375216968396016,287.95919203279277,100972.8462607311,1.2215636499658469,340.1796003616596
10.7,33.599782371304585,0.652338908392788,11.911878875178234,-0.3167607750033032,3.0959700999999313,0.0,0.0,0.0,11.933932368540608,287.9316014145865,100922.00734219929,1.2210655992590729,340.1633029303424
10.8,36.58644392988673,0.45507448010074547,11.82451217540178,-0.15102910790777407,4.146995500000003,0.0,0.0,0.0,11.83422962258631,287.9121881144557,100886.24850617113,1.2207152541330835,340.15183527001045
10.9,40.86486953956731,1.5155165359277294,12.605214159105714,0.6163518543274835,4.8320006999999805,0.0,0.0,0.0,12.710944259807077,287.88437834799277,100835.04145507554,1.2202135148688864,340.1354070465288
11.0,44.02772247266886,0.3588883483375284,11.968102952447476,0.3688790577417083,4.8320006999999805,0.0,0.0,0.0,11.979163613800207,287.86381980392764,100797.199853559,1.2198427024129366,340.1232618692882
11.1,47.30627270783505,0.5366342286530957,12.15084450866673,1.1460680348133585,5.398979199999985,0.0,0.0,0.0,12.216565413796936,287.84250922739903,100757.98614338615,1.219458416624194,340.11067196313445
11.2,51.674742472692834,0.21283137659265527,12.196698128353036,1.1219867466165725,6.068992600000001,0.0,0.0,0.0,12.25004476271887,287.81411417392746,100705.75544430576,1.2189465229937384,340.09389595092154
11.3,55.85595063316236,0.7534256218460296,12.97207441775797,1.89736285918579,6.517982399999937,0.0,0.0,0.0,13.13173068132767,287.7869363208844,100655.78423602978,1.2184567265069763,340.0778382948142
11.4,59.132329646096146,-0.12075697495022109,12.68734424028392,2.3769226829516237,6.517982399999937,0.0,0.0,0.0,12.908642359256634,287.76563985730036,100616.64101753724,1.2180730290479032,340.0652550459298
11.5,63.60880392127105,0.986174876856,13.384656673827843,2.284968280302297,6.993980399999941,0.0,0.0,0.0,13.614060937353477,287.7365427745117,100563.18007021537,1.2175489376061204,340.0480619630011
11.6,71.19599895198968,0.7227978236766538,14.216928068369944,2.0215912271229506,6.993980399999941,0.0,0.0,0.0,14.378119191490148,287.68722600681207,100472.62141754352,1.2166610468267993,340.0189193491409
11.7,74.6613147991856,-0.18683768497254494,13.240687837020024,1.8246269597133922,8.456001199999946,0.0,0.0,0.0,13.367123335259866,287.66470145380526,100431.28234333264,1.2162556833956542,340.00560814969026
11.8,79.52263935088075,0.5173857143217309,14.456102647889182,2.8119206223075217,8.456001199999946,0.0,0.0,0.0,14.736128709055548,287.63310284421925,100373.31296274989,1.2156871927328894,339.9869336312888
11.9,84.98351012682669,0.46691455265392745,13.849481792910758,2.779765888262684,9.783973699999931,0.0,0.0,0.0,14.133409126081203,287.5976071841756,100308.226544966,1.215048832685964,339.96595476474505
12.0,88.72731532866295,1.0818131857396125,15.083804761727952,3.249799034673857,10.654983499999958,0.0,0.0,0.0,15.467794917975027,287.5732724503637,100263.62504601272,1.2146113408452661,339.9515715504602
12.1,95.00204749547095,-0.6098587827196886,13.576961306384462,1.2034566630699024,10.654983499999958,0.0,0.0,0.0,13.643830620093778,287.5324866912794,100188.90758097965,1.2138783613865476,339.9274634780551
12.2,100.89961019068802,1.6207942557799702,16.387075952896815,3.1393834529446583,11.889991699999996,0.0,0.0,0.0,16.76362015706038,287.4941525337605,100118.72243597337,1.2131897493197061,339.9048029650983
12.3,105.92138030521187,1.4168971845031404,15.595391642307753,2.3327131167135953,84.8609543,0.0,0.0,0.0,15.832415753551418,287.4615110280161,100058.99122658717,1.21260363228434,339.8855063647593
12.4,111.26657855838913,2.483626680128505,16.016055062982097,2.453654553914109,93.5129928,0.0,0.0,0.0,16.392157940206168,287.42676723937046,99995.44472298479,1.2119800042948374,339.8649657591759
12.5,118.80845444742877,3.091403331569611,16.76203620031864,2.881598207292526,93.5129928,0.0,0.0,0.0,17.286591346112854,287.3777450460917,99905.83855790888,1.2111005057751139,339.835981617122
12.6,124.59174466068588,3.955943711400163,17.218623069221167,3.358165661777498,98.4989547,0.0,0.0,0.0,17.983541021156633,287.3401536597055,99837.17046920992,1.2104264161722003,339.8137542113707
12.7,129.6697665693987,4.207337308400927,17.87131037625616,3.9942019469897345,106.41101829999992,0.0,0.0,0.0,18.789333968623797,287.30714651729886,99776.90792275575,1.2098347680355053,339.7942362237872
12.8,136.53855587575256,3.0096435385957934,17.45622261670277,3.139522992634798,114.84699249999994,0.0,0.0,0.0,17.989837878496274,287.2624993868076,99695.44062365677,1.2090348268990483,339.7678334224362
12.9,141.1596579404862,2.693565084440286,17.145139989310803,3.6726556261022605,114.84699249999994,0.0,0.0,0.0,17.739772193157407,287.2324622233868,99640.66234084594,1.2084968797844995,339.750069306413
13.0,147.57120096138829,2.0405970615736573,17.751001760990288,3.883884514688095,122.0989608,0.0,0.0,0.0,18.28514858593764,287.19078719375096,99564.70063977834,1.2077508089482973,339.72542096456766
13.1,156.90415509542467,1.7018519373159124,18.371365402917515,4.928853878261591,126.90395349999994,0.0,0.0,0.0,19.097040800535428,287.1301229918797,99454.21090501874,1.206665421759412,339.689538441717
13.2,164.20586655320787,1.6291728257158362,19.137907353900435,5.670418462784929,135.0999832,0.0,0.0,0.0,20.026665911369758,287.0826618674041,99367.83761723463,1.2058167808094191,339.6614628194575
13.3,168.60027164792118,0.8295326706437052,19.517172270256445,5.839877775309372,135.0999832,0.0,0.0,0.0,20.389024260839083,287.0540982342885,99315.8846761855,1.2053062614958985,339.64456488719725
13.4,174.17836557740875,-0.747208933445801,18.509900665610797,4.343062147173928,143.84700769999995,0.0,0.0,0.0,19.027268134317527,287.0178406237468,99249.96923228448,1.204658465506964,339.6231140712674
13.5,180.8253742842514,-0.6657200076652758,19.179177056493792,4.774226210813948,149.7179794,0.0,0.0,0.0,19.775673227603825,286.97463506715235,99171.46885505717,1.2038868820001756,339.59755092526285
13.6,199.2004700052353,-0.8903255728253401,19.166042012419375,4.171638311822005,158.57196799999997,0.0,0.0,0.0,19.634979303582483,286.85519694496594,98954.72273266547,1.201755871508753,339.52687374679704
13.7,207.01333618177148,0.03468196530027079,19.393363599630472,4.746970820986953,158.57196799999997,0.0,0.0,0.0,19.965908106607394,286.8044133148185,98862.68122915691,1.200850666765228,339.49681821605645
13.8,214.40037964894913,-0.39178809118139624,19.409815391697418,3.9441837705348752,164.58499899999993,0.0,0.0,0.0,19.810376499802224,286.7563975322818,98775.7200111618,1.199995278014332,339.46839834703036
13.9,221.08229912172612,-0.11655165372822493,19.44027913753731,4.394257768925218,173.68198389999998,0.0,0.0,0.0,19.931069679601112,286.71296505570876,98697.11296525935,1.1992219412694516,339.4426892229934
14.0,230.39455165197637,-0.1593605039684754,20.206719321574703,3.2874373006306232,182.75402069999996,0.0,0.0,0.0,20.47301017233917,286.65243541426213,98587.6468058132,1.1981448170577673,339.40685647159444
14.1,258.1324784111161,-1.7061818605776038,19.614010271974532,1.555787680673646,199.06200409999997,0.0,0.0,0.0,19.74945393669968,286.4721388903277,98262.16799533335,1.194940827905248,339.3001008780516
14.2,266.54352829613083,-1.267827357149836,20.112309683222218,2.044095669179859,199.06200409999997,0.0,0.0,0.0,20.255634132411938,286.4174670660751,98163.64425002813,1.193970569620477,339.26772244032236
14.3,277.303135909926,-1.4479213475595814,20.082076747490913,1.1097025637701265,208.7979507,0.0,0.0,0.0,20.16476437999889,286.34752961658546,98037.72704654721,1.1927302717796369,339.22629869604333
14.4,287.49524436213835,-1.0314811645072393,20.903140940653117,0.7019084921547227,218.8100052,0.0,0.0,0.0,20.940342167904053,286.2812809116461,97918.571807482,1.191556300870533,339.1870551185042
14.5,290.70711305828905,-0.1572085374570893,21.45271442058144,0.8518539815575779,228.3289718,0.0,0.0,0.0,21.470196220369477,286.2604037651211,97881.04638150438,1.1911865272609123,339.1746872351904
14.6,300.6604831454817,-0.973655144422154,20.266612487805027,-0.8437757912894048,228.3289718,0.0,0.0,0.0,20.30752431137485,286.1957068595543,97764.83150260473,1.1900411806728124,339.13635711266505
14.7,309.4430122778816,0.34731347814789026,20.87324447032873,-1.136308188646256,234.76398459999996,0.0,0.0,0.0,20.907036080463357,286.1386204201938,97662.38009589094,1.1890312640500391,339.10253226459884
14.8,324.6192101388525,1.1204502865334833,21.436575913660924,-0.762800121089079,244.48696129999996,0.0,0.0,0.0,21.47938685743786,286.03997513409746,97485.54912570756,1.1872876751229118,339.04407502143397
14.9,331.5520837631649,1.881592746620315,22.042862478389683,-0.6460590384949969,244.48696129999996,0.0,0.0,0.0,22.13245512333765,285.9949114555394,97404.85455350876,1.186491810502681,339.0173669100709
15.0,368.057997797504,1.6261294638099706,21.34780711160385,0.5771039313419403,244.48696129999996,0.0,0.0,0.0,21.417427820699785,285.7576230143162,96980.83890272152,1.1823078160361953,338.8766972820103
15.1,381.5445857549243,4.32588881931748,22.643870682358525,2.9571603940939006,281.2910079999999,0.0,0.0,0.0,23.24226734105065,285.66996019259295,96824.5709874666,1.1807649578789199,338.8247141260468
15.2,392.2526547289632,2.8676519105132443,21.605243895226334,2.7827307661839895,281.2910079999999,0.0,0.0,0.0,21.97165405173566,285.6003577442617,96700.64279271768,1.179541058115419,338.7834349059683
15.3,400.96016143158965,3.824032511897553,22.741457737447792,4.2636241782610105,291.2569808999999,0.0,0.0,0.0,23.451558920669335,285.54375895069467,96599.96251370678,1.1785465322279203,338.7498640730586
15.4,419.41719927729883,2.397711075678698,22.209305940337043,4.290952311594989,297.7529525,0.0,0.0,0.0,22.74674834991377,285.42378820469753,96386.83420914531,1.176440586964846,338.6786939945024
15.5,435.4282672515873,2.108059301686368,23.038613672563663,5.028679147553081,307.5749588,0.0,0.0,0.0,23.67507651396504,285.3197162628647,96202.25872864667,1.174616059486437,338.6169434251001
15.6,448.04289576354284,1.4579987384706277,22.311958554428102,5.707384213905218,307.5749588,0.0,0.0,0.0,23.076470471478817,285.23772117753697,96057.03904342165,1.1731800956443619,338.568284116538
15.7,462.1308297141267,1.008033899648243,22.967632930677507,5.803578898488067,317.43900299999996,0.0,0.0,0.0,23.710964189845967,285.14614960685816,95895.06852187487,1.1715780085337038,338.5139334540132
15.8,471.82164356306197,-0.09802204903295358,22.141316192919433,5.63665037910737,317.43900299999996,0.0,0.0,0.0,22.847742089169866,285.08315931684007,95783.78061193689,1.1704769362294205,338.47654163126066
15.9,471.4832312908249,-1.119037844831102,22.229270695541032,1.5884468794016602,317.43900299999996,0.0,0.0,0.0,22.31402887966412,285.0853589966096,95787.66512665107,1.1705153733574825,338.4778474582458
16.0,532.4727532580696,-1.7373523772777952,22.859796559018534,1.409723893429804,355.8769606999999,0.0,0.0,0.0,22.969022910395108,284.68892710382255,95089.64499476981,1.1636037149077842,338.2424265748062
16.099999999999998,552.126855989636,-0.9607466073794271,23.483211536640272,1.0823552915791428,355.8769606999999,0.0,0.0,0.0,23.527765535541093,284.56117543606734,94865.58501628753,1.161383072942905,338.1665263926818
16.2,575.643259189461,-0.2748801410390107,23.29821997585589,1.0472249163516103,363.8669967,0.0,0.0,0.0,23.323363675952397,284.4083188152685,94598.05615474828,1.1587303064736953,338.07568839283897
16.299999999999997,586.9248616965477,0.7814728059128437,23.06743570849715,1.2926645921396644,376.7739485999999,0.0,0.0,0.0,23.116839569019863,284.3349883989724,94469.93066012817,1.1574593325447937,338.0321017120934
16.4,597.9629227862843,1.7431264113268985,23.497916465544673,0.9988178858424707,376.7739485999999,0.0,0.0,0.0,23.583642744000763,284.2632410018891,94344.70710968571,1.1562168282555194,337.98945051795505
16.5,597.6780573092901,2.2794660236490736,24.139158171440695,4.287600352274227,376.7739485999999,0.0,0.0,0.0,24.62272201361224,284.2650926274896,94347.9371340739,1.1562488814325433,337.99055130907027
16.599999999999998,661.6228170363801,2.546446679656885,24.326213150216926,5.983253805823031,408.9699935,0.0,0.0,0.0,25.180316976301516,283.8494516892635,93625.12451087633,1.1490708234456108,337.7433628516841
16.7,674.3402523877168,4.559076172450885,22.4824250275143,5.79792502474591,419.2840195,0.0,0.0,0.0,23.661372429691934,283.76678835947985,93481.90642139137,1.1476473136911223,337.69418004760485
16.799999999999997,694.015025999426,5.753939670869568,23.867111525057915,8.62127597435666,419.2840195,0.0,0.0,0.0,26.020630924548666,283.6389023310037,93260.68744821067,1.1454477018189464,337.6180766483934
16.9,715.9076737298869,4.347361530682221,22.630375436749052,8.653361102336314,426.3000105,0.0,0.0,0.0,24.615322525900357,283.4966001207557,93015.02963596651,1.1430039274280357,337.5333741876914
17.0,733.7594515898058,3.6909039785465407,21.67919279990716,8.861101177987605,426.3000105,0.0,0.0,0.0,23.709265841036295,283.38056356466626,92815.1025616376,1.1410141705118784,337.4642900807913
17.099999999999998,733.9051814720966,3.199992776716992,22.52703765830863,11.30746041025035,426.3000105,0.0,0.0,0.0,25.407991663240033,283.37961632043135,92813.47192483993,1.1409979383896933,337.4637260665089
17.2,821.9113725252219,3.091479998956461,23.232767420745386,11.553618035634473,426.3000105,0.0,0.0,0.0,26.13053425255087,282.807576078586,91832.95907064735,1.1312275874507205,337.1229458205142
17.299999999999997,863.2470398803446,-1.9163514744299497,23.37015673045778,10.357245919986676,474.1720194999999,0.0,0.0,0.0,25.63414074289972,282.5388942407777,91375.32575732782,1.1266607007874025,336.962765641163
17.4,886.6190441491424,-1.9286065919251103,23.51775390655331,12.108352949030024,474.1720194999999,0.0,0.0,0.0,26.521999987442587,282.38697621303055,91117.38921637821,1.1240847428456218,336.87216289080726
17.5,915.8943372156543,-0.4171914154655647,25.159047582938253,13.61976812548957,474.1720194999999,0.0,0.0,0.0,28.61205703457532,282.1966868080982,90795.13527956014,1.1208645100771246,336.7586413554527
17.599999999999998,1017.3893880447463,-0.5148817868194895,22.59365042920076,17.333536854113724,458.5609814999999,0.0,0.0,0.0,28.481391167642087,281.53696897770914,89685.04509174768,1.1097548428951498,336.36477479526894
17.7,1020.8768960336463,2.8687064197660876,21.27660501412268,15.202248309385963,458.5609814999999,0.0,0.0,0.0,26.30649636705781,281.5143001757813,89647.09712390312,1.1093746027426827,336.3512328082673
17.799999999999997,1022.230796675256,2.8104057366953326,20.45401403408678,11.976889814912482,519.5349505,0.0,0.0,0.0,23.86861873150651,281.50549982161084,89632.36868224457,1.109227014920428,336.3459754676883
17.9,1048.8974429387993,2.4900662222792675,20.268549447800893,12.970329829491904,584.4129565,0.0,0.0,0.0,24.191816434387345,281.3321666208978,89342.67402895463,1.1063231616009346,336.24240928226203
18.0,1060.4170561791852,7.775486138962263,21.103104627856418,9.798606233470743,584.4129565,0.0,0.0,0.0,24.531854674077557,281.2572891348353,89217.76477607078,1.1050705385245816,336.19766029021713
18.1,1062.3898119763007,11.753895777490746,25.126472570100216,11.279336264050974,632.6620105000001,0.0,0.0,0.0,29.945235285795444,281.244466222154,89196.38801660047,1.1048561332909193,336.1899963423912
18.2,1077.2565356828093,13.660655248607538,-9.308006118606244,13.620692404996388,698.0320355,0.0,0.0,0.0,21.419050896733175,281.1478325180617,89035.42572643168,1.1032413949489281,336.1322350713086
18.299999999999997,1180.1113143975992,8.902748586590171,10.990808640402356,23.46422117701619,761.5169904999999,0.0,0.0,0.0,27.397563439289844,280.47927645641556,87928.24582193106,1.0921192933405437,335.7323440324744
18.4,1279.3773195426284,7.454907439835583,10.422150594590015,35.788584941277726,761.5169904999999,0.0,0.0,0.0,38.013414475049196,279.8340474229729,86870.29516804362,1.081466801002796,335.34595366258725
18.5,1434.7711831155925,7.707166581731956,9.02594110426506,45.2722662284529,801.2899395000001,0.0,0.0,0.0,46.80220207422023,278.82398730974865,85234.86415053917,1.0649509090027578,334.7401914622274
18.6,1434.9699999525415,7.109955605996487,7.076653163721308,11.805593778545767,801.2899395000001,0.0,0.0,0.0,15.492015142740023,278.82269500030844,85232.78780733408,1.0649299023231216,334.73941572479026
18.7,1304.8292850887844,7.032638777341438,15.379884019033994,20.884770084920877,908.2630535,0.0,0.0,0.0,26.87326668106261,279.6686096469229,86600.7020288474,1.0787483341914568,335.2468108107949
18.799999999999997,375.58704077838604,6.665119504757842,13.533738405884796,-9.959435772021699,908.2630535,0.0,0.0,0.0,18.076953674462132,285.70868423494045,96893.57537996762,1.1814463076656043,338.84767807009615
18.9,171.68298410401508,1.280962979491767,10.792127112114327,-2.4955285461566095,948.6790085,0.0,0.0,0.0,11.150719101633943,287.0340606033239,99279.45237572616,1.2049482265654181,339.6327103425961
19.0,555.0055615243623,-11.93674868404746,13.754383351117196,8.754028518262245,970.7679365,0.0,0.0,0.0,20.20648524147996,284.5424638500916,94832.80322800446,1.1610580914182758,338.1554079819459
19.1,461.6690665813087,-31.03481822889863,16.615912850283227,27.37591702216133,999.7759625,0.0,0.0,0.0,44.594723176102896,285.14915106722145,95900.37395531322,1.1716304939288644,338.5157150552752
19.2,363.34887778699414,-33.03151850739985,13.355385405907287,-10.777195448682386,999.7759625,0.0,0.0,0.0,37.223587629138066,285.7882322943845,97035.45114243713,1.1828468998607269,338.89484639360376
19.299999999999997,181.73880852791163,-24.173232614684387,8.286611220571924,4.030565372774445,1027.0089334999998,0.0,0.0,0.0,25.87003204073698,286.96869774456854,99160.68523627995,1.2037808802819554,339.5940378784789
19.4,525.5655866157946,-21.77823658370271,7.657750165426515,8.212235341111795,1044.3529895,0.0,0.0,0.0,24.502521004778725,284.7338236869973,95168.48950385542,1.1643849001487654,338.26909661554015
19.5,921.7007095454753,-20.815299905071363,4.546139448078733,6.96389337679726,1068.2329945,0.0,0.0,0.0,22.415171312814948,282.15894538795436,90731.33022617534,1.1202266585425913,336.7361212924108
19.6,812.2730645535739,-22.01175001340953,9.838660583159324,7.1561525130479255,1068.2329945,0.0,0.0,0.0,25.15008746532404,282.8702250804017,91939.93256661633,1.1322944892344795,337.16028436496055
19.7,812.600095020031,-11.377335630268457,9.837954540587312,10.057750612047673,1092.1189495,0.0,0.0,0.0,18.093851523669137,282.8680993823698,91936.30127323416,1.132258276348909,337.1590175255482
19.799999999999997,312.59987919707595,-4.66635136515577,16.65384184539488,20.01072383582638,1092.1189495,0.0,0.0,0.0,26.449089808691465,286.118100785219,97625.57533928934,1.1886684112813866,339.090373149336
19.9,1076.9148675890133,2.4437084120623864,12.97392564122631,15.002041845235658,1092.1189495,0.0,0.0,0.0,19.98388643065847,281.1500533606714,89039.1223306023,1.1032784846977752,336.13356265635394
20.0,569.8004741035181,6.330886833170834,6.970292676628098,-4.12440012091951,1140.2560045,0.0,0.0,0.0,10.279872783731909,284.4462969183271,94664.46812444441,1.1593889682585008,338.0982598928426
20.1,693.1000354026713,3.6600576103206106,7.731275403576255,-2.6740578866017843,1167.0469285,0.0,0.0,0.0,8.96209945591468,283.6448497698826,93270.96600050741,1.1455499249076104,337.62161627630235
20.2,1057.2958047754369,6.489554579771489,6.233126136615966,0.3052999696834641,1167.0469285,0.0,0.0,0.0,9.003298737145563,281.27757726895965,89251.59509487233,1.1054098308515279,336.20978566525514
20.299999999999997,1044.6571613571114,-16.36341759987648,4.746969767065362,0.4159934633623002,1190.5309675,0.0,0.0,0.0,17.04312788425118,281.35972845117874,89388.68780955412,1.106784515983607,336.258879544727
20.4,917.1528096874314,-19.493766004858404,12.461546434517267,16.607694189137934,1190.5309675,0.0,0.0,0.0,28.48003790151497,282.1885067370317,90781.30309658809,1.1207262386302252,336.75376048740856
20.5,1268.8780569507223,-10.791692099163692,12.68150114148707,20.93882975576755,1229.6709824999998,0.0,0.0,0.0,26.75286304502205,279.9022926298203,86981.70359679848,1.0825897290582884,335.3868428235459
20.6,1226.3377821743045,-2.4467566578687254,8.912689805513558,21.361125201458037,1229.6709824999998,0.0,0.0,0.0,23.274886199173903,280.178804415867,87434.28620121458,1.087148672675689,335.55246405086115
20.7,602.1712477787764,0.9072945626381157,5.293219864474599,8.277114696442917,1253.1550214999995,0.0,0.0,0.0,9.866711086027223,284.23588688943795,94297.00030793343,1.1557433850451644,337.97318808488114
20.799999999999997,734.8551222442959,4.6166896196180875,9.022596279319549,2.203931045102116,1276.6390605,0.0,0.0,0.0,10.371999745229715,283.37344170541206,92802.84318133142,1.140892133570669,337.46004951424095
20.9,1163.8575674536287,1.3316562015886135,10.478158923938931,4.164024964714445,1276.6390605,0.0,0.0,0.0,11.353599719089782,280.5849258115514,88102.46355587254,1.0938711443900881,335.79556896404716
21.0,1243.1699171757732,1.1596017749921743,8.982334024160945,2.848033181888696,1276.6390605,0.0,0.0,0.0,9.494118906107264,280.06939553835747,87254.98304211338,1.085343058949511,335.4869416013084
21.1,1172.202486032476,1.2806737593444038,5.721548079295746,6.286023725607034,1315.7789235,0.0,0.0,0.0,8.595948579444896,280.53068384078887,88012.98266712356,1.0929714493462026,335.76310981866044
21.2,906.6491988707749,-7.392330010998013,6.561373103067576,13.390029283469215,1391.4789965,0.0,0.0,0.0,16.64304792402292,282.25678020733994,90896.80321596624,1.1218806961824492,336.7944955932678
21.299999999999997,1309.0225541427162,-2.916098974040038,6.884796002052207,26.231822663117136,1421.7980575,0.0,0.0,0.0,27.27659380211351,279.64135339807234,86556.35102290039,1.0783009626931237,335.23047398779744
21.4,1322.6768629527648,-1.469505386840403,7.731946412570012,30.001257682898668,1421.7980575,0.0,0.0,0.0,31.01641346069035,279.552600390807,86412.06074206925,1.076845195279321,335.1772717817448
21.5,1171.1169640358507,3.809776074228406,7.526323107670749,31.37416779961887,1449.3929675,0.0,0.0,0.0,32.488433916941325,280.53773973376695,88024.61833632305,1.0930884512509822,335.7673323401324
21.6,823.6848994031568,6.709204145779579,3.2674016054665684,32.11560061175136,1449.3929675,0.0,0.0,0.0,32.97121678335023,282.79604815387944,91813.28606272422,1.1310313526733078,337.11607477484597
21.7,1185.7081754288897,10.058569907082148,5.342950797277137,36.35913780249877,1495.8460615,0.0,0.0,0.0,38.101297268451084,280.4428968597122,87868.31980534726,1.091516553090256,335.71057022532455
21.799999999999997,1493.5927159030662,6.554792191505089,-0.02409579122179195,31.921227014750073,1495.8460615,0.0,0.0,0.0,32.58727689464372,278.44164734663,84622.34542447969,1.0587497298144461,334.51060494278835
21.9,1381.9002249887362,2.5724990249701523,-3.117215034515183,30.951135311680247,1513.0999374999997,0.0,0.0,0.0,31.213900074915657,279.1676485375732,85788.47748484222,1.0705484343411147,334.94641798024134
22.0,1008.9883785637558,2.410029351714335,-8.419909422330878,3.893651047481565,1539.6789165,0.0,0.0,0.0,9.584551874549755,281.59157553933557,89776.51083120269,1.110671207482065,336.3973936611174
22.1,1545.4678499303943,1.9733057518948187,3.426955321447653,-2.9521183642968003,1566.3109965,0.0,0.0,0.0,4.9348719540103545,278.1044589754524,84085.12303853282,1.0533038234033887,334.3080000964157
22.2,1478.0068445993577,0.7828511392901852,-7.509445200179847,-3.3383202589325247,1566.3109965,0.0,0.0,0.0,8.255241078974702,278.54295551010415,84784.29556314534,1.0603901515415803,334.57145355042707
22.299999999999997,1259.4942145238579,3.1501419784004616,-7.699778333342661,-2.7493773851948893,1593.3439254999998,0.0,0.0,0.0,8.761795299646925,279.9632876055949,87081.37410551443,1.08359411423572,335.42338378541893
22.4,1234.8270806136122,-17.661887636161964,-8.715199861189843,7.994276560918025,1611.3199995,0.0,0.0,0.0,21.255715495492915,280.1236239760115,87343.81728115081,1.08623772319867,335.5194193593565
22.5,1476.2940175501521,-18.119391073516923,-8.073724369915718,13.426302071481361,1611.3199995,0.0,0.0,0.0,23.953349356427807,278.554088885924,84802.10855268217,1.06057054606648,334.57813990245427
22.6,1733.4135526915588,-16.89066494490102,-10.022046996888603,15.983793676807146,1638.0230334999997,0.0,0.0,0.0,25.322275738793543,276.88281190750484,82161.8209727786,1.0337523457473023,333.5729239930438
22.7,1130.7541891454755,-10.638903334130129,-10.913648665480736,21.34138600513858,1664.7449874999998,0.0,0.0,0.0,26.224964212880053,280.8000977705544,88458.15046650526,1.0974457191592073,335.9242999413003
22.799999999999997,940.8966104332231,-5.191155825026818,-7.943598857970258,31.799478888656953,1691.6270065,0.0,0.0,0.0,33.18517318330877,282.034172032184,90520.64872321414,1.118119894026771,336.66165910981573
22.9,1195.4169313402986,0.8247801339057195,-11.808483018857187,34.73327770895411,1691.6270065,0.0,0.0,0.0,36.694973959430094,280.37978994628804,87764.44586065097,1.0904715960436469,335.6727963146772
23.0,1874.4921699468168,0.5052440376731325,-12.06307938557259,36.61170042908866,1709.3749614999997,0.0,0.0,0.0,38.55113181359999,275.9658008953457,80741.65908848282,1.0192596983697404,333.0200840877508
23.1,969.9948662586244,-0.06668845668464513,-13.164520164714256,22.822046997516598,1736.4060594999996,0.0,0.0,0.0,26.346818928938642,281.8450333693189,90202.04103519296,1.1149321201080797,336.5487536154728
23.2,1329.2692727480312,1.774715305826334,-12.815063977039859,13.443874493057852,1763.9939495,0.0,0.0,0.0,18.65779302429552,279.5097497271378,86342.46599063443,1.0761428775474242,335.1515823069389
23.299999999999997,1554.2491514659232,1.1002182085272108,-9.634808831673189,6.385308440732828,1763.9939495,0.0,0.0,0.0,11.610864964013508,278.0473805154715,83994.45722745631,1.0523840781354832,334.27369146816284
23.4,1306.0940180783793,0.10673628655217855,-10.773155854681002,5.571659098209384,1790.8849714999997,0.0,0.0,0.0,12.129124651464917,279.6603888824905,86587.32337259801,1.0786133874031125,335.24188354113284
23.5,1643.891066202039,6.718279615607399,-8.732366655285706,15.375236472179449,1808.3289714999996,0.0,0.0,0.0,18.915269095925353,277.4647080696867,83073.43631532193,1.0430301753400246,333.9232579979493
23.6,1246.6461248298292,13.67301647169834,-10.079916136729826,14.367371570050489,1834.9760054999997,0.0,0.0,0.0,22.248088785123443,280.0468001886061,87217.9901010169,1.084970445845746,335.4734081738747
23.7,1246.5752142734232,12.582693018954116,-7.698465520391605,-2.2834963117033213,1834.9760054999997,0.0,0.0,0.0,14.926650340362961,280.0472611072227,87218.74458669119,1.0849780457378084,335.4736842453661
23.799999999999997,1387.3037398852025,-1.3641521550484907,-10.81537167757454,-2.3382471626749806,1852.3870465,0.0,0.0,0.0,11.149016791626181,279.13252569074615,85731.76390283403,1.0699753260296863,334.925347054146
23.9,1656.2308936179286,-1.7983199859177699,-11.799028615590178,0.5245221190394771,1878.6820605,0.0,0.0,0.0,11.946805200413575,277.3844991914834,82947.29438267047,1.0417475438594062,333.8749896144985
24.0,1683.609191443776,2.511229156935923,-11.221013283122856,1.7968927476751733,1905.0950245,0.0,0.0,0.0,11.638137072801314,277.20654025561544,82667.97780941062,1.0389060861119932,333.76787192976525
24.1,1585.4584158005034,7.6656216016222904,-8.079750580209435,6.087088409789345,1905.0950245,0.0,0.0,0.0,12.692390211707359,277.8445202972967,83672.86597502283,1.0491202204659595,334.1517280695622
24.2,1449.2771678614029,5.006893403210146,-9.999166084896045,3.618183680065899,1931.2029645,0.0,0.0,0.0,11.753448731633613,278.72969840890084,85083.4784127811,1.0634190610830387,334.6835877356178
24.299999999999997,1384.5000552805757,1.8614483607511028,-9.023439640214983,7.201487282376943,1948.4260175,0.0,0.0,0.0,11.693967334424315,279.1507496406762,85761.18669824902,1.0702726614909588,334.9362801460877
24.4,1362.0639846890483,-5.528801833991613,-10.69899867576496,9.866895180008463,1948.4260175,0.0,0.0,0.0,15.568938399160157,279.29658409952117,85996.93290546547,1.0726543219938987,335.0237577427526
24.5,1438.334000922106,-5.810921312448161,-11.695454313714299,9.904478748164529,1974.4968795,0.0,0.0,0.0,16.390520350998177,278.8008289940063,85197.66207929663,1.0645745152382384,334.7262898964187
24.6,1745.9035978703414,-3.3484459681955103,-10.739912203280866,6.69722168352487,2000.0968555,0.0,0.0,0.0,13.092386444586095,276.80162661384276,82035.28027676493,1.0324629528157612,333.524016657429
24.7,1963.7789554643514,0.39960248266269327,-12.078804624881368,6.209205226838543,2000.0968555,0.0,0.0,0.0,13.58717898826702,275.3854367894817,79853.1758051493,1.0101681515630483,332.6697243251766
24.799999999999997,1927.1692716703403,1.6921896740874294,-8.471700749993834,3.7969009944949725,2000.0968555,0.0,0.0,0.0,9.43661362208558,275.62339973414277,80216.51221292374,1.0138883633166746,332.8134246859041
24.9,1841.9564581768693,-2.1183747454037056,-12.713531508266732,1.308441657371254,2000.0968555,0.0,0.0,0.0,12.955053629545484,276.1772830218503,81067.40132239525,1.0225881309057707,333.1476620479138
25.0,1844.1118716580788,-5.817409469666834,-9.993529903987696,-1.6013263965445497,2068.9048384999996,0.0,0.0,0.0,11.673779983704337,276.1632728342225,81045.78881592964,1.0223673733396543,333.13921182275885
25.1,1894.0166407174263,-4.103017534552023,-10.097448337265995,-4.822349525803707,2086.3010784999997,0.0,0.0,0.0,11.918400511881467,275.8388918353367,80546.69267373286,1.0172663106198232,332.94350190665494
25.2,1875.367032737132,-3.474460585825943,-10.143264948195084,-5.767330414708018,2086.3010784999997,0.0,0.0,0.0,12.174555445031952,275.9601142872086,80732.91476067546,1.0191703137004622,333.0166529298505
25.299999999999997,1771.4821915420987,-5.270361107078529,-9.631309696847481,-4.351214819843488,2112.2129434999997,0.0,0.0,0.0,11.809822313820812,276.63536575497636,81776.62775089375,1.0298262214173801,333.42383603448684
25.4,1716.8415540268345,-8.00021185557362,-8.62463175531277,-2.796712929192812,2138.3158495,0.0,0.0,0.0,12.09170235562902,276.99052989882557,82329.9611927752,1.0354650348113978,333.6378039887582
25.5,1809.8556026130027,-12.019085842030963,-9.106791708388604,-3.833357820174825,2138.3158495,0.0,0.0,0.0,15.559135961729368,276.38593858301545,81389.83192867645,1.0258802202393253,333.2734870018262
25.6,1882.2915452379434,-10.748259407474816,-9.33956826652128,-1.4768729439548371,2138.3158495,0.0,0.0,0.0,14.315508003140092,275.9151049559533,80663.73072165455,1.0184630483041135,332.9894941715864
25.7,1950.259830851454,-10.716333110703061,-9.857131188791934,0.9827982017437792,2190.0071335,0.0,0.0,0.0,14.59344794481264,275.47331109946555,79987.19216502189,1.011540722974438,332.7227968317504
25.799999999999997,1961.9877317723985,-9.510788223246871,-8.681558195765472,2.0284917147553676,2207.1360394999997,0.0,0.0,0.0,13.036077783242366,275.39707974347937,79870.92191824812,1.0103499292164826,332.6767566820863
25.9,1910.8352825586082,-4.920689316317398,-8.472389653082885,6.909986535266596,2232.5370405,0.0,0.0,0.0,11.98926535276252,275.72957066336903,80379.0517690562,1.015551571937226,332.87751886014786
26.0,1936.8270299624962,-6.261864509915682,-9.48886657074998,5.726997565076026,2232.5370405,0.0,0.0,0.0,12.729808994970222,275.5606243052438,80120.53311553187,1.012905942789658,332.77552207088235
26.1,1962.7911825653375,-8.614329108802323,-11.626530810046534,7.800421282478303,2249.1178514999997,0.0,0.0,0.0,16.438657392130928,275.39185731332526,79862.96153000735,1.0102683900186045,332.6736023469641
26.2,1982.5835953292165,-5.5322114887027265,-10.354398239749997,7.993556340955974,2274.8670574999996,0.0,0.0,0.0,14.202671221960667,275.26320663036006,79667.06603160096,1.008261321555024,332.5958882014972
26.299999999999997,1981.1418037839217,-5.697515334020578,-11.229043131134398,8.497630227530685,2274.8670574999996,0.0,0.0,0.0,15.19087917489042,275.2725782754045,79681.32301755017,1.0084074246991617,332.6015499535996
26.4,2025.3243805926186,-5.432093324415109,-9.408399106083968,6.625038634304926,2300.5390545,0.0,0.0,0.0,12.724651214495022,274.98539152614796,79245.36606313784,1.0039375583875654,332.42800617970363
26.5,2088.551335949553,-0.19725763783268635,-10.992229170239119,5.1677582646110105,2325.9168625,0.0,0.0,0.0,12.147993175343593,274.57441631632787,78624.85647554767,0.9975673936503799,332.17950069961074
26.6,2123.5165034450392,0.34103565692206317,-10.458930838050764,2.7787710324229606,2282.5840375,0.0,0.0,0.0,10.827146809988976,274.3471427276072,78283.40138715581,0.9940579310865297,332.04199470540397
26.7,2181.848942813329,-0.5396002327333803,-10.660197796864262,-1.3588391451874342,2282.5840375,0.0,0.0,0.0,10.759992067930593,273.96798187171333,77716.4245617538,0.9882241214835833,331.8124664246138
26.799999999999997,2215.966751648934,-1.2296467804311186,-9.924902146818194,-2.446849295664634,2282.5840375,0.0,0.0,0.0,10.29576540642975,273.7462161142819,77386.35217172939,0.9848241715982567,331.6781449988022
26.9,2199.360482239605,-1.6832406487618317,-9.256205592426998,-5.94927738479735,2296.8198775,0.0,0.0,0.0,11.131241730021955,273.8541568654425,77546.86726079407,0.986477920255346,331.7435304863011
27.0,2166.9600391223544,-7.722335304523091,-11.443878286615734,-5.963968876848359,2312.7100754999997,0.0,0.0,0.0,15.038807717315049,274.0647597457047,77860.82393411089,0.9897106600439571,331.87106683018686
27.1,2137.823414136321,-5.454917944711904,-9.700973501716305,-4.680637174123532,2312.7100754999997,0.0,0.0,0.0,12.073664771738903,274.2541478081139,78144.03277459023,0.9926246692661513,331.9857141198198
27.2,2173.7661665578316,-8.418498764759162,-8.748192157113804,-4.267355061488195,2328.1879805,0.0,0.0,0.0,12.869044513515677,274.0205199173741,77794.78807671883,0.9890309102668186,331.84428025686253
27.299999999999997,2191.0948447023025,-9.78201298713774,-8.473228458673379,-4.781658157280003,2339.5350264999997,0.0,0.0,0.0,13.796652975504104,273.907883509435,77626.86278916882,0.9873018518717629,331.7760707856078
27.4,2217.1674486787565,-12.026963541671877,-8.435300490175509,-2.9853632056234596,2359.0000535,0.0,0.0,0.0,14.990481642087092,273.73841158358806,77374.75675227966,0.9847046814973993,331.6734168773502
27.5,2274.783942767547,-15.101575327882253,-7.034070411077923,-0.9047646252848194,2359.0000535,0.0,0.0,0.0,16.68395405648405,273.3639043720109,76819.9915961438,0.9789838679180586,331.4464545744607
27.6,2326.188881442207,-13.216875867780447,-9.205603042289031,1.4445031513055229,2377.1500775,0.0,0.0,0.0,16.171441631179633,273.02977227062564,76327.757738777,0.9739013018161736,331.2438295008623
27.7,2383.1123526367082,-12.444043237602797,-8.765793885744925,3.755906789092381,2389.0958785,0.0,0.0,0.0,15.678016148577003,272.65976970786136,75785.66369933137,0.968296681733124,331.0193070690866
27.799999999999997,2406.6280674920936,-8.126122255105882,-8.570708919003247,6.72008541496781,2406.3129805,0.0,0.0,0.0,13.588615170931584,272.50691756130135,75562.63064720437,0.9659885676312753,330.92650990871095
27.9,2430.820957084004,-7.8839810626538425,-10.696368110246977,5.593498062307649,2406.3129805,0.0,0.0,0.0,14.417235127417197,272.3496637789539,75333.72995235767,0.9636183825257273,330.83101333286186
28.0,2434.1765506180564,-6.872923388675516,-10.2897489152013,8.78253217573485,2423.2508464999996,0.0,0.0,0.0,15.173954002246981,272.3278524209826,75302.0254392258,0.9632899856374804,330.81776562394634
28.1,2419.1958406488466,-6.12268981267363,-9.959125511824125,8.009181339240481,2434.2451094999997,0.0,0.0,0.0,14.171044323807669,272.4252270357825,75443.6506493441,0.9647567429166578,330.8769045866905
28.2,2417.9749755727885,-2.2781911386907914,-9.09685617409293,8.646659449124982,2450.8390425,0.0,0.0,0.0,12.755691543216471,272.43316265877684,75455.20200855458,0.9648763527377108,330.88172369848814
28.299999999999997,2416.976407059225,-1.5386485686396645,-10.92492848053808,6.993424903431371,2450.8390425,0.0,0.0,0.0,13.062522482376176,272.439653354115,75464.65114726774,0.9649741922946056,330.8856652885075
28.4,2422.1452913424096,2.030837702367246,-10.987068516256288,7.066159795843344,2450.8390425,0.0,0.0,0.0,13.2200828520346,272.4060556062743,75415.74998127694,0.9644678280031808,330.865261951891
28.5,2451.5864564402477,1.4477309914755818,-9.057509431708059,4.295085833194224,2477.9938884999997,0.0,0.0,0.0,10.128285365434026,272.2146880331384,75137.70555706782,0.961587530504008,330.74902370207735
28.6,2474.2520465782754,-0.9190221635335569,-10.859786873468096,0.6545160547432054,2477.9938884999997,0.0,0.0,0.0,10.91823996531183,272.0673616972412,74924.21613320729,0.9593745901264484,330.6595086267297
28.7,2538.5016628541034,-0.10544395040365673,-9.366839882354244,-1.077873899906939,2493.0118945,0.0,0.0,0.0,9.429242809072178,271.6497391914483,74321.7108162016,0.9531227911186612,330.40563053444976
28.799999999999997,2562.7205732660796,-3.656224125362631,-9.02123979002723,-1.251791143182392,2503.2288745,0.0,0.0,0.0,9.814159325698975,271.4923162737705,74095.6170553297,0.9507742806471637,330.3098804773181
28.9,2588.3639094391697,-5.083162860463438,-7.905540378682583,-4.074100073697518,2518.4888834999997,0.0,0.0,0.0,10.243749545721904,271.32563458864536,73856.8330421452,0.9482924714174805,330.20846865599754
29.0,2590.867818920076,-8.212264810953668,-7.982478268867296,-6.623740910715615,2518.4888834999997,0.0,0.0,0.0,13.230086783179248,271.3093591770195,73833.55072680372,0.9480504043196787,330.1985647643987
29.1,2608.1587107628393,-8.097852486994285,-8.117834142582671,-6.963905958059632,2518.4888834999997,0.0,0.0,0.0,13.415305895144504,271.19696838004154,73672.93551934639,0.9463800860598651,330.1301647576109
29.2,2613.5826860802604,-12.18124126247121,-8.000125668766803,-6.986067726613624,2545.1578904999997,0.0,0.0,0.0,16.161367259344896,271.1617125404783,73622.61051378696,0.9458565885408863,330.1087054572206
29.299999999999997,2613.882924623812,-11.654250665248584,-7.513097669383654,-5.809680497602879,2566.1759565,0.0,0.0,0.0,15.03398093128937,271.1597609899452,73619.82563842864,0.9458276173494761,330.1075175590966
29.4,2587.080610054262,-11.577770047619428,-7.145221336988039,-4.064749712052628,2566.1759565,0.0,0.0,0.0,14.19933581023192,271.33397603464726,73868.76795840655,0.9484165535564171,330.2135444663706
29.5,2609.355814659505,-11.379236244181861,-6.029206524234446,-2.122835784324306,2576.1851115,0.0,0.0,0.0,13.051619845060655,271.1891872047132,73661.82609394229,0.946264527959098,330.12542868121824
29.6,2602.7743114986424,-11.716716501661796,-6.146891189808501,0.5968438462638845,2591.5610884999996,0.0,0.0,0.0,13.244694766452048,271.2319669752588,73722.92087549478,0.9468999830873809,330.151466100557
29.7,2644.068767660067,-12.029557076619891,-6.1883167524739875,2.113970057622054,2607.3380665,0.0,0.0,0.0,13.692128289390533,270.9635530102095,73340.27063331609,0.9429183306599843,329.98806500874076
29.799999999999997,2680.7694233004613,-12.939364718859553,-7.492757990145527,2.9325565979531794,2607.3380665,0.0,0.0,0.0,15.23707550111752,270.72499874854697,73001.53961677439,0.9393903791208706,329.84277352562776
29.9,2778.3843924704674,-13.168592384516359,-8.021707160720748,5.8853729231981635,2633.6469644999997,0.0,0.0,0.0,16.504460779044397,270.09050144894195,72106.75737682333,0.9300560100087887,329.4560210669799
30.0,2805.4238790682034,-9.030308160710804,-7.216992714921213,8.633282267827223,2644.4199755,0.0,0.0,0.0,14.427924730903124,269.91474478605664,71860.47868088765,0.9274829719485788,329.3488097552086
30.1,2825.3073152070124,-8.421187331573341,-6.9325702806044855,9.177463132665622,2644.4199755,0.0,0.0,0.0,14.254920424906222,269.7855024511544,71679.81304680336,0.9255943705819193,329.26994984365854
30.2,2818.5696620003464,-5.904833736630586,-8.272633882547257,7.6475758242550524,2660.2729415,0.0,0.0,0.0,12.719628485126835,269.82929719699774,71740.99172020332,0.9262340076061514,329.2966742385314
30.299999999999997,2804.0967486686905,-3.569949632507525,-9.001570021870988,7.657952617435027,2676.0859295,0.0,0.0,0.0,12.3457296879596,269.9233711336535,71872.55041757032,0.9276091325069455,329.35407262926225
30.4,2806.370744567341,0.32457238089728835,-8.327389707927376,6.3689570902980215,2676.0859295,0.0,0.0,0.0,10.488774046388528,269.90859016031226,71851.86688277315,0.9273929684108828,329.34505480988275
30.5,2811.1969919523185,-0.8386774219130201,-9.185922859423657,4.271575007580041,2692.0508955,0.0,0.0,0.0,10.165181338406668,269.8772195523099,71807.98485971897,0.9269343171725959,329.32591489508803
30.6,2804.094682656848,0.5785428903032941,-9.032528449256182,1.307865352180988,2707.3798755,0.0,0.0,0.0,9.145042036096843,269.92338456273046,71872.56921154093,0.9276093289177805,329.35408082218214
30.7,2834.5073125007616,0.36010488727768175,-9.255961627650489,0.3001605749045795,2717.8001025,0.0,0.0,0.0,9.267825934549409,269.725702468745,71596.34423469548,0.9247215174948176,329.2334552428027
30.799999999999997,2843.73446966902,2.256168103283949,-7.714568874733187,-1.290536998168532,2717.8001025,0.0,0.0,0.0,8.140660487756495,269.6657259471514,71512.70807948531,0.9238467202483129,329.19684884029755
30.9,2869.213847894705,1.5905833929102713,-7.331128082610989,-4.973318646098496,2733.4980395,0.0,0.0,0.0,9.000516254586756,269.5001099886844,71282.17043459414,0.9214343895901662,329.0957447326729
31.0,2875.9271506124132,-0.27726563952845856,-7.185847349299048,-7.095930969656789,2748.6338425,0.0,0.0,0.0,10.102747878098594,269.4564735210193,71221.52869004243,0.9207995919607393,329.0691006671578
31.1,2896.04479462525,-1.4674079804655495,-6.627613934999928,-6.787465753032428,2763.8550944999997,0.0,0.0,0.0,9.599387688864706,269.3257088349359,71040.05468279771,0.9188993077036572,328.98924391155356
31.2,2916.1549059810823,-6.382744986092262,-6.587554875056342,-7.201984066390385,2763.8550944999997,0.0,0.0,0.0,11.662070454336376,269.1949931111229,70859.0230192876,0.9170027349583934,328.9093976790067
31.299999999999997,2926.6648019476106,-7.759803574438802,-5.976460492642705,-7.679877664423481,2774.0409465,0.0,0.0,0.0,12.446411228723843,269.1266787873405,70764.56144104229,0.9160127451590719,328.86766092802213
31.4,2932.453157837748,-10.313739918817385,-5.263431942566558,-6.772030172566531,2789.4819255,0.0,0.0,0.0,13.414072445949763,269.0890544740546,70712.58001158414,0.9154678546782856,328.844672028434
31.5,2927.5924944430985,-11.604075045287535,-4.9136245456712535,-4.895308206965682,2804.6900554999997,0.0,0.0,0.0,13.518960990907308,269.12064878611983,70756.2283614735,0.9159253995574579,328.86397663422787
31.6,2924.85327527164,-12.384423823461507,-4.185373978881077,-4.340230085043304,2804.6900554999997,0.0,0.0,0.0,13.774211628014532,269.1384537107343,70780.83593000157,0.916183325314438,328.8748552150693
31.7,2928.541700516519,-11.784814833273202,-4.521562339711588,-3.9770681102105163,2820.2259445,0.0,0.0,0.0,13.234177624608478,269.1144789466426,70747.70285675202,0.9158360349700114,328.8602068573929
31.799999999999997,2930.0844093712944,-12.851039267932684,-4.5687335219745,-0.5524648207650312,2830.4719164999997,0.0,0.0,0.0,13.65019243963045,269.10445133908655,70733.8484498181,0.9156908083048503,328.8540798889968
31.9,2950.7202580615576,-13.300941660836584,-4.549072593862451,1.9099267031748421,2845.9019085,0.0,0.0,0.0,14.186505226471708,268.97031832259984,70548.73787571651,0.9137498957735305,328.7721122971095
32.0,2961.6958439436594,-11.803589601911316,-5.449492570288228,1.0394790917416312,2845.9019085,0.0,0.0,0.0,13.042323931958736,268.8989770143662,70450.44306157675,0.9127188659245089,328.72850787962295
32.1,2984.9898634920714,-10.263861863705841,-6.082746271999578,4.7372016737519065,2860.8588795,0.0,0.0,0.0,12.8369677986882,268.7475658873015,70242.19461597184,0.9105336101954824,328.63594493471015
32.199999999999996,3017.583070429322,-8.00395371532766,-4.582132712712557,6.302755199336136,2870.6110765,0.0,0.0,0.0,11.170673138928409,268.53571004220936,69951.64839071911,0.9074827013238262,328.50638623117004
32.3,3056.810918382251,-5.527606023905607,-5.652490003853437,8.769111942575838,2880.0800704999997,0.0,0.0,0.0,11.806879175320072,268.2807290305153,69603.25009939857,0.9038211300083682,328.3503868971273
32.4,3076.3251946695545,-2.4988794003639643,-4.956596283590615,10.17434647012704,2880.0800704999997,0.0,0.0,0.0,11.590063462736268,268.15388623464787,69430.46007091095,0.9020038608774645,328.2727558922884
32.5,3086.8261642163834,-1.6157927744159999,-6.061662448569897,9.398974174059669,2899.7709274999997,0.0,0.0,0.0,11.30023245136568,268.08562993259346,69337.62261424109,0.9010271145070226,328.23097370755755
32.6,3097.1741161711902,0.6207994778385916,-6.37270360804592,8.778221277817389,2909.3650435,0.0,0.0,0.0,10.865261711988907,268.01836824488726,69246.236319017,0.9000653928147254,328.18979515910127
32.699999999999996,3113.961350122238,2.1816783138127054,-5.890822044113429,10.473974326586246,2909.3650435,0.0,0.0,0.0,12.213338725113669,267.90925122420543,69098.18999276063,0.8985068854098717,328.1229811967937
32.8,3115.8498594065404,1.8422092040565552,-6.113732963074636,7.430350967510539,2924.1160204999996,0.0,0.0,0.0,9.797018985164867,267.8969759138575,69081.55131291893,0.8983316876687741,328.11546399172033
32.9,3115.7419783287532,0.6213840326151421,-7.061478440750317,3.4387668220507046,2814.9460985,0.0,0.0,0.0,7.878814196413525,267.8976771408631,69082.50170999268,0.8983416951344501,328.1158934166382
33.0,3119.2501680518267,5.114091610609556,-5.086431909493952,4.02010791729348,2810.5869675,0.0,0.0,0.0,8.257541416082093,267.87487390766313,69051.6011293006,0.8980163056047678,328.101928639977
33.1,3104.1012766124577,2.31955098901143,-7.031761324579558,0.6710824776777948,2810.5869675,0.0,0.0,0.0,7.434805700778127,267.973341702019,69185.11471702371,0.8994220328282551,328.1622263908361
33.199999999999996,3106.728827483125,2.874885938113269,-6.10177443563423,0.616983589648144,2818.8120655,0.0,0.0,0.0,6.7732775796076705,267.95626262135966,69161.94202819455,0.899178091111665,328.15176863708325
33.3,3103.21344756298,2.0301835655443172,-6.631769359566652,-3.404767239787113,2826.5650554999997,0.0,0.0,0.0,7.726218357347977,267.9791125908406,69192.94600962331,0.8995044702841802,328.16575990934996
33.4,3111.461093486506,2.2965574358781597,-6.110632056245045,-4.28233054684872,2833.2688525,0.0,0.0,0.0,7.8071989276289395,267.9255028923377,69120.2234544396,0.8987388754017628,328.1329331952886
33.5,3121.7180073899917,1.4962015368126382,-6.316540181785812,-7.005899809044002,2833.2688525,0.0,0.0,0.0,9.550912576358241,267.85883295196504,69029.87079339116,0.8977874640648708,328.09210474866074
33.6,3121.329964258595,0.295595821133099,-4.504944226193296,-8.11658869849617,2838.7800214999997,0.0,0.0,0.0,9.28767524578349,267.8613552323191,69033.28730511597,0.8978234441591307,328.09364947711515
33.699999999999996,3138.817534492513,-1.4978266299640643,-4.195320614820491,-8.256547699671026,2842.5638965,0.0,0.0,0.0,9.381619241448153,267.74768602579866,68879.45451545922,0.8962030585066564,328.0240274479717
33.8,3158.889338022108,-4.456639503022162,-3.8571962564053024,-8.40796879042115,2848.1260294999997,0.0,0.0,0.0,10.268083453158178,267.61721930285626,68703.2312772574,0.8943459783697848,327.94409877483514
33.9,3169.9568892321586,-6.603213405850651,-3.8108076571772544,-9.045944463249665,2848.1260294999997,0.0,0.0,0.0,11.830206824709524,267.54528021999096,68606.21840834006,0.8933232482176876,327.9000179353575
34.0,3165.300463543644,-7.54406249061804,-2.3538843509240257,-5.505955975834179,2853.6878585,0.0,0.0,0.0,9.631676988339008,267.5755469869663,68647.02088614323,0.8937534300602586,327.9185646889363
34.1,3162.174465619721,-10.179921142264348,-2.8117662064528113,-6.3235037085987935,2859.5460125,0.0,0.0,0.0,12.309489137049246,267.5958659734718,68674.42383253442,0.8940423129019972,327.93101509122175
34.199999999999996,3174.974970291105,-12.348621675306935,-2.7575317565539628,-4.589163423158648,2863.2191085,0.0,0.0,0.0,13.459303830165995,267.5126626931078,68562.2688701425,0.892859832357956,327.8800295176259
34.3,3182.915010340088,-11.51090841353636,-2.5642200471137073,-2.948862696361378,2863.2191085,0.0,0.0,0.0,12.156151864666452,267.4610524327894,68492.7747022452,0.8921269516250122,327.84839963184976
34.4,3189.878141338508,-12.635872943555254,-2.380400647112273,-0.8618114259698605,2868.7800214999997,0.0,0.0,0.0,12.88698223869252,267.4157920812997,68431.87775632653,0.8914846202940407,327.82065884216615
34.5,3193.0951352442726,-12.15369276568955,-2.0730575146626706,0.5994596452311074,2873.7928395,0.0,0.0,0.0,12.34379063206009,267.3948816209122,68403.75793838933,0.891187980212723,327.8078416953993
34.6,3191.707467489272,-11.686869448564485,-2.655259932817219,3.3191896868693473,2873.7928395,0.0,0.0,0.0,12.435849106355153,267.4039014613197,68415.88642650307,0.891315928256553,327.8133705025781
34.699999999999996,3200.601383562592,-10.848664731424455,-3.0958672672529417,5.381257186703236,2876.6990275,0.0,0.0,0.0,12.499433967214125,267.34609100684315,68338.18203306342,0.8904961202111258,327.77793335262834
34.8,3210.590963561032,-11.199068398140822,-3.9058441320362425,5.920027567113324,2880.6519694999997,0.0,0.0,0.0,13.25599780346165,267.2811587368533,68250.99026603499,0.8895760059215798,327.7381260420875
34.9,3216.53894327219,-6.924921726343193,-3.103471773094589,8.021193032776937,2884.4138715,0.0,0.0,0.0,11.041993281624661,267.24249686873077,68199.11748458714,0.8890284985165163,327.71442174038793
35.0,3228.7577498948854,-6.115962956679263,-2.8539934144289414,8.210727138014722,2884.4138715,0.0,0.0,0.0,10.628561588098746,267.16307462568324,68092.65649519254,0.8879045746221571,327.6657211241715
35.1,3244.659922504752,-4.546394628840266,-4.00689575454082,9.080945367969518,2888.3030314999996,0.0,0.0,0.0,10.91734796023979,267.0597105037191,67954.30435534105,0.8864434715637078,327.602328838074
35.199999999999996,3256.081050598074,-4.370530147040981,-3.980892024701207,10.495659181618311,2891.1719894999997,0.0,0.0,0.0,12.046073913736894,266.9854731711125,67855.07873424682,0.8853952255772921,327.55679218003553
35.3,3261.311518825473,-3.4821854682369837,-3.1724732549134584,10.59973261621071,2891.1719894999997,0.0,0.0,0.0,11.599333330993776,266.9514751276344,67809.67613289939,0.8849154831218045,327.5359359055773
35.4,3292.193505782554,0.6023312628022963,-5.172303822122744,7.271135625171437,2899.1239545,0.0,0.0,0.0,8.943430161751797,266.7507422124134,67542.10898144757,0.8820870161271779,327.41276818857045
35.5,3301.4029309480798,1.9924037610550158,-4.146892794086577,6.782953426672794,2902.0100024999997,0.0,0.0,0.0,8.19602646293468,266.69088094883745,67462.48255258825,0.8812448694738955,327.3760289436435
35.6,3291.9280699396027,3.4957402665285127,-4.3536342104058985,4.0135924460987304,2906.1091235,0.0,0.0,0.0,6.876282074815301,266.75246754539256,67544.40511766954,0.8821112977666807,327.41382703310944
35.699999999999996,3290.8274630177593,4.232545594371586,-4.754105726559191,1.3702047649756683,2906.1091235,0.0,0.0,0.0,6.511023311715236,266.7596214903845,67553.92652367936,0.882211984955114,327.41821740450064
35.8,3294.0015914074547,6.61205511429559,-2.904104134750426,1.0871878244193562,2910.2329634999996,0.0,0.0,0.0,7.303086404084418,266.7389896558515,67526.46993096608,0.8819216289973596,327.40555550112015
35.9,3290.6806937684046,5.530585076173226,-3.076419069601054,-0.8884516839679719,2913.0680465,0.0,0.0,0.0,6.390701993626408,266.76057549050535,67555.19631398513,0.8822254125594731,327.41880286930586
36.0,3283.433486541847,4.987563919611704,-2.9051034702238963,-4.168929333308934,2917.1268845,0.0,0.0,0.0,7.1200696493112385,266.80768233747796,67617.92036741956,0.8828886385257252,327.4477107890087
36.1,3282.6585519968985,4.111816785240344,-3.6659573330525355,-6.598233364058665,2917.1268845,0.0,0.0,0.0,8.595519994143626,266.81271941202016,67624.63015964866,0.8829595789923513,327.45080172463855
36.2,3285.105753495058,4.108497102458488,-2.1040646096891678,-7.15603774496946,2920.7059855,0.0,0.0,0.0,8.515615804513718,266.7968126022821,67603.44283451095,0.8827355676822526,327.44104061720657
36.3,3291.2458503259595,2.6676422301928824,-1.3686079637562625,-7.617802434239881,2922.8590015,0.0,0.0,0.0,8.186593721070844,266.7569019728812,67550.30690592981,0.8821737084542591,327.4165484453127
36.4,3291.8379401991688,2.2233094633242345,-1.8778804571448773,-9.086183932591634,2922.8590015,0.0,0.0,0.0,9.540874091922612,266.7530533887054,67545.18479374853,0.8821195428051434,327.41418656698283
36.5,3287.5173812403177,2.8634481843088304,-0.9679922995100942,-8.770743368648674,2926.0880665,0.0,0.0,0.0,9.276976007020124,266.7811370219379,67582.56875785059,0.8825148552514518,327.43142111747034
36.6,3286.03351199275,-0.18714173780539242,-1.1112831714360434,-9.483504855446734,2929.5600505,0.0,0.0,0.0,9.55022704758518,266.7907821720471,67595.41191351952,0.8826506541273382,327.437340007948
36.7,3286.9067192156854,-2.199976480175293,-0.007013851236631563,-8.743897220264321,2932.3429484999997,0.0,0.0,0.0,9.01641194189683,266.785106325098,67587.85390840868,0.8825707391134994,327.4338569526174
36.8,3279.821128376877,-4.605769770719921,0.10485409178322294,-7.587999106971566,2932.3429484999997,0.0,0.0,0.0,8.877040047720996,266.83116266555027,67649.20267188715,0.8832193647983219,327.4621189395877
36.9,3284.702720327944,-8.449095017247542,0.4226629731952741,-6.970468436904696,2934.5609664999997,0.0,0.0,0.0,10.961445198023483,266.79943231786837,67606.93183606747,0.8827724574390909,327.44264820817364
37.0,3290.9717615863783,-9.796798426869422,0.04405911309385646,-5.760548232920278,2937.3200604999997,0.0,0.0,0.0,11.364995229473646,266.7586835496885,67552.67812758098,0.8821987835404705,327.41764179425843
37.1,3296.9664731774833,-10.004615337151378,1.3947942865478304,-2.1569061401341214,2940.1038745,0.0,0.0,0.0,10.329086273407698,266.71971792434636,67500.83150971575,0.881650480086789,327.3937278602891
37.2,3291.4467624044455,-11.808841866571681,0.40481152718225705,-1.4184945830532807,2940.1038745,0.0,0.0,0.0,11.900619542040124,266.7555960443711,67548.56879973234,0.8821553283020086,327.41574699814214
37.3,3296.305582977169,-11.248213774097344,0.7456436550969174,-0.8228991260543281,2941.9511035,0.0,0.0,0.0,11.302896112936741,266.72401371064836,67506.54578713252,0.8817109153055479,327.3963643504586
37.4,3298.0402035931515,-12.410893228085001,-0.1622728404621005,2.8099659062739843,2948.2648845,0.0,0.0,0.0,12.726056403619307,266.7127386766445,67491.54851299708,0.8815522993800101,327.38944438082166
37.5,3298.113118670088,-11.652775025299336,-0.5830592545268897,5.041714975534079,2948.2648845,0.0,0.0,0.0,12.71007528612848,266.7122647286444,67490.9181590824,0.8815456324103366,327.3891534955004
37.6,3301.181214166502,-8.985864422419438,0.05573547004108376,6.6546049594946455,2950.0699995,0.0,0.0,0.0,11.18179918562549,266.69232210791773,67464.39866435122,0.8812651369138942,327.376913488885
37.7,3307.988152801598,-8.029857490481618,-0.16716240569427177,8.115143285314963,2952.6438525,0.0,0.0,0.0,11.41762256901645,266.6480770067896,67405.59210378175,0.8806430677286904,327.34975592891243
37.8,3323.1681171821,-8.321273204113966,-1.7623666911481095,8.086816713897516,2952.6438525,0.0,0.0,0.0,11.736529668336619,266.54940723831635,67274.59871534612,0.8792570184776143,327.2891844941751
37.9,3332.1655342147114,-5.214692332159391,-0.3392218788810039,10.350847090387814,2953.4901044999997,0.0,0.0,0.0,11.595176716669021,266.49092402760436,67197.05410797847,0.87843627220412,327.2532775068469
38.0,3337.4711513056177,-2.707345628732325,-0.9889420356770964,9.955890247689936,2955.6330485,0.0,0.0,0.0,10.364722732779336,266.45643751651346,67151.36136352991,0.8779525674905686,327.2321019471673
38.1,3346.129041716646,-2.185698642638613,-1.7910652250415238,9.178743771392114,2957.7439495,0.0,0.0,0.0,9.603881008095364,266.4001612288418,67076.85238179713,0.8771636789116299,327.1975439899185
38.2,3349.999773706553,0.8650836455093707,-1.24295792801743,9.552013364611762,2957.7439495,0.0,0.0,0.0,9.671311878037585,266.37500147090736,67043.56289219216,0.8768111615109179,327.18209278796655
38.3,3350.125438018204,2.2161839778808154,-1.1007344635948155,9.469445642149628,2959.2118455,0.0,0.0,0.0,9.787414804369313,266.37418465288164,67042.48236458379,0.876799718759405,327.1815911484837
38.4,3341.3232784248808,3.4721715941397577,-0.8937722309421994,7.283630956873731,2960.2219775,0.0,0.0,0.0,8.118256234924084,266.43139869023827,67118.20205269089,0.8776015028560487,327.21672663793646
38.5,3340.0346086182385,5.747259584941792,-0.6168279183063781,6.261781449450298,2962.0139695,0.0,0.0,0.0,8.52181766633078,266.4397750439814,67129.2935133188,0.877718934166837,327.22187029128236
38.6,3339.4973571112228,5.805640174428668,-1.645770668755056,3.2829836845706706,2962.0139695,0.0,0.0,0.0,6.869643426134418,266.44326717877703,67133.91802518052,0.8777678952922298,327.22401467669687
38.7,3337.6359271628608,6.598926366891713,-1.79327694273521,1.543623034440186,2963.5920335,0.0,0.0,0.0,7.010309797823398,266.45536647344136,67149.9426928479,0.8779375483995976,327.2314442786357
38.8,3336.48739924806,6.994028490026337,-0.8786574520278215,-0.6688523876950472,2966.0770795,0.0,0.0,0.0,7.080666420177515,266.4628319048876,67159.83167851082,0.8780422392168727,327.2360283612078
38.9,3327.712907177022,6.833842519071924,-0.6591961289361896,-2.5874047563520373,2966.0770795,0.0,0.0,0.0,7.336934406485647,266.51986610334933,67235.42020524236,0.8788423684878927,327.2710475904537
39.0,3328.038125098796,6.507746734940031,-0.7605008071081554,-5.17639812426206,2966.0770795,0.0,0.0,0.0,8.350103387659255,266.5177521868578,67232.617362049,0.87881270253274,327.269749704021
39.1,3317.996257936624,6.2675510876733735,0.9075307622252504,-4.442498823846537,2970.7011035,0.0,0.0,0.0,7.735735551378337,266.5830243234119,67319.2053820845,0.8797290620205351,327.3098226220068
39.2,3302.578659797825,5.569713151352829,0.10978566092880689,-6.92867555283438,2971.5198895,0.0,0.0,0.0,8.890461315147997,266.6832387113141,67452.32245289261,0.8811374004203082,327.37133830089005
39.3,3295.3619322575446,3.4755707303992676,-0.11609274070727404,-8.638175801097537,2972.8858565,0.0,0.0,0.0,9.311882226334271,266.73014744032594,67514.70558537955,0.8817972131022356,327.4001288207501
39.4,3290.509296783306,1.7465177954593307,0.6741807179458068,-9.221626003980113,2972.8858565,0.0,0.0,0.0,9.409741240203594,266.7616895709085,67556.679198319,0.8822410935005482,327.4194865732048
39.5,3280.379355271862,0.055833046727126745,0.6153132788915502,-10.064764743193992,2974.0150065,0.0,0.0,0.0,10.083710482561859,266.8275341907329,67644.36777242621,0.883168250635715,327.45989245284653
39.6,3269.829558137308,-1.6421473669868654,1.8496087173498288,-9.44489801951249,2975.3290935,0.0,0.0,0.0,9.763390752253509,266.89610787210745,67735.78872457202,0.8841346278590247,327.5019677354074
39.7,3270.9705384717513,-2.788234859620447,2.1122124855584024,-9.062406222004526,2975.3290935,0.0,0.0,0.0,9.714056915067864,266.8886914999336,67725.89655494354,0.884030073354888,327.4974174754334
39.8,3277.0783667400124,-4.659005363539801,2.694163270885904,-7.891002818539528,2977.3148724999996,0.0,0.0,0.0,9.551584799910538,266.8489906161899,67672.96226895119,0.8834705392207866,327.4730582184254
39.9,3280.0081017271173,-5.0341947454998,2.5187881859083325,-7.521883873830395,2978.4910204999996,0.0,0.0,0.0,9.39500652860225,266.8299473387737,67647.58323227258,0.8832022442922679,327.46137319847816
40.0,3272.268522729751,-5.090798781222375,2.322314225520742,-6.804206900186428,2981.7679974999996,0.0,0.0,0.0,8.809461228332628,266.88025460225657,67714.64460152602,0.8839111431914031,327.4922410027585
40.1,3262.889382170243,-8.164565219959481,3.3147699880576282,-4.662818783886326,2981.7679974999996,0.0,0.0,0.0,9.96943851558666,266.9412190158934,67795.98446517564,0.8847707993683831,327.529643980384
40.2,3254.775088932395,-10.923362061089088,1.7798364121735806,-4.179627143906252,2983.3048624999997,0.0,0.0,0.0,11.830339785222456,266.9939619219394,67866.41885460856,0.8855150403936485,327.56199944067043
40.3,3260.2152530296635,-11.796022756782493,2.670537022799266,-2.614552930665308,2985.9009935,0.0,0.0,0.0,12.373916433204265,266.95860085530717,67819.190129726,0.8850160169636498,327.54030732983426
40.4,3261.6258535749394,-11.344279467127647,2.68601959456391,-0.5642941801590239,2988.2670215,0.0,0.0,0.0,11.671581118787486,266.94943195176285,67806.94836263511,0.8848866584397167,327.53468246653654
40.5,3265.7653550619066,-11.211527872230796,2.760491939207155,2.490742442612657,2988.2670215,0.0,0.0,0.0,11.811963041411353,266.92252519209757,67771.03440911499,0.8845071307210406,327.51817537191465
40.6,3262.200851160575,-10.619452413407537,2.8630221866442005,3.4874420863833517,2990.0339885,0.0,0.0,0.0,11.538280543812496,266.94569446745624,67801.95881233693,0.8848339326804421,327.53238959778713
40.7,3260.6664484051234,-9.837786130806506,1.6315588443636897,5.8376513269713435,2885.6409835,0.0,0.0,0.0,11.555180363516639,266.95566808536665,67815.2742775106,0.8849746387098077,327.53850816883545
40.8,3257.839625951761,-10.291947064059729,1.012550857764965,7.321689581676446,2876.9779584999997,0.0,0.0,0.0,12.671091978965256,266.97404243131353,67839.8108356674,0.8852339055340365,327.5497800821609
40.9,3260.585811418027,-8.481653153614731,1.1793713133554717,8.087952867270856,2876.9779584999997,0.0,0.0,0.0,11.778978669485033,266.9561922257828,67815.97409953723,0.8849820336630657,327.53882971302096
41.0,3262.276567812548,-7.379520278821477,0.8528315694415936,8.575656551729137,2870.2311325,0.0,0.0,0.0,11.345771305847325,266.9452023092184,67801.30180208999,0.8848269898426124,327.5320876677667
41.1,3253.0777805671587,-5.101703309963813,0.7928207583742216,9.379843367449665,2866.9819255,0.0,0.0,0.0,10.706885775784398,267.00499442631343,67881.1594680321,0.8856707776582636,327.5687669942032
41.2,3243.899906975522,-3.6365565752242714,0.9641692060909232,9.840922431846742,2862.2269825,0.0,0.0,0.0,10.535555053835811,267.0646506046591,67960.91146147173,0.8865132604536664,327.6053588366563
41.3,3239.289259163313,-1.9303859530643435,0.09772994223180281,8.849599158067639,2862.2269825,0.0,0.0,0.0,9.05821982112756,267.0946198154384,68001.0047397664,0.8869367261069016,327.62373977663805
41.4,3235.5175534013483,-0.41367702481730195,0.9600467436190411,8.557987804903993,2856.5760425,0.0,0.0,0.0,8.621599254180206,267.11913590289123,68033.81698483977,0.8872832540597736,327.6387753995166
41.5,3230.415334378774,1.0720952928781324,0.05637231158411182,7.499457563431173,2850.9299855,0.0,0.0,0.0,7.575911159737145,267.15230032653795,68078.22453335616,0.887752188613375,327.6591139160115
41.6,3220.3588273577016,2.998795166018302,0.07151466904765708,6.475565186748263,2850.9299855,0.0,0.0,0.0,7.136584006613374,267.21766762217493,68165.82082394473,0.8886770168055373,327.6991975689343
41.7,3227.414777830642,4.537067548836463,0.690640913492483,5.181468866384903,2847.2001265,0.0,0.0,0.0,6.921675117152689,267.1718039441008,68104.35106213416,0.8880280521752161,327.6710741750266
41.8,3214.313764471415,5.496598883377663,0.8259380363260265,3.278659370531115,2842.2480395,0.0,0.0,0.0,6.453245709917619,267.25696053093577,68218.51969855739,0.8892332944905031,327.72328987816405
41.9,3209.1278281193354,6.54121429513391,0.7965512175337167,1.2211568202904404,2837.6469035,0.0,0.0,0.0,6.701731289507252,267.2906691172243,68263.755275758,0.8897107260463202,327.7439567682964
42.0,3196.0441719881796,7.358933323657098,1.5809679426527115,1.241283543170481,2837.6469035,0.0,0.0,0.0,7.628508644045198,267.3757128820768,68377.98856079258,0.8909161148971858,327.796091703242
42.1,3168.8594027245263,8.14740816191808,1.9781394815611617,1.2837845001004178,2837.6469035,0.0,0.0,0.0,8.481827527608568,267.5524138822906,68615.83349367736,0.8934246247560504,327.9043893681146
42.2,3159.898410027676,7.4920985312959605,2.087119794232759,-3.920632188802311,2829.2939374999996,0.0,0.0,0.0,8.709705287666058,267.61066033482007,68694.38163445369,0.894252694960908,327.94007999748084
42.3,3154.5418967514643,6.485168669650588,1.7695494389578843,-6.342914141227628,2823.2609175,0.0,0.0,0.0,9.242363209359345,267.6454776711155,68741.3692446284,0.8947479616202114,327.96141253460166
42.4,3158.225770162602,6.019960194847813,2.6680741540656827,-7.172783370911518,2823.2609175,0.0,0.0,0.0,9.736907195057896,267.62153249394305,68709.051323981,0.8944073257916222,327.9467415043804
42.5,3158.2035282586517,4.024437992808585,3.26014828829304,-8.369048386020106,2823.2609175,0.0,0.0,0.0,9.842034287034718,267.62167706631874,68709.24641104985,0.8944093821306178,327.9468300847586
42.6,3146.3816024734615,2.7471543803826672,2.7771265065970634,-9.381577857053154,2811.5250775,0.0,0.0,0.0,10.162346771846044,267.69851958392246,68813.0017869828,0.8955028709926173,327.99390857939864
42.7,3143.3823449461365,1.4571369185982344,3.3603688639187053,-8.718410067272531,2804.3400195,0.0,0.0,0.0,9.45653218692007,267.7180147578501,68839.34499844484,0.8957804549307136,328.0058514580757
42.8,3113.539003429168,0.9441973067330203,4.367683526323752,-7.622843705699276,2804.3400195,0.0,0.0,0.0,8.836057610817216,267.9119964777104,69101.91151529473,0.8985460702532925,328.12466232287
42.9,3099.739192994594,-1.0874389878028676,4.287567326321601,-8.30573346937814,2796.6288375,0.0,0.0,0.0,9.410152262013751,268.00169524553513,69223.59834145725,0.8998271202866037,328.1795869159494
43.0,3097.2468490527776,-4.024071037406255,3.8486152922877768,-7.620729683881492,2792.2230145,0.0,0.0,0.0,9.438247098742206,268.0178954811569,69245.59433546236,0.9000586359204171,328.1895057082303
43.1,3098.0130003371196,-5.691182775180823,4.279554202836313,-6.1357696778563575,2784.9549485,0.0,0.0,0.0,9.399564622642389,268.0129154978087,69238.83212254348,0.8999874627222195,328.18645668446527
43.2,3078.4158403577926,-7.049603919607295,4.04009328495959,-3.5478572457550417,2784.9549485,0.0,0.0,0.0,8.866034074532685,268.1402970376743,69411.96897396875,0.9018093351793405,328.26443787064443
43.3,3076.3070405599146,-8.296454117782798,3.997124935219429,-2.521818794079588,2777.6969525,0.0,0.0,0.0,9.548179339874231,268.15400423636055,69430.62065571007,0.9020055501808025,328.27282812085775
43.4,3076.2160217310725,-9.066417836555463,3.99145127863003,-1.5434069124721772,2772.5498585,0.0,0.0,0.0,10.025653125565197,268.154595858748,69431.4257804417,0.9020140198373605,328.27319025128304
43.5,3063.044966342358,-9.711963695229368,4.714633372618723,1.5525709783600798,2772.5498585,0.0,0.0,0.0,10.906900719201099,268.2402077187746,69548.0126369898,0.9032402794165763,328.32558882296087
43.6,3054.9281944119534,-11.522802702148686,2.3143420592723225,2.214434852335406,2765.1038745,0.0,0.0,0.0,11.959719185465838,268.2929667363223,69619.93916315852,0.9039966069227274,328.3578757123481
43.7,3037.9605983002903,-10.434356603666567,3.707505260648939,5.440894797422281,2765.1038745,0.0,0.0,0.0,12.337938611730749,268.4032561110481,69770.49156928532,0.9055792265086142,328.4253591508227
43.8,3033.026545315786,-11.347606329563318,2.774274116942899,5.74151750947643,2749.9570845,0.0,0.0,0.0,13.016519872773568,268.43532745544735,69814.32054931078,0.9060398382820517,328.4449802394925
43.9,3031.4332664791436,-11.419760248371352,2.577236218187035,6.343737034431231,2749.9570845,0.0,0.0,0.0,13.315257046585014,268.44568376788555,69828.47833752655,0.9061886149272724,328.4513159294695
44.0,3027.5140987471023,-9.071859285442846,2.900351607874611,8.694968706055755,2744.7309495,0.0,0.0,0.0,12.89624562201982,268.47115835814384,69863.31373964208,0.9065546571583999,328.4669000209721
44.1,3029.8187932209626,-9.785888016382836,1.6534848325729647,8.352261441045123,2736.8958665,0.0,0.0,0.0,12.971425809844622,268.45617784406375,69842.8268295423,0.9063393897215006,328.4577357746258
44.2,3029.8331758816034,-7.210900036987935,2.2269986578893746,8.624389001043316,2728.8669965,0.0,0.0,0.0,11.460221987683772,268.45608435676957,69842.69899434615,0.9063380464477951,328.4576785834896
44.3,3023.274788189703,-5.4266858076054225,1.9864270802481447,8.41545454879445,2728.8669965,0.0,0.0,0.0,10.208559480280972,268.4987138767669,69901.01056318647,0.9069507274152928,328.48375628888607
44.4,3010.3878534086443,-2.3789377419261264,3.0260409361918366,8.920564884641252,2723.3158495,0.0,0.0,0.0,9.715592950950752,268.5824789528438,70015.70499077515,0.9081555407235165,328.5349917691864
44.5,3001.337901638099,0.2845239381790088,3.841219660118276,8.676727277778086,2714.7959515,0.0,0.0,0.0,9.493235412735448,268.6413036393523,70096.34110432706,0.9090023619698764,328.5709675147007
44.6,2983.2261001557285,-0.0662396580616823,2.366500189398161,5.3503946836801966,2706.4478685,0.0,0.0,0.0,5.850763549304908,268.7590303489877,70257.94519018623,0.910698931942859,328.64295447544237
44.7,2985.468276581489,1.1857331926517634,1.9400324065598626,2.769262156299292,2706.4478685,0.0,0.0,0.0,3.5830855185119432,268.7444562022203,70237.92283460648,0.9104887713534429,328.63404360167294
44.8,2977.6860190942907,2.2526916892268023,2.2626823986309823,2.437519922602496,2697.6710125,0.0,0.0,0.0,4.0169459614077505,268.7950408758871,70307.43724092502,0.9112183663168227,328.6649708697182
44.9,2950.9729940852117,5.146151592401996,4.0621586084900985,1.594451284609593,2691.6828535,0.0,0.0,0.0,6.747316775689799,268.9686755384461,70546.47318176668,0.9137261441179201,328.77110827844245
45.0,2940.0329359426687,5.670386128973332,4.2616947502407,-1.47797297315694,2691.6828535,0.0,0.0,0.0,7.245669403530959,269.03978591637264,70644.55775130847,0.9147547025532106,328.81456592768615
45.1,2929.7112693310887,6.732011228812766,4.9536631445505765,-3.9480669121623246,2682.6499555,0.0,0.0,0.0,9.243699804593982,269.1068767493479,70737.19925913046,0.9157259331382761,328.85556184936337
45.2,2927.659647631883,6.6632376196551775,4.7999688676210015,-5.685289973905569,2676.5378954999996,0.0,0.0,0.0,9.988040788538562,269.1202122903927,70755.62518288128,0.915919077089329,328.8637099364114
45.3,2909.982284207059,7.291079387365424,5.282944761016862,-5.726826892201491,2667.4268724999997,0.0,0.0,0.0,10.670796138717236,269.2351151526541,70914.54931671235,0.9175845524443564,328.93390783924525
45.4,2903.917596674225,7.2525978851330715,5.349366058702149,-7.134036700767875,2667.4268724999997,0.0,0.0,0.0,11.493927655998807,269.27453562161753,70969.13899216786,0.91815647129733,328.9579876371137
45.5,2883.7719424804063,5.2781896464715485,5.048403343163346,-7.4549808341159665,2659.0018845,0.0,0.0,0.0,10.436589552934363,269.40548237387736,71150.71905857198,0.9200582267529275,329.03796316168456
45.6,2863.670445090358,5.648855113782533,6.283265722925864,-7.2241855292490955,2650.2961345,0.0,0.0,0.0,11.116557416863108,269.5361421069126,71332.27589886011,0.9219588159445264,329.11774401953016
45.7,2856.74489244066,3.409313502363778,5.272582493176125,-7.6154440945726884,2644.1209025,0.0,0.0,0.0,9.87008274850365,269.5811581991357,71394.91434567647,0.9226143195768264,329.1452263750557
45.8,2841.28250215817,2.206504211617585,5.478464343383465,-6.994947230125112,2644.1209025,0.0,0.0,0.0,9.154863142059806,269.6816637359719,71534.92531037195,0.924079121648752,329.20657679574845
45.9,2826.1213565025046,0.27740494048904785,4.778223691703042,-6.351436943929236,2635.0980755,0.0,0.0,0.0,7.952931937447292,269.7802111827337,71672.42431859586,0.9255171127101331,329.2667208632011
46.0,2805.0603312351004,-2.6092580783286334,5.103576552222449,-4.6007413641505215,2626.4710615,0.0,0.0,0.0,7.349934859814992,269.9171078469718,71863.78539212956,0.9275175304705142,329.35025145043164
46.1,2778.987780174694,-3.7873082155971254,4.624876749618183,-1.549387284941288,2617.4210734999997,0.0,0.0,0.0,6.175256223657936,270.08657942886447,72101.25420826576,0.929998533013639,329.4536290209561
46.2,2792.012394422079,-5.873148585130685,3.9427324056137736,-1.8568796901012783,2617.4210734999997,0.0,0.0,0.0,7.313481750083892,270.00191943625646,71982.54671701456,0.9287585076165568,329.40199052806037
46.3,2802.2458722977635,-7.467606831015666,1.9336590275980785,-0.6239647508550746,2611.1469644999997,0.0,0.0,0.0,7.7390904522400445,269.9354018300645,71889.38895214943,0.927785103677775,329.3614123321796
46.4,2800.5880824487904,-8.53171126491441,3.986658618303917,1.4490163036173571,2601.6898724999996,0.0,0.0,0.0,9.52802142603139,269.94617746408284,71904.47357439584,0.9279427389216963,329.36798620614445
46.5,2800.0045924170363,-9.151699584495349,3.443266050530868,4.435677417843438,2592.4299235,0.0,0.0,0.0,10.737081565060267,269.94997014928924,71909.78349807259,0.9279982264582453,329.3702999723789
46.6,2784.85266877567,-11.154002756438587,3.0977570252170894,4.776197424986024,2592.4299235,0.0,0.0,0.0,12.522776765572583,270.0484576529581,72047.78148968778,0.9294400019831244,329.4303775868192
46.7,2773.6397460580706,-9.824653148993537,3.318136871743041,6.435241135125794,2582.8919604999996,0.0,0.0,0.0,12.204350464685305,270.1213416506225,72150.04254981612,0.9305080662285641,329.474829947806
46.8,2736.7398716220373,-9.562436864661112,3.150752318005735,7.906334145538845,2582.8919604999996,0.0,0.0,0.0,12.801467047997344,270.36119083445675,72487.39690067914,0.9340295196961083,329.6210729923728
46.9,2722.748215726398,-8.30073711614213,3.1536213198631375,8.21891559849887,2566.8281174999997,0.0,0.0,0.0,12.099509813031391,270.4521365977784,72615.64805176924,0.9353674431496062,329.6765083146647
47.0,2712.9347418990124,-9.285696283590147,1.847294588177165,6.409722591996991,2556.8308635,0.0,0.0,0.0,11.433337066357536,270.5159241776564,72705.71048242948,0.9363067109332174,329.71538400456046
47.1,2704.9103234825143,-6.312859882778685,4.352232076699194,6.774981358621202,2546.1960985,0.0,0.0,0.0,10.232032855630923,270.56808289736364,72779.4211880049,0.9370752806359397,329.7471690158439
47.2,2704.195874046153,-6.381910624082709,2.5048333700225305,4.672819337846324,2546.1960985,0.0,0.0,0.0,8.296879774319303,270.5727268187,72785.98691041152,0.9371437331848138,329.7499988273404
47.3,2679.8526464878614,-3.626839371870748,4.24085124495394,3.261760943069206,2539.2539595,0.0,0.0,0.0,6.46358008853537,270.73095779782886,73009.98561033972,0.9394783836461229,329.8464036642108
47.4,2674.3927899783084,-1.4855530685091018,4.878534494683378,1.2768805239777432,2528.5819625,0.0,0.0,0.0,5.257127600475957,270.76644686514095,73060.30204290527,0.9400026244906929,329.8680220962532
47.5,2653.970089368138,0.472111225379814,5.222697757655609,0.2023618476748655,2517.6578904999997,0.0,0.0,0.0,5.247895882574743,270.89919441910706,73248.76066145638,0.9419655421427806,329.94887370804366
47.6,2625.494894903452,1.017130467434822,5.40805118341817,-1.0959064233288747,2517.6578904999997,0.0,0.0,0.0,5.610934225148993,271.0842831831275,73512.18374191006,0.9447076536789476,330.06157135116996
47.7,2615.5196041871222,2.5058926979234886,4.978595404979632,-4.04801851279155,2510.0071335,0.0,0.0,0.0,6.888567652269496,271.14912257278365,73604.64604748982,0.9456696996736913,330.10104193765363
47.8,2599.371071839996,4.795934285069458,6.552635634639546,-3.6229109935635,2510.0071335,0.0,0.0,0.0,8.891766050360072,271.25408803304,73754.52856065222,0.9472286995881335,330.1649290246282
47.9,2587.155002315804,5.38064469489478,5.495537727659333,-5.359377580618625,2486.7759324999997,0.0,0.0,0.0,9.374177313261361,271.33349248494727,73868.07605428815,0.9484093602340735,330.21325022616185
48.0,2583.700070029415,6.484452054088557,5.745138882806684,-6.288681263116605,2486.7759324999997,0.0,0.0,0.0,10.70524410060716,271.35594954480877,73900.21506735409,0.9487434772214827,330.2269150804826
48.1,2568.0018353054134,5.919582593898956,5.125320644279466,-7.602854839773214,2486.7759324999997,0.0,0.0,0.0,10.913925577322386,271.4579880705148,74046.38828773992,0.9502627445626982,330.28899719169846
48.2,2560.857462810597,5.739212914322495,4.929964782206722,-7.158804381831426,2467.8818895,0.0,0.0,0.0,10.415930002023511,271.5044264917311,74112.99017963889,0.950954789329717,330.31724731571614
48.3,2532.258701417167,5.374697188720854,5.351385693628953,-5.705009585182895,2456.7759324999997,0.0,0.0,0.0,9.490618161081457,271.6903184407884,74380.08196425547,0.9537288905856448,330.430307737955
48.4,2516.9538431820088,3.3719786488341703,3.5218392819042936,-5.160095179905513,2456.7759324999997,0.0,0.0,0.0,7.099308008633079,271.78980001931694,74523.33812832952,0.9552160140798515,330.4907970485153
48.5,2494.355129936536,0.8744648401368194,2.782692020770295,-4.740318903312989,2445.9098434999996,0.0,0.0,0.0,5.565850064832922,271.9366916554125,74735.27448368492,0.9574151006574037,330.58009358635104
48.6,2487.4087682757913,-1.3956625779556133,3.151779412211071,-3.1040753127449574,2438.5389324999996,0.0,0.0,0.0,4.638628142235157,271.9818430062073,74800.5171625523,0.9580918304828131,330.60753658817964
48.7,2485.0895912345222,-3.5185012038442616,3.9495609399032636,0.08315285677783954,2438.5389324999996,0.0,0.0,0.0,5.290160369691394,271.9969176569756,74822.30995775979,0.9583178512725768,330.61669845730535
48.8,2460.8223776211057,-4.349312413578708,3.9879419968229053,2.5925716415570923,2427.4421315,0.0,0.0,0.0,6.445279478621524,272.1546545454628,75050.6521235812,0.9606853163538037,330.71255044552686
48.9,2444.8637213506217,-7.011671338371087,2.7542559884610656,1.1041223190970384,2427.4421315,0.0,0.0,0.0,7.613707841967438,272.25838581122093,75201.12228792846,0.9622446507288837,330.7755696933426
49.0,2440.0869846506844,-7.736068127704541,3.2936849433231017,5.481652091177085,2404.0778735,0.0,0.0,0.0,10.037112145984295,272.2894345997705,75246.20840947577,0.9627117661938877,330.79443024726066
49.1,2439.3367357921657,-9.538320477773096,3.4446179627100784,5.517691839021339,2404.0778735,0.0,0.0,0.0,11.545123372062042,272.2943112173509,75253.29176189993,0.962785148536085,330.79739244576405
49.2,2407.0660420895433,-9.945622573254141,4.620844770932252,7.133510314606042,2384.9979785,0.0,0.0,0.0,13.082606169080572,272.5040707264179,75558.48175711594,0.96594561952043,330.92478133682516
49.3,2385.055102219708,-8.227519815907897,5.6246114876752555,8.906562804403512,2373.3359905,0.0,0.0,0.0,13.366196081803892,272.64714183557186,75767.21765949624,0.9681058372835223,331.01164162225666
49.4,2381.332538812916,-9.826101183128243,4.35239359437936,6.913347841751287,2373.3359905,0.0,0.0,0.0,12.778496501643529,272.671338497716,75802.56588649591,0.9684715455797768,331.02632946954105
49.5,2366.8776670894117,-8.680510592585586,4.477265611646345,5.656170687070774,2365.4029465,0.0,0.0,0.0,11.28669297653215,272.7652951639188,75939.95117567644,0.9698926085039017,331.083356826531
49.6,2344.180452165089,-7.843071999407842,5.049950061433075,4.535427721366372,2354.1230395,0.0,0.0,0.0,10.372361285001686,272.91282706092693,76156.08202400172,0.9721271970873838,331.1728820585628
49.7,2330.9353992293754,-6.8499187233581775,5.498608870202569,2.466425989927241,2342.4909595,0.0,0.0,0.0,9.123559787049782,272.998919905009,76282.4360270236,0.9734330189879021,331.2251136949401
49.8,2311.501290979968,-4.474563821002721,4.132440324771559,0.11117601559528856,2342.4909595,0.0,0.0,0.0,6.09189170393468,273.1252416086302,76468.1390607685,0.9753514446559459,331.30173685820034
49.9,2293.7347772852186,-2.36600297785022,5.087072903475274,-0.7275251979003444,2334.8109055,0.0,0.0,0.0,5.657346880831013,273.2407239476461,76638.22749336774,0.9771077843380872,331.3717696679072
50.0,2273.4679153249017,-1.9620290790167967,4.132309047525496,-0.3135605896627417,2322.7619554999997,0.0,0.0,0.0,4.5851779043520455,273.3724585503881,76832.62702758757,0.9791142534821583,331.45164039063746
50.1,2253.3487779445795,1.8877256461555918,5.7175010858383155,-2.1751665417763846,2310.1890184999997,0.0,0.0,0.0,6.401927543027904,273.5032329433602,77026.00433352301,0.9811092137613788,331.53090990577056
50.2,2231.6592343509365,2.577533466060278,3.8413594480348636,-4.825588951167281,2310.1890184999997,0.0,0.0,0.0,6.684761020656995,273.6442149767189,77234.91702534423,0.9832633730296475,331.61634560542103
50.3,2223.839447264792,3.227688683856903,4.113532410926286,-6.083660794115511,2298.5679244999997,0.0,0.0,0.0,8.021848402550194,273.6950435927788,77310.34928666615,0.9840409043955837,331.64714256062877
50.4,2201.7167134509286,3.79707163348165,3.1077121261120815,-7.362560651807755,2291.3059614999997,0.0,0.0,0.0,8.847763954814964,273.8388413625689,77524.0756896368,0.9862431438388722,331.73425385144594
50.5,2169.5122507089095,3.646362149929204,3.356631115636798,-6.429277510115094,2291.3059614999997,0.0,0.0,0.0,8.117791490114119,274.0481703703921,77836.05600709954,0.9894557206168925,331.8610224578196
50.6,2158.406710117762,4.468790100031115,2.976842892852971,-6.554302498726455,2277.4729534999997,0.0,0.0,0.0,8.472931004774983,274.1203563842345,77943.8762175361,0.9905654151952048,331.9047267215885
50.7,2139.837069790324,5.618598007195783,4.209906786316502,-4.285533927418571,2264.4788745,0.0,0.0,0.0,8.225433712515942,274.24105904636286,78124.4331911965,0.9924230688625854,331.97779202675866
50.8,2129.3082887033524,4.503645965006232,2.7819122147426434,-4.056734436285006,2252.4479294999996,0.0,0.0,0.0,6.669254593670259,274.3094961234282,78226.95735823672,0.9934775212569095,332.0192121054474
50.9,2117.8384346726707,4.578187685008313,5.607231531915803,-0.3422411958703009,2252.4479294999996,0.0,0.0,0.0,7.246928795553559,274.38405017462765,78338.76919705985,0.9946271968801629,332.0643284721766
51.0,2101.0736656906797,2.058917282682049,3.407664171206791,0.6901888134993086,2243.7730025,0.0,0.0,0.0,4.040751919993713,274.49302117301056,78502.43035208245,0.9963094366589662,332.13026122110244
51.1,2084.3717429101553,-2.234405375666226,4.054751900463813,0.5879725212011468,2102.1250535,0.0,0.0,0.0,4.666828906528358,274.601583671084,78665.75318427972,0.9979875338155262,332.19593379494955
51.2,2077.1961882680152,-4.619382369425193,4.142477644732215,0.6956796832788379,2102.1250535,0.0,0.0,0.0,6.243619521863053,274.6482247762579,78736.00511070975,0.9987091490849731,332.2241443526264
51.3,2066.6266472471702,-5.561034419058478,4.404707085866554,6.692581798325174,2067.1308515,0.0,0.0,0.0,9.752804696573675,274.7169267928934,78839.57821886237,0.9997728102154126,332.2656939412495
51.4,2047.176588951129,-5.84780062381556,4.967151848843821,7.145128763850893,2055.6251144999997,0.0,0.0,0.0,10.484380509948103,274.8433521718176,79030.46164040898,1.0017324229127018,332.3421398758941
51.5,2023.0406797894448,-7.386764932739468,5.176563259189538,7.184697805612354,2037.6310344999995,0.0,0.0,0.0,11.531738199677944,275.0002355813686,79267.85228388192,1.0041682238239094,332.4369784983082
51.6,2005.7054069889684,-9.369469476310687,5.748152410794426,5.696533549887928,2037.6310344999995,0.0,0.0,0.0,12.380577889995207,275.11291485457167,79438.7107498701,1.0059204971509457,332.50507829596637
51.7,1978.1713789619682,-8.962390197970436,5.84385415892834,5.534141946603888,2019.1938394999995,0.0,0.0,0.0,12.045820709966643,275.2918860367472,79710.70222643221,1.0087084821040078,332.6132141716375
51.8,1948.4045166581366,-9.559689863141104,4.402339000114498,4.322412852320078,2000.2408984999995,0.0,0.0,0.0,11.377676028841465,275.4853706417221,80005.59827326292,1.0117292008311805,332.73007964382913
51.9,1938.4917954018906,-8.891689645327027,5.160255358792664,3.7016107927049955,2000.2408984999995,0.0,0.0,0.0,10.926678478725105,275.5498033298877,80103.99802583437,1.0127366707136545,332.7689881346848
52.0,1901.4210980589612,-9.149438156938578,4.899176849824248,0.693084312267643,1987.3579025,0.0,0.0,0.0,10.401659399221305,275.7907628626167,80472.85341581315,1.0165111190926863,332.91445428458013
52.1,1901.8714737476614,-8.861784049847097,4.805519020360362,-0.003346999948138918,1968.3790205,0.0,0.0,0.0,10.080884921651387,275.7878354206402,80468.36391619878,1.0164651984533704,332.9126873828822
52.2,1887.631149631211,-7.247206977569217,3.917420900700912,-3.1510122924131108,1950.0379565,0.0,0.0,0.0,8.820264959507442,275.8803975273971,80610.4145713747,1.0179179208947116,332.9685500979561
52.3,1871.0469740674832,-4.754149860477352,3.70798864876164,-4.404474573756154,1950.0379565,0.0,0.0,0.0,7.46662688140277,275.98819466856133,80776.10157050303,1.0196117521014205,333.03359558977644
52.4,1863.7733608374292,-3.0025376997469837,3.6562760731065973,-4.601052785946484,1950.0379565,0.0,0.0,0.0,6.599490442468995,276.0354731545567,80848.85676862288,1.0203553252867474,333.06211972636834
52.5,1845.1533887356745,-1.3955668364341915,3.125233213699541,-4.965583592830068,1919.9749374999997,0.0,0.0,0.0,6.030896272723389,276.1565029732181,81035.34711145391,1.0222607141700757,333.1351285137116
52.6,1809.6572225083025,-2.494016688855998,1.4156844660230379,-7.545990082895897,1901.2330245,0.0,0.0,0.0,8.072561432581011,276.387228053696,81391.82774127023,1.0259005902004383,333.2742644398736
52.7,1780.1389496056686,0.855671483110271,2.094520574183466,-6.5624368778354,1901.2330245,0.0,0.0,0.0,6.941524897186496,276.57909682756315,81689.23972616399,1.0289350201677567,333.3899243259952
52.8,1756.8010872203795,3.1087289175725923,3.4234364850986703,-3.3402798498934536,1882.5629805,0.0,0.0,0.0,5.7045229709469165,276.7307929330675,81925.00323353612,1.0313389706053708,333.4813394419721
52.9,1745.8838532265597,3.1662299645098395,4.280195115598078,-3.2078483670320597,1870.0370405,0.0,0.0,0.0,6.215735962991017,276.80175495402733,82035.48019153609,1.0324649901559113,333.52409397729417
53.0,1752.8533382055975,3.767701092760959,3.7327334924553885,0.05115375859799225,1851.0619735,0.0,0.0,0.0,5.303912476380906,276.7564533016636,81964.93856862519,1.031746038740694,333.49680041694484
53.1,1737.6647036627771,3.5223905031550666,4.211750129414185,2.063745579399679,1851.0619735,0.0,0.0,0.0,5.865587764736721,276.8551794261919,82118.73345436451,1.0333133457132975,333.556278543822
53.2,1737.7642994245996,3.2946258977097216,5.797300731979332,3.724226855668071,1851.0619735,0.0,0.0,0.0,7.63761227448389,276.85453205374006,82117.72422143798,1.0333030625516113,333.55588856507467
53.3,1714.922396475731,2.65896248536434,4.59716191110176,3.727969286779954,1851.0619735,0.0,0.0,0.0,6.48858491033556,277.00300442290774,82349.45103680826,1.0356635167812103,333.64531674734167
53.4,1678.17454088723,-0.4674624017684952,6.076458218431912,6.486077519802804,1851.0619735,0.0,0.0,0.0,8.900059953186112,277.24186548423296,82723.36206971551,1.0394696492943385,333.7891377533857
53.5,1668.851893011106,-3.25713842612757,4.150979225413922,5.839410692254753,1800.0880054999998,0.0,0.0,0.0,7.870088721837504,277.3024626954278,82818.4386968536,1.0404369352614735,333.8256141811343
53.6,1653.3171593742227,-4.573018978170507,3.934077721888687,6.481710745979427,1780.5070115,0.0,0.0,0.0,8.854492887292512,277.4034384640675,82977.06557298648,1.042050295553882,333.88638758648847
53.7,1655.8682829076968,-6.6604446577657255,4.923793113388998,7.151723334640655,1760.9379194999997,0.0,0.0,0.0,10.943144352418118,277.38685616109996,82950.99890008738,1.041785217275825,333.876408099556
53.8,1611.0352800249468,-8.097042783269918,5.110686726207526,5.660176428800701,1760.9379194999997,0.0,0.0,0.0,11.122896109048593,277.67827067983785,83410.05695895742,1.0464511764802156,334.05174245632435
53.9,1594.1130584019018,-8.43346190433344,4.314694997528527,4.08490853436883,1747.7210615,0.0,0.0,0.0,10.316314765830887,277.7882651203876,83583.86229645346,1.048216492998494,334.1178985087901
54.0,1588.8237585041838,-8.75565164919408,4.671873812854179,1.8994494819900707,1727.3350145,0.0,0.0,0.0,10.104244111258398,277.8226455697228,83638.2479354393,1.0487687368155598,334.13857391074214
54.1,1556.5199057506675,-9.072696395717808,2.762974651216319,-0.16930120195502368,1707.0269395,0.0,0.0,0.0,9.485594958099268,278.03262061262063,83971.02486759305,1.052146341481623,334.26481903663426
54.2,1536.4338731392643,-9.198129287610106,3.5766692265892503,-0.2947340938473223,1707.0269395,0.0,0.0,0.0,9.87344992057474,278.16317982459475,84178.48037268448,1.0542506752603147,334.3432922552954
54.3,1515.025988305378,-9.431004029960153,2.7143792302974967,-3.469875513666154,1707.0269395,0.0,0.0,0.0,10.409213596585241,278.30233107601504,84400.04510960662,1.056497037310855,334.4269094877357
54.4,1497.3089929199048,-9.872230456320638,3.0257868398332826,-4.986769294637144,1673.6550524999998,0.0,0.0,0.0,11.466655492372173,278.4174915460206,84583.76723043501,1.0583588763778378,334.49609463729064
54.5,1490.158490772042,-8.387526877262049,2.8620221453373333,-4.950719930928836,1653.5729594999998,0.0,0.0,0.0,10.151423826818117,278.4639698099817,84658.00833958488,1.059111017063836,334.5240134094073
54.6,1453.0783597496425,-4.357597139141866,3.4851169444491497,-4.497467063806881,1653.5729594999998,0.0,0.0,0.0,7.166721909881228,278.7049906616273,85043.84486148086,1.0630179299316238,334.66875354174937
54.7,1435.6704544173456,-3.5048687195632566,3.1306333593831273,-4.357409963395516,1633.4829335,0.0,0.0,0.0,6.408743368348742,278.8181420462872,85225.47293898149,1.0648558959130188,334.73668269871683
54.8,1427.037010605157,-0.9852120271031841,5.68858786830237,-3.333030934044428,1620.0939555,0.0,0.0,0.0,6.666316065192434,278.87425943106643,85315.66775737688,1.0657683357755623,334.77036702426733
54.9,1398.2885751339295,-0.5778658610384323,3.947929603242165,-0.8076523731526498,1599.4709395,0.0,0.0,0.0,4.070918749050223,279.06112426162946,85616.5641390668,1.0688109745935015,334.8825077650683
55.0,1393.95567507423,0.48114336504746535,4.027848437526863,-0.4679748925467632,1599.4709395,0.0,0.0,0.0,4.083388601819688,279.08928811201747,85661.98899119081,1.069270129960472,334.8994061111134
55.1,1376.1791055750775,0.5072881840359104,3.7892391141233643,0.6571489659677378,1579.2660145,0.0,0.0,0.0,3.8791131884926147,279.204835813762,85848.55764960172,1.071155484389496,334.9687259558369
55.2,1354.95277700767,0.05910863091289775,4.694802041506746,1.9323683001581968,1579.2660145,0.0,0.0,0.0,5.077273607620588,279.3428069494501,86071.76308240103,1.0734100449370947,335.0514793711192
55.3,1326.735089867316,2.0629326693405585,5.48475367195566,5.699554190398173,1545.3899764999996,0.0,0.0,0.0,8.174541700275865,279.52622191586244,86369.21348023321,1.0764128134597923,335.16145781000483
55.4,1318.9219064786546,2.9907242616888414,5.7081994555485425,5.9879397804367684,1524.8910145,0.0,0.0,0.0,8.796783244340858,279.57700760788873,86451.72136622612,1.0772453836346112,335.1919033141795
55.5,1298.6504058096973,2.067458025677747,5.1046364989337984,7.672251298501546,1504.5739365,0.0,0.0,0.0,9.44431768110037,279.70877236223697,86666.08779874936,1.0794078052355265,335.2708820479526
55.6,1291.410864250548,-0.9547798048641014,3.3262429348338403,5.324386732888674,1504.5739365,0.0,0.0,0.0,6.350164613509581,279.7558293823714,86742.74849746481,1.0801808729757896,335.299083139059
55.7,1268.8831758746398,-1.5717832161551102,1.5752931144967994,5.181942410431906,1490.0219345,0.0,0.0,0.0,5.6395547714514445,279.9022593568148,86981.64925135423,1.0825891813565598,335.3868228892172
55.8,1228.1873953200509,-2.0664703586322375,5.226754142254225,3.2186195159056616,1468.5769274999998,0.0,0.0,0.0,6.476787027133604,280.16678193041963,87414.56874600008,1.0869501490028524,335.5452646877582
55.9,1203.5631904571144,-4.874798745428246,2.563291152216262,-0.08924458287472536,1454.1999434999998,0.0,0.0,0.0,5.508365359617267,280.3268392620287,87677.36580004958,1.0895954017475529,335.6410983390316
56.0,1185.672101042026,-6.260287474004756,4.534683938513056,-1.9343062018040447,1454.1999434999998,0.0,0.0,0.0,7.968443898386104,280.4431313432268,87868.70595062923,1.0915204372180023,335.71071057221656
56.1,1172.4578464092951,-7.967640030146328,3.1919922561421483,-2.352856361626907,1454.1999434999998,0.0,0.0,0.0,8.899889621321707,280.52902399833954,88010.24564986784,1.0929439269749852,335.7621164965052
56.2,1146.0941611530534,-8.472885950894176,3.6891487288168254,-2.3119428608748476,1454.1999434999998,0.0,0.0,0.0,9.526000969564347,280.70038795250514,88293.18230633892,1.0957881663501545,335.86465266007565
56.3,1129.1216929028803,-8.519701203710802,4.937796861109122,-4.163747850253925,1454.1999434999998,0.0,0.0,0.0,10.6913021939605,280.81070899613127,88475.72123829776,1.0976222305658752,335.930647045302
56.4,1099.5809800496968,-9.710288014051168,3.4275069502062627,-5.728986599438711,1454.1999434999998,0.0,0.0,0.0,11.783835736553966,281.00272362967695,88794.16040686847,1.100820033536173,336.0454798759511
56.5,1093.561983050154,-10.324015901680696,2.0145214600322103,-6.782305915652599,1366.4500045,0.0,0.0,0.0,12.515721097267326,281.041847110174,88859.156880835,1.1014724673057334,336.0688725516923
56.6,1077.3259201550272,-9.09678758398516,4.450626662660799,-3.661836480930321,1344.5260235,0.0,0.0,0.0,10.768874985420062,281.1473815189923,89034.67505129633,1.1032338630403846,336.13196547046437
56.7,1074.503561929777,-8.466522256680792,4.796156270911512,-3.506130659073152,1344.5260235,0.0,0.0,0.0,10.343020172868645,281.1657268474564,89065.2144651954,1.1035402708877955,336.1429318730164
56.8,1028.4500907471577,-6.8223008184206835,5.208189250219992,-1.640448199129231,1329.6859355,0.0,0.0,0.0,8.738426289507565,281.4650744101435,89564.73710861271,1.1085492467199447,336.3218242297166
56.9,1005.7576528859013,-5.164267040014561,4.236998818599184,1.954119698122216,1307.6110454999998,0.0,0.0,0.0,6.959913565841238,281.6125752562416,89811.70536302439,1.1110237623688388,336.4099368601139
57.0,988.3619353548331,-2.779598596470892,5.680874834663456,3.025008853446714,1285.3260425,0.0,0.0,0.0,7.010648030535158,281.7256474201936,90001.4010430551,1.1129235523653151,336.47746719320327
57.1,966.1071090289634,-1.3730397019974543,5.930175328460256,7.368838834406356,1285.3260425,0.0,0.0,0.0,9.557824188433012,281.8703037913117,90244.55690826382,1.1153576290038314,336.56384087512197
57.2,948.6355721304069,-0.10843891339483633,3.1035771437770396,6.005880571012435,1270.2289965,0.0,0.0,0.0,6.761253694292069,281.98386878115235,90435.82312806921,1.1172713950752458,336.6316345013963
57.3,948.7213010802424,1.659604123927479,3.5378592962370363,6.74487994026112,1247.7630235,0.0,0.0,0.0,7.79513564068418,281.9833115429784,90434.88382653228,1.1172619985216392,336.6313018864656
57.4,926.9709843517583,1.8701710352345644,3.00911309720563,5.586718128621218,1224.4799425,0.0,0.0,0.0,6.6154153899411146,282.12468860171356,90673.44767849457,1.1196479397625132,336.7156791840419
57.5,910.5483445368824,0.6389594020614885,2.3806746680434054,4.964940450470109,1224.4799425,0.0,0.0,0.0,5.543150247761708,282.23143576051024,90853.91343498966,1.1214520328446076,336.7793745006904
57.6,912.5039745962721,1.8140094138210279,2.513359630594777,5.07597895607135,1200.9930034999998,0.0,0.0,0.0,5.947534711846079,282.21872416512423,90832.4080878076,1.1212370824476166,336.7717902085008
57.7,867.1374113451647,-0.85519604610653,4.459866128484266,4.270042422016468,1185.3609845,0.0,0.0,0.0,6.233380178289925,282.5136068262564,91332.35013450016,1.1262316084382793,336.94768611057066
57.8,801.6303876505937,-4.052871743060716,4.04960088994152,-0.0465936913111151,1185.3609845,0.0,0.0,0.0,5.7295032686599585,282.9394024802711,92058.1705345782,1.1334734626472656,337.20150900425483
57.9,802.0589305308312,-4.976401335499928,3.0061826727561023,-0.15088440726286062,1185.3609845,0.0,0.0,0.0,5.815880897877772,282.9366169515496,92053.40713276011,1.1334259714277126,337.1998491315191
58.0,812.5031097050736,-5.812907927130704,3.718237383523902,-2.8206878824739516,1138.5250474999998,0.0,0.0,0.0,7.4546272837660394,282.868729786917,91937.3781703642,1.132269015678264,337.15939322443376
58.1,783.0123579941211,-6.507664989842704,4.696925843934622,-3.15078335607985,1122.9099655,0.0,0.0,0.0,8.621963335597943,283.0604196730382,92265.30913220294,1.1355381871389625,337.2736142273864
58.2,734.5726326358933,-7.5562856491647565,4.242752957138252,-5.588113858434771,1122.9099655,0.0,0.0,0.0,10.311421917558672,283.3752778878667,92806.00381182757,1.1409235966027114,337.46114283691537
58.3,729.9223792262818,-10.460730918342898,4.100741188532347,-4.256494759567174,1099.3819804999998,0.0,0.0,0.0,12.0150204860218,283.40550453502914,92858.04562692066,1.1414416263645948,337.4791402553529
58.4,711.7082249333657,-9.681261907051546,4.865223543767363,-3.067406680687742,1076.1059185,0.0,0.0,0.0,11.26082661213125,283.5238965379331,93062.11106884292,1.1434723828895548,337.5496234654976
58.5,686.5083859269364,-8.451671023571384,6.39453616994504,-2.4022914445179393,1052.4900435,0.0,0.0,0.0,10.867006952414066,283.68769549147487,93345.04044458194,1.1462865526897559,337.6471148805495
58.6,676.5893938895689,-8.855624534282839,3.9674620891669097,0.4307478599673185,1052.4900435,0.0,0.0,0.0,9.713309685170922,283.75216893971776,93456.59606343208,1.1473956993980112,337.68548107936823
58.7,651.9998633004762,-8.097447022560942,3.491786459464982,1.0840232401506356,1036.6199874999998,0.0,0.0,0.0,8.884611828710963,283.91200088854686,93733.61196582335,1.150148853840757,337.78057344536603
58.8,640.5883690957728,-7.129354724782138,3.19438785601698,1.6624776543678372,1013.0669785,0.0,0.0,0.0,7.987217570450584,283.98617560087746,93862.39501054226,1.1514282516430825,337.8246947585754
58.9,610.9509305808606,-3.983286661905289,4.808545598355137,5.108267341052651,989.3290325,0.0,0.0,0.0,8.067408420926652,284.1788189512244,94197.53414425008,1.1547561343416686,337.93925781407603
59.0,592.3009198426964,-3.7189148493605586,2.355441739483826,6.246826535675853,989.3290325,0.0,0.0,0.0,7.642072703901805,284.3000440210225,94408.92406378595,1.1568540466189863,338.01132923428514
59.1,574.9083133570823,-1.2329714755019343,1.8541604828325626,5.196055874154823,965.2109905,0.0,0.0,0.0,5.6530634529286985,284.41309596317893,94606.40783571788,1.1588131417550949,338.0785276747441
59.2,577.2544871452371,-0.050403144131845656,3.1366359921664846,7.484263715322896,949.2890545,0.0,0.0,0.0,8.115123485492472,284.39784583355595,94579.74878305805,1.15854872183832,338.06946372769477
59.3,544.6116424344757,0.38893608733789353,3.555993813819511,6.4549673216256425,949.2890545,0.0,0.0,0.0,7.379902872478151,284.61002432417587,94951.2091399968,1.162231805015373,338.1955506436425
59.4,544.6558498863901,1.4836596269140985,4.341005043162222,5.929529419957544,949.2890545,0.0,0.0,0.0,7.496992051178711,284.60973697573843,94950.7052822019,1.1622268110513785,338.1953799188274
59.5,478.360600539163,0.14594606426066786,2.748528195383661,0.9951571368975605,900.9119795,0.0,0.0,0.0,2.926780692434999,285.0406560964954,95708.74727999113,1.1697344260007783,338.4513088547577
59.6,460.4880534608432,0.6172466711398421,2.875149108522361,1.0668290169353243,884.5919415,0.0,0.0,0.0,3.128194367465892,285.1568276525045,95913.9443020418,1.1717647396381081,338.52027166583684
59.7,429.19795657987,1.9516486393597643,4.154601968710959,-0.6076404899446458,860.2599715,0.0,0.0,0.0,4.630213482654116,285.3602132822308,96274.0476594386,1.1753257716977927,338.6409734685543
59.8,398.0510310118185,-5.9131907734636675,3.3432096873929593,-5.108937875661827,860.2599715,0.0,0.0,0.0,8.499654249122488,285.56266829842315,96633.58979848707,1.1788787265059608,338.7610802750034
59.9,413.6620880979131,-5.222757871457736,4.248443306656699,-3.5243354584326974,835.6029895,0.0,0.0,0.0,7.599171713898552,285.4611964273635,96453.24910803381,1.1770969351480238,338.7008872268636
60.0,385.87496616868407,-6.4185814017236495,4.026714724072965,-5.494439997066082,811.0979845,0.0,0.0,0.0,9.35956674002479,285.64181271990356,96774.43851519818,1.1802698916047138,338.80802127126157
60.1,378.7584864351256,-9.264348156674789,3.718590283808387,-4.333928685281545,811.0979845,0.0,0.0,0.0,10.882968267711888,285.68806983817166,96856.83655525037,1.181083559785197,338.8354536140899
60.2,338.8018707331276,-9.688781246328967,4.717834757381268,-3.0349625499359676,794.9290084999999,0.0,0.0,0.0,11.195599337091538,285.94778784023464,97320.52915716692,1.1856600021803145,338.9894356751477
60.3,326.7124594761448,-11.219922925050662,4.400565040053206,-1.1542743910235005,770.3750225,0.0,0.0,0.0,12.10718763733298,286.02636901340503,97461.17923184823,1.1870473359106735,339.0360112368848
60.4,309.5312570272474,-7.379719525547188,5.00377602698592,-0.5460680498882319,745.5540084999999,0.0,0.0,0.0,8.932873284620696,286.1380468293229,97661.35113001817,1.1890211199779777,339.1021923835055
60.5,278.6456138517304,-10.430401193175925,2.887225875973971,1.528488279044121,745.5540084999999,0.0,0.0,0.0,10.930032878663937,286.3388035099637,98022.02551871962,1.1925755888146439,339.221129893981
60.6,245.19336154267043,-6.908320783231117,3.252239902252888,5.310327833846964,745.5540084999999,0.0,0.0,0.0,9.300620523855311,286.5562431499726,98413.88806540208,1.1964345998050088,339.34990413241536
60.7,227.29465569215185,-2.530426303032434,4.083429426863578,6.051600780000099,704.1849894999999,0.0,0.0,0.0,7.726533838646642,286.672584738001,98624.0753711966,1.1985032918046805,339.41878502619807
60.8,210.8786984924289,-1.8585765328589574,4.975074674049672,6.43371983658323,679.1499705,0.0,0.0,0.0,8.342567091519793,286.7792884597992,98817.16996198984,1.200403015807122,339.48194746310077
60.9,220.17204072862947,-2.056231565027052,4.217939588551014,6.695637769698331,679.1499705,0.0,0.0,0.0,8.17622576527155,286.7188817352639,98707.8183925162,1.1993272682392642,339.4461916165072
61.0,211.01794490328112,-0.5437716884273575,1.4643628030465068,3.362599394164424,662.5799945,0.0,0.0,0.0,3.707710985731805,286.7783833581286,98815.5307736862,1.2003868919423428,339.4814117446361
61.0,211.0314287686437,0.47533264233485617,2.4834671338087206,4.381703724926638,662.5799945,0.0,0.0,0.0,5.05894036914976,286.7782957130038,98815.37204477223,1.2003853306037402,339.48135986852776
