time,baro_altitude,accl_x,accl_y,accl_z,gps_altitude,gyro_roll,gyro_pitch,gyro_yaw,At,T,P,rho,a
0.0,-0.14410956001077913,10.502205719338008,-0.4539360549921411,-0.6163586397952902,0.0,0,0,0,10.530065568939639,288.15,101325.0,1.2250122659906946,340.29228686527705
0.1,0.7114879844426693,10.258303041483957,-0.8094017262104036,-0.8914333271616413,0.0,0,0,0,10.32872527575818,288.1453753281011,101316.45299711358,1.2249285928423885,340.28955608878744
0.2,2.8977436304979367,11.62068219132139,0.5775869133656548,0.3839923159676224,0.0,0,0,0,11.641362090962875,288.13116466640173,101290.19347523876,1.2246715098963317,340.2811648394411
0.3,-0.020350224260315124,9.708452161077112,-1.2148769650633313,-1.3838620809429596,0.0,0,0,0,9.881550670984595,288.15,101325.0,1.2250122659906946,340.29228686527705
0.4,0.4435800305160954,10.581754746887048,-0.3169649039001561,-0.5597784715276889,0.0,0,0,0,10.601290120110708,288.1471167298016,101319.67126832678,1.2249600991183738,340.2905843543212
0.5,3.5833516029719297,10.338079605040264,-0.6935312453298057,-0.7870472820869283,0.0,0,0,0,10.391165427065369,288.1267082145807,101281.95964600632,1.2245908973985886,340.27853330792635
0.6,1.130135410245841,10.765208395016023,-0.1482769360509936,-0.4206218775960072,0.0,0,0,0,10.774442936959687,288.14265411983337,101311.42411858684,1.2248793606766746,340.2879492593551
0.7,-0.06501465844612489,10.446543459830327,-0.47514502557766125,-0.6736615266775721,0.0,0,0,0,10.479019653859826,288.15,101325.0,1.2250122659906946,340.29228686527705
0.8,0.4105728018788617,10.418286549965723,-0.5247301683766319,-0.7330904573572782,0.0,0,0,0,10.457220376633053,288.1473312767878,101320.0677767045,1.2249639808483934,340.29071104013804
0.9,0.20093221496104346,10.81447030008949,-0.19089043624993912,-0.374641245767236,0.0,0,0,0,10.822641225375595,288.14869394060275,101322.58617102743,1.2249886353087764,340.2915156654806
1.0,2.671692716933546,11.366821794637062,0.4451332948436907,0.17114772489654884,0.0,0,0,0,11.376821740053405,288.1326339973399,101292.90835918649,1.224698089428096,340.2820324738157
1.1,0.5750158469328734,10.753257140437926,-0.18811894744724403,-0.37843228906854764,0.0,0,0,0,10.761558384554608,288.1462623969949,101318.09237203345,1.2249446420414205,340.2900798869699
1.2,0.8328449870396015,10.391760847805672,-0.5807872382889985,-0.7957100593736514,0.0,0,0,0,10.438350532183458,288.1445865075842,101314.99521116726,1.2249143213267317,340.2890903038222
1.3,1.3965122689585379,10.546780167215207,-0.4454555131364275,-0.5931124053294352,0.0,0,0,0,10.57283239416493,288.14092267025177,101308.2244504817,1.2248480360370604,340.2869268624554
1.4,3.043748361078939,11.549938885576609,0.6659849345922378,0.37067114095847553,0.0,0,0,0,11.57506031467646,288.130215635653,101288.43998168518,1.2246543425941203,340.28060443918906
1.5,0.3287035105754208,10.575513499397779,-0.38719079984368304,-0.5282851702079585,0.0,0,0,0,10.595776881026227,288.1478634271812,101321.0512594208,1.224973608915924,340.29102526437765
1.6,0.07859990027951752,10.77616543703439,-0.1980232846551012,-0.4506806411908971,0.0,0,0,0,10.78740319947041,288.14948910064817,101324.05576201066,1.2250030221888146,340.29198519047947
1.7,2.5903009519521234,11.171386455206171,0.17915078307475618,0.0003218680115907313,0.0,0,0,0,11.172822850033882,288.13316304381226,101293.88589320301,1.2247076597474327,340.2823448732197
1.8,0.1307812985510555,10.479416682665198,-0.5013345701007715,-0.6850853785905411,0.0,0,0,0,10.513745875569674,288.1491499215594,101323.42889926532,1.2249968853847073,340.2917849125616
1.9,0.11660762305737893,11.473687232209326,0.5405143038027622,0.37973234740174144,0.0,0,0,0,11.492686851682766,288.1492420504501,101323.59916938482,1.2249985522804105,340.2918393126911
2.0,2.4187600462791545,11.393099931129726,0.44844258438524526,0.22531660279445775,0.0,0,0,0,11.404148120911668,288.13427805969917,101295.94616436964,1.2247278302953604,340.2830032838127
2.1,1.9694802492583934,10.537543670672271,-0.4678170708047937,-0.5514893196811809,0.0,0,0,0,10.562330230246735,288.1371983783798,101301.34234549885,1.2247806598304607,340.2847277094867
2.2,0.26052793180089506,10.406804521246567,-0.5805092543756603,-0.7806663828501718,0.0,0,0,0,10.452177349201751,288.1483065684433,101321.87024765511,1.2249816266070856,340.2912869302714
2.3,0.5930034297669419,10.50983570015877,-0.38396205617430157,-0.6579476363967178,0.0,0,0,0,10.537408049285812,288.1461454777065,101317.87629452177,1.2249425266825025,340.29001084828496
2.4,-0.09676346917618203,10.257134158712281,-0.726898353940526,-0.8630708298506701,0.0,0,0,0,10.31901514797429,288.15,101325.0,1.2250122659906946,340.29228686527705
2.5,-0.2536674484073075,9.964559746649009,-0.9784569665557075,-1.227833066287247,0.0,0,0,0,10.087487448250307,288.15,101325.0,1.2250122659906946,340.29228686527705
2.6,-0.39982881824179817,9.991972963110229,-0.9477624943177593,-1.1429977190903924,0.0,0,0,0,10.101693978091351,288.15,101325.0,1.2250122659906946,340.29228686527705
2.7,-0.42506871276224123,10.175567983224472,-0.7264329264220432,-0.9856528150618455,0.0,0,0,0,10.24897068244672,288.15,101325.0,1.2250122659906946,340.29228686527705
2.8,0.3787185087848144,10.223590185397402,-0.786692449506269,-0.9950527384869152,0.0,0,0,0,10.301980937733994,288.14753832969285,101320.45043631933,1.2249677269993222,340.2908333008012
2.9,0.07425571722423704,10.68211767030997,-0.352774456387379,-0.49058756069965126,0.0,0,0,0,10.69919454417673,288.149517337838,101324.10794945662,1.225003533088419,340.29200186392416
3.0,-0.20175505782278508,10.642579661971883,-0.2528587196807364,-0.5826257919613854,0.0,0,0,0,10.661514536265228,288.15,101325.0,1.2250122659906946,340.29228686527705
3.1,-0.07148598190863598,10.183996234239233,-0.718004680544921,-0.9919902607673372,0.0,0,0,0,10.257356126104842,288.15,101325.0,1.2250122659906946,340.29228686527705
3.2,0.054756818267821986,10.47962769947735,-0.5372174654752713,-0.69143690004756,0.0,0,0,0,10.516143984922039,288.14964408068124,101324.34219347638,1.2250058262672212,340.2920767027986
3.3,0.27179753143767915,9.88171837538082,-1.0678608689003757,-1.254892933166874,0.0,0,0,0,10.018155576720686,288.1482333160456,101321.73486641025,1.2249803012592133,340.29124367623575
3.4,-0.20625470969770257,10.38903754493539,-0.5572604312387491,-0.7262455481459048,0.0,0,0,0,10.429289184527548,288.15,101325.0,1.2250122659906946,340.29228686527705
3.5,-0.027812578158962348,10.66768560077268,-0.28517489723019035,-0.5050196127689747,0.0,0,0,0,10.68343978352592,288.15,101325.0,1.2250122659906946,340.29228686527705
3.6,0.46303965934364777,9.893492275950283,-1.0642901267819926,-1.1889781658587242,0.0,0,0,0,10.021355794858414,288.14699024221426,101319.43750479253,1.2249578106233094,340.2905096658422
3.7,0.8249461861030574,10.866645309620168,0.025347793678708597,-0.3323100251448204,0.0,0,0,0,10.871754814589323,288.1446378497903,101315.09009401732,1.2249152502174352,340.28912062053234
3.8,0.7757807872947982,10.747933663175118,-0.16391104462740858,-0.40344334620293826,0.0,0,0,0,10.756751897862067,288.14495742488253,101315.68068567557,1.2249210320288733,340.28930932419485
3.9,0.21020361152357486,10.715052488996825,-0.2804644491865927,-0.4149962874468616,0.0,0,0,0,10.726753099974347,288.1486336765251,101322.47479346747,1.2249875449523502,340.29148008080534
4.0,3.6358827581060917,10.254971205775758,-0.6371859129074386,-0.8799994805349716,0.0,0,0,0,10.31236342477511,288.1263667620723,101281.32879389897,1.2245847210514647,340.2783316796325
4.1,0.12517561310368625,11.71904920725701,0.7415792102677682,0.6070473730350268,0.0,0,0,0,11.758169949457322,288.1491863585148,101323.49624103132,1.224997544641373,340.29180642780153
4.2,2.2713041356907033,9.764030311408625,-1.21179905615096,-1.402112387496989,0.0,0,0,0,9.93834312256159,288.135236523118,101297.7171927547,1.2247451690248283,340.28356925003806
4.3,0.11028663144434295,11.068504794683253,0.19275400214996147,-0.10748168593793228,0.0,0,0,0,11.070704801776762,288.1492831368956,101323.6751043148,1.2249992956614546,340.2918635733511
4.4,0.21068060190580015,10.990786949419432,-0.045745805680045104,-0.17535574948618265,0.0,0,0,0,10.992280931869585,288.1486305760876,101322.4690633706,1.2249874888562333,340.29147825006186
4.5,0.39638991223992764,10.185183183168094,-0.7447084781589391,-0.9399437029315723,0.0,0,0,0,10.255537107183255,288.1474234655704,101320.23815293807,1.2249656487934497,340.2907654758042
4.6,0.006140460909686604,10.668917509910905,-0.3183962657113233,-0.48574075421635077,0.0,0,0,0,10.684714366589736,288.14996008700405,101324.92623302812,1.2250115438351323,340.292263297543
4.7,0.11892056109853621,9.691016637036117,-1.2864533578980666,-1.3750475012285852,0.0,0,0,0,9.872260193693894,288.1492270163528,101323.5713837578,1.2249982802671164,340.29183043538046
4.8,0.47324072643786647,10.762929415192897,-0.2703220717995208,-0.45243224263941506,0.0,0,0,0,10.775825655285363,288.14692393527815,101319.31496216223,1.224956610956735,340.2904705128697
4.9,1.0353092368153698,11.250428443133043,0.3024898365017235,0.06459816230079463,0.0,0,0,0,11.254679612401965,288.1432704899607,101312.5631722758,1.2248905119272955,340.2883132166024
5.0,0.6942566397973121,10.841629384526414,-0.12435618282210703,-0.36716975044963995,0.0,0,0,0,10.848557774989168,288.1454873318413,101316.65998788162,1.2249306192491987,340.28962222502037
5.1,0.38026013168272943,10.82289657882389,-0.21035490714100097,-0.3596524380114112,0.0,0,0,0,10.830913600386799,288.14752830914404,101320.4319170673,1.2249675457001028,340.29082738386546
5.2,1.5239412897709552,10.146328998601295,-0.8508285844246924,-1.054266968675933,0.0,0,0,0,10.23637534819688,288.14009438161645,101306.69382628305,1.2248330512127594,340.28643776844854
5.3,1.030056682761515,11.118310332664693,0.18185613717859972,-0.08556691093980995,0.0,0,0,0,11.120126708105253,288.14330463156205,101312.62626635203,1.2248911296128966,340.2883333766908
5.4,0.6277952125040192,10.028525140495777,-0.9276166348618982,-1.1212112312324032,0.0,0,0,0,10.133553361968842,288.1459193311187,101317.45835605482,1.2249384351396913,340.2898773128532
5.5,0.6989279848954971,10.293170135223232,-0.7400813640995152,-0.835238029258766,0.0,0,0,0,10.353487065895186,288.14545696809813,101316.60387352062,1.2249300698985768,340.2896042957669
5.6,0.6858469340159776,10.75717900740611,-0.19896276897909118,-0.44505759238335296,0.0,0,0,0,10.768220031247347,288.14554199492886,101316.76100922591,1.2249316082318609,340.28965450260466
5.7,0.4585635752459711,10.257519905801574,-0.6805749139765391,-0.8954977258134451,0.0,0,0,0,10.319002520030061,288.1470193367609,101319.49127480507,1.2249583370203352,340.29052684561185
5.8,0.581264645050943,10.26083641771875,-0.6641333388788775,-0.8823374270430611,0.0,0,0,0,10.320094787265992,288.14622177980715,101318.0173077226,1.224943907175783,340.2900559032707
5.9,2.940554716164222,10.262193319307071,-0.739886167420793,-0.9466058187515642,0.0,0,0,0,10.332284637952327,288.1308863943449,101289.67931837325,1.224666476130452,340.2810005205924
6.0,1.8477206887952882,9.761796243926732,-1.151689094332977,-1.4059870782433737,0.0,0,0,0,9.929544468007327,288.1379898155228,101302.80480755013,1.2247949774915596,340.28519504551497
6.1,2.528446607841129,10.816384199139241,-0.14632009599211004,-0.31202394684726237,0.0,0,0,0,10.821873019828239,288.13356509704903,101294.62878336207,1.224714932828928,340.2825822835355
6.2,0.9066610005559128,11.19059592708654,0.12945369252371325,-0.08382849091106448,0.0,0,0,0,11.191658620495994,288.1441067034964,101314.10851376504,1.2249056406670313,340.28880698743836
6.3,1.317154617337051,9.982114486423557,-1.019964984891396,-1.1905907394484267,0.0,0,0,0,10.1044764584481,288.1414384949873,101309.17767092458,1.224857368051773,340.28723145010974
6.4,2.4869761028620547,9.828628491447324,-1.196419830928851,-1.3268500889360526,0.0,0,0,0,9.98968916399502,288.1338346553314,101295.12685966193,1.2247198091154876,340.2827414561867
6.5,0.3607589508914405,10.873171729749076,-0.038672974970866136,-0.2343183671193057,0.0,0,0,0,10.87576499197997,288.1476550668192,101320.66618161692,1.2249698390957169,340.29090223175615
6.6,1.2120533603018522,10.784546182589958,-0.13222042172175327,-0.4226123116536372,0.0,0,0,0,10.793633297935276,288.14212165315803,101310.44012705624,1.2248697274538094,340.2876348455151
6.7,1.2072681744668747,10.378116464604823,-0.612478585289628,-0.7453697951477687,0.0,0,0,0,10.422859852356199,288.1421527568659,101310.49760609343,1.2248702901709059,340.28765321181095
6.8,4.028193989016058,10.367577000928382,-0.5655959110377443,-0.7444248261009099,0.0,0,0,0,10.40964552357462,288.1238167390714,101276.61758812048,1.2245385958377608,340.2768258828841
6.9,2.27224028531553,11.556139555614175,0.555700712701352,0.3539029558247123,0.0,0,0,0,11.574904406217307,288.1352304381454,101297.70594899227,1.2247450589462805,340.28356565690547
7.0,1.6596987082041725,10.481632851486484,-0.4859933422091085,-0.6943536311897548,0.0,0,0,0,10.515842511524156,288.13921195839663,101305.06318545074,1.2248170871773496,340.28591670787796
7.1,1.1041683796653876,11.31003474301145,0.29975210605272423,0.17670469435059333,0.0,0,0,0,11.315386063330523,288.14282290553217,101311.736033991,1.2248824143075785,340.2880489247987
7.2,2.8028469542774372,10.426384697424561,-0.4460848372769479,-0.7085859816934793,0.0,0,0,0,10.45995141643545,288.13178149479717,101291.33318238183,1.22468266798913,340.28152907455046
7.3,1.071748637606759,11.443052421449433,0.4803481263180826,0.2588627834046976,0.0,0,0,0,11.456054861213309,288.1430336338555,101312.12546031582,1.2248862267626905,340.2881733566971
7.4,1.3372517336495113,10.166516812364295,-0.7239996789443022,-1.0160322168013356,0.0,0,0,0,10.242780925938792,288.14130786373124,101308.93626967064,1.2248550047384759,340.28715431411405
7.5,1.2941651565182737,9.711141078596516,-1.246641327218342,-1.3942982296866242,0.0,0,0,0,9.889612894367536,288.1415879264826,101309.45381482798,1.2248600714935778,340.2873196873718
7.6,1.4126779786952453,10.122635256808252,-0.8367877784362628,-1.0517105995209157,0.0,0,0,0,10.211466766026435,288.1408175931385,101308.03027368814,1.2248461350469375,340.2868648157824
7.7,1.0773079665577445,11.418055620970149,0.5636330521234796,0.20925649832442628,0.0,0,0,0,11.433873563368849,288.14299749821737,101312.05868150471,1.2248855730032335,340.2881520191507
7.8,0.817457136852829,9.780200400849242,-1.1332849425481033,-1.372817244123633,0.0,0,0,0,9.940889388155426,288.1446865286104,101315.18005486934,1.224916130922268,340.2891493645553
7.9,0.7875761666466972,11.044697715393935,0.050821399447480375,-0.15589826113103772,0.0,0,0,0,11.045914842460695,288.14488075491676,101315.53899527305,1.2249196448998252,340.2892640518922
8.0,0.8560780546930316,10.255280318479846,-0.6713300706300189,-0.9157842656321526,0.0,0,0,0,10.317951312906628,288.14443549264445,101314.71612875984,1.2249115891454725,340.28900113202167
8.1,2.425007689336889,10.475310481577072,-0.4086434776275186,-0.7597387643470411,0.0,0,0,0,10.510771720825144,288.13423745001927,101295.87112721778,1.2247270956650504,340.2829793040481
8.2,0.8821306834370107,10.769883434704928,-0.15672696159762803,-0.38805610369455035,0.0,0,0,0,10.77801187962037,288.14426615055766,101314.40317769998,1.2249085253927119,340.288901138319
8.3,0.7025913801290199,10.668481329288705,-0.3582076204620703,-0.5239114702896951,0.0,0,0,0,10.687342504170056,288.1454331560291,101316.55986713797,1.2249296390830864,340.28959023516046
8.4,3.590476439723521,10.645016405428589,-0.28979714932504885,-0.44565720202419123,0.0,0,0,0,10.658281615782009,288.1266619031418,101281.87408291394,1.2245900596949768,340.27850596094896
8.5,0.5614888522421997,11.474557521551198,0.5446658581691103,0.35927442127721265,0.0,0,0,0,11.493093983876854,288.1463503224604,101318.25486656102,1.2249462328322585,340.2901318053275
8.6,0.46896883107065573,10.83028298570472,-0.13242131148168637,-0.32273465207546237,0.0,0,0,0,10.835899713906084,288.146951702598,101319.36627925883,1.22495711334035,340.2904869089394
8.7,0.3765454858110907,10.231682424888586,-0.6604746886569726,-0.924616470723379,0.0,0,0,0,10.294584385785734,288.1475524543422,101320.47654047712,1.2249679825530144,340.29084164112686
8.8,2.6811474570579974,9.817036885551326,-1.124339204388899,-1.3802778259491704,0.0,0,0,0,9.977149830267566,288.1325725415291,101292.79480605514,1.224696977711446,340.2819961844357
8.9,0.14642753377264814,10.725748379431751,-0.20414327470258892,-0.4518787367842533,0.0,0,0,0,10.73720388035204,288.14904822103045,101323.24093937238,1.22499504531057,340.29172486057536
9.0,0.5282284910755026,11.12299455626471,0.17505593935811437,0.02739904716510666,0.0,0,0,0,11.124405745404312,288.146566514808,101318.65441124458,1.2249501442974386,340.2902594628678
9.1,1.9660638718819066,10.534701758036299,-0.4247212792632694,-0.6330815682439157,0.0,0,0,0,10.562249834570393,288.13722058483273,101301.38337959796,1.2247810615592496,340.2847408221925
9.2,-0.10635363607655411,10.992273450807298,0.047616104062816744,-0.1853536654087063,0.0,0,0,0,10.99393918902454,288.15,101325.0,1.2250122659906946,340.29228686527705
9.3,-0.07125345190251409,10.510386648107252,-0.40637994592918475,-0.6081777028058244,0.0,0,0,0,10.535808097690218,288.15,101325.0,1.2250122659906946,340.29228686527705
9.4,0.027754578694806242,11.19835014800096,0.2553334399338814,0.046973150953235177,0.0,0,0,0,11.201359188941852,288.14981959523845,101324.66657729271,1.2250090018859712,340.29218034027537
9.5,-0.1553013885079509,10.22802149967618,-0.7199171131203066,-0.8560895787551762,0.0,0,0,0,10.289003538460605,288.15,101325.0,1.2250122659906946,340.29228686527705
9.6,0.6712898768243987,10.97515511848487,0.07151357529858915,-0.1991907388718238,0.0,0,0,0,10.97719549870134,288.14563661580064,101316.93587564185,1.2249333201454173,340.2897103745451
9.7,1.0228296498733345,10.58443801414108,-0.39303197257288575,-0.6161579541636732,0.0,0,0,0,10.60963961834418,288.1433516072758,101312.71307806917,1.2248919794920505,340.28836111512237
9.8,0.13303378230874868,10.549817095863808,-0.44898111659183376,-0.6196068619011175,0.0,0,0,0,10.577529837469203,288.14913528041495,101323.40183992022,1.2249966204814198,340.2917762672797
9.9,0.7425080122144527,10.983324207795123,0.05179192320359882,-0.1598496318290507,0.0,0,0,0,10.984609458767451,288.1451736979206,101316.0803712604,1.2249249448923638,340.28943702968996
10.0,0.3170635506492031,10.760663589850232,-0.21024387297994668,-0.44649490850347295,0.0,0,0,0,10.771974799607248,288.14793908692076,101321.19108902734,1.2249749778138743,340.2910699399278
10.1,0.1758933051515732,10.656246297304504,-0.3179424243849844,-0.5345058728442379,0.0,0,0,0,10.67437909492373,288.1488566935165,101322.88696468389,1.2249915799968223,340.29161176764774
10.2,1.9910320420800007,10.513423639538392,-0.4476400241082497,-0.6477971525827612,0.0,0,0,0,10.542869598286922,288.1370582917265,101301.08348728526,1.2247781255765544,340.2846449895971
10.3,0.40032349619052854,9.957806200554586,-1.0196637882144368,-1.2066958627562094,0.0,0,0,0,10.082347617196708,288.14739789727474,101320.1908995529,1.2249651861934767,340.2907503782285
10.4,-0.11973239908510715,10.286233297429751,-0.6813928962658418,-0.9061595052312301,0.0,0,0,0,10.348527275760304,288.15,101325.0,1.2250122659906946,340.29228686527705
10.5,2.666818334112708,11.192620473289505,0.15936899040719654,0.04780599396040175,0.0,0,0,0,11.193857107684613,288.13266568082827,101292.96690144221,1.2246986625729237,340.2820511827717
10.6,1.0882233092543383,11.246344805184838,0.22457774475055664,0.040826935233259753,0.0,0,0,0,11.248660963829685,288.1429265484898,101311.92756621378,1.2248842893943177,340.28811012440855
10.7,-0.08583094040379291,11.69046232870419,0.7605706663496297,0.5128352052954928,0.0,0,0,0,11.726396596787684,288.15,101325.0,1.2250122659906946,340.29228686527705
10.8,0.35854303532799087,11.000512592109917,0.05257397828590249,-0.19844274984776522,0.0,0,0,0,11.002427951926284,288.14766947027033,101320.69280108207,1.2249700996940438,340.2909107367071
10.9,1.0227329833733576,10.680416778083957,-0.30689701500623845,-0.4660383327298567,0.0,0,0,0,10.694983873712511,288.14335223560806,101312.71423923565,1.2248919908597686,340.28836148614283
11.0,1.834526070301946,10.731056823647652,-0.22180368257543762,-0.4121170139214667,0.0,0,0,0,10.74125774102467,288.138075580543,101302.96329000327,1.2247965290494949,340.28524568889674
11.1,0.8551315855669965,10.545296421782592,-0.3567044868363969,-0.6175650028508,0.0,0,0,0,10.569385093132714,288.1444416446938,101314.72749801188,1.2249117004490315,340.28900476470454
11.2,1.4019462855526965,10.270918441082546,-0.6343637325609173,-0.8870210880691857,0.0,0,0,0,10.328648961952265,288.1408873491439,101308.15917896068,1.2248473970291773,340.28690600580046
11.3,0.0399349754109411,10.275069407515971,-0.6564628811856612,-0.8500574785836936,0.0,0,0,0,10.331049925372602,288.1497404226598,101324.52025141584,1.225007569400449,340.29213359061697
11.4,0.7560630741907705,10.73409617486495,-0.23353001985817234,-0.4632185335529665,0.0,0,0,0,10.746624045310801,288.14508559001774,101315.91754240142,1.2249233508219743,340.2893850035003
11.5,0.827253495517936,10.661365310601742,-0.2554012916549146,-0.45719904955908175,0.0,0,0,0,10.674219928257001,288.1446228522791,101315.06237789262,1.2249149788802132,340.28911176475424
11.6,4.5574709362659345,11.070451280189422,0.10938761037761718,-0.09897267860302911,0.0,0,0,0,11.071434089017629,288.12037643891426,101270.26186312661,1.2244763692582208,340.27479436406463
11.7,0.6458411866875144,9.849543172835443,-1.1886302055285254,-1.2640992846510308,0.0,0,0,0,10.001214400286564,288.1458020322865,101317.24157821064,1.2249363129221191,340.28980805001345
11.8,3.413429915530437,10.495631488895995,-0.4523071228729634,-0.7213708096687756,0.0,0,0,0,10.530111012194933,288.12781270554905,101284.0002750212,1.2246108760930803,340.27918551092574
11.9,2.7243202088607745,9.64040838069001,-1.3288584465453477,-1.5437812676300005,0.0,0,0,0,9.853253225190063,288.1322919186424,101292.27629484194,1.2246919013398447,340.28183047783324
12.0,1.1153459434058535,10.16144523178832,-0.8882125772438947,-0.9800879866264165,0.0,0,0,0,10.247168547581193,288.14275025136783,101311.60176924418,1.2248810998649242,340.28800602359934
12.1,0.7532435337412592,10.838811479069088,-0.0960020715744396,-0.3191280531652272,0.0,0,0,0,10.843933483328982,288.14510391703067,101315.9514118384,1.224923682398781,340.28939582528443
12.2,0.7137433913107205,10.55604129461304,-0.3459596222261679,-0.5608824433108207,0.0,0,0,0,10.576591369103799,288.1453606679565,101316.42590416335,1.2249283276066418,340.28954743222965
12.3,0.4446200845973897,10.678360656510083,-0.274499851768062,-0.5566885914690856,0.0,0,0,0,10.696384373562637,288.14710996945007,101319.65877441259,1.2249599768056483,340.2905803624645
12.4,1.0958906623363094,10.314372007390606,-0.6778636811812487,-0.8960677683179048,0.0,0,0,0,10.375389463655123,288.1428767106948,101311.83546591419,1.2248833877390672,340.2880806959405
12.5,2.8799684094296993,11.727712925693952,0.8503214893456217,0.5402420133769924,0.0,0,0,0,11.770903046739853,288.13128020533867,101290.40695449036,1.22467359992743,340.2812330648275
12.6,1.0894971609058184,10.153732726372509,-0.7515494534361189,-0.9779567000513824,0.0,0,0,0,10.228368108683986,288.1429182684541,101311.91226469398,1.22488413959356,340.2881052351722
12.7,0.763796573864981,10.909377190383283,-0.11895238982467404,-0.3125469964704534,0.0,0,0,0,10.914501636726378,288.14503532226985,101315.82464458633,1.2249224413659188,340.2893553212627
12.8,-0.1363114563184521,10.818480708894455,-0.16227054387151277,-0.3886777915143036,0.0,0,0,0,10.826676637073183,288.15,101325.0,1.2250122659906946,340.29228686527705
12.9,-0.12102208526950634,10.693231238403863,-0.3186920238744071,-0.45158323373254783,0.0,0,0,0,10.707506074761094,288.15,101325.0,1.2250122659906946,340.29228686527705
13.0,0.8206173087828117,10.204842065569553,-0.7562216042422533,-1.0203633863086599,0.0,0,0,0,10.283570106634167,288.1446659874929,101315.14209386674,1.2249157592890958,340.28913723537187
13.1,0.011620016855640888,11.26319563016697,0.3333039667848829,0.06752154706860136,0.0,0,0,0,11.268328469520464,288.14992446989044,101324.86040571825,1.2250108994062914,340.29224226643026
13.2,0.5427559053840502,11.120363112178504,0.1740651380594203,-0.0523421095833706,0.0,0,0,0,11.121848502628673,288.146472086615,101318.47989851625,1.2249484358519398,340.2902037047907
13.3,0.17516632956501205,10.637730435232571,-0.37419283218333865,-0.5677874285538436,0.0,0,0,0,10.659442370609943,288.1488614188578,101322.89569788815,1.2249916654924906,340.2916145578618
13.4,-0.11318079886836903,10.464262474342581,-0.5082856230548899,-0.6707082068305115,0.0,0,0,0,10.49804709959183,288.15,101325.0,1.2250122659906946,340.29228686527705
13.5,0.05275075571431381,10.732031090523826,-0.16832918558292456,-0.4259084355453244,0.0,0,0,0,10.741797989077885,288.14965712008785,101324.36629271618,1.2250060621915042,340.29208440228183
13.6,2.796951861368193,11.003001748106163,-0.08603123608212693,-0.14181272916788712,0.0,0,0,0,11.00425189154461,288.1318198129011,101291.40398266984,1.2246833611455172,340.2815517012501
13.7,-0.5450497003772481,11.151681100996793,0.20046122317583048,-0.007899066832343205,0.0,0,0,0,11.153485485514517,288.15,101325.0,1.2250122659906946,340.29228686527705
13.8,-0.4540735915746935,11.058906115786957,0.16182711086984702,-0.08426772383721653,0.0,0,0,0,11.060411092761578,288.15,101325.0,1.2250122659906946,340.29228686527705
13.9,-0.10654096698475465,10.257693917752965,-0.6639945851229874,-0.9568474269058105,0.0,0,0,0,10.323600646952356,288.15,101325.0,1.2250122659906946,340.29228686527705
14.0,-0.10437240682837295,10.473470361824512,-0.5778280756098317,-0.6811879115504917,0.0,0,0,0,10.511492932777054,288.15,101325.0,1.2250122659906946,340.29228686527705
14.1,-0.5691084421739492,10.104494432167705,-0.8336003824727704,-1.0567263630360304,0.0,0,0,0,10.193741606186721,288.15,101325.0,1.2250122659906946,340.29228686527705
14.2,-0.4858516472025367,11.175802331295682,0.21637928372083837,-0.006746687594674783,0.0,0,0,0,11.17789887503063,288.15,101325.0,1.2250122659906946,340.29228686527705
14.3,-0.10299495297348718,11.128967626185567,0.22368545459715955,-0.028971901938636302,0.0,0,0,0,11.131253073144402,288.15,101325.0,1.2250122659906946,340.29228686527705
14.4,-0.3279903512230828,10.45237138737033,-0.5529893520516806,-0.7416620549955816,0.0,0,0,0,10.493232459391185,288.15,101325.0,1.2250122659906946,340.29228686527705
14.5,-0.0077521027809288046,10.92401463413177,-0.08626799871684493,-0.2733000732586177,0.0,0,0,0,10.927773369921745,288.15,101325.0,1.2250122659906946,340.29228686527705
14.6,0.36453004310362336,10.293106938292208,-0.5924876544521465,-0.8664732243992883,0.0,0,0,0,10.346490608529942,288.1476305547198,101320.62088005824,1.2249693956040417,340.29088775784936
14.7,1.5711689616006308,11.118104947874562,0.17672886307197355,-0.02999078825879753,0.0,0,0,0,11.119549908623815,288.1397874017496,101306.12655196198,1.2248274975812505,340.286256500525
14.8,2.052796121980526,10.170182836350568,-0.8630686434491578,-0.9500221491298013,0.0,0,0,0,10.250855988254935,288.1366568252071,101300.34164294902,1.2247708628219853,340.28440792717197
14.9,3.226621776341264,10.1641790522156,-0.7525875500410569,-1.046260706024944,0.0,0,0,0,10.245564176312937,288.1290269584538,101286.2437357767,1.2246328405150106,340.2799025270135
15.0,0.47635600344033546,10.110747726492336,-0.8109407712459793,-1.0865669798705238,0.0,0,0,0,10.201248566963944,288.14690368597763,101319.27753921512,1.2249562445938993,340.2904585560457
15.1,3.1202042747068917,10.452684999114952,-0.5871290066236139,-0.6740825225795318,0.0,0,0,0,10.490840357587603,288.1297186722144,101287.52176814896,1.2246453529466859,340.28031098316984
15.2,0.32657163799212785,10.640334237140404,-0.33549511295121387,-0.5307303479991213,0.0,0,0,0,10.65884348093937,288.147877284353,101321.07686936874,1.2249738596311328,340.29103344675855
15.3,-0.027449009967308813,10.73767287895172,-0.13807791358157123,-0.33823504205608274,0.0,0,0,0,10.74388604320006,288.15,101325.0,1.2250122659906946,340.29228686527705
15.4,0.26751603252430445,10.352201397223714,-0.5678464659473101,-0.7581598065410863,0.0,0,0,0,10.395447545431793,288.1482611457886,101321.7862998664,1.224980804779676,340.2912601091278
15.5,0.25963480276661915,10.826363779335553,-0.15930937302218406,-0.31845069074580235,0.0,0,0,0,10.832217824678287,288.148312373782,101321.88097678435,1.224981731642511,340.29129035820444
15.6,7.652531095364353,10.619269852621839,-0.3122624371073198,-0.584607388927608,0.0,0,0,0,10.639932604655915,288.1002585478801,101233.10186791042,1.224112534458114,340.26291438038993
15.7,2.5706784699427976,10.987733602753181,0.06112321364331752,-0.12262759484645197,0.0,0,0,0,10.988587866479264,288.1332905899454,101294.12156491601,1.2247099670338737,340.28242018855656
15.8,0.4056755305376548,10.304609819737145,-0.6909071225563846,-0.9009080502144334,0.0,0,0,0,10.36696539513678,288.14736310905147,101320.12660662523,1.2249645567801632,340.29072983646574
15.9,2.8824717867912155,10.880281248673542,-0.07914178451591575,-0.30226776610670336,0.0,0,0,0,10.884766845216326,288.1312639333858,101290.37688906863,1.2246733055772527,340.28122345629026
16.0,0.13610467411559993,10.181877568457715,-0.8169206326951239,-0.9383274170226541,0.0,0,0,0,10.257604422121268,288.1491153196182,101323.36494895503,1.2249962593293477,340.2917644808569
16.1,0.674236153343156,9.946566335953682,-0.911137505110158,-1.3147330291387118,0.0,0,0,0,10.074367293614705,288.1456174650032,101316.90048352262,1.224932973662415,340.2896990663409
16.2,1.620745192675614,10.818208103974186,-0.2199652743897805,-0.2396528604265258,0.0,0,0,0,10.823097744931474,288.1394651562476,101305.53107073135,1.224821667796941,340.28606621832347
16.3,0.6713939994830989,10.61417777687455,-0.3321202023821687,-0.6421996783507979,0.0,0,0,0,10.638773149889126,288.14563593900334,101316.93462486917,1.2249333079005598,340.2897099749084
16.4,2.129614192444822,10.839564371197309,-0.15267131737454537,-0.33970339191631815,0.0,0,0,0,10.845960662060252,288.1361575077491,101299.41899225167,1.22476182993501,340.28411308440354
16.5,1.2569871219179394,9.871493885288455,-1.0157413368855557,-1.2601955318876894,0.0,0,0,0,10.003310190598667,288.14182958370753,101309.90038977514,1.2248644434480076,340.28746238262227
16.6,-0.02504678982873408,10.501547159192071,-0.5300636952881072,-0.6941269177411313,0.0,0,0,0,10.537802068540211,288.15,101325.0,1.2250122659906946,340.29228686527705
16.7,0.33117712499429375,10.35501544180279,-0.6388608751711939,-0.7897990334162049,0.0,0,0,0,10.404723472105537,288.1478473486875,101321.0215441727,1.2249733180108024,340.29101577035067
16.8,0.3403807169411598,10.490071427117861,-0.43653897021222277,-0.7105245494071116,0.0,0,0,0,10.523165396108658,288.1477875253399,101320.91098253375,1.2249722356388446,340.2909804458654
16.9,-0.2027899963246299,10.781198197198986,-0.20119368807922136,-0.3783819654925117,0.0,0,0,0,10.789712061923597,288.15,101325.0,1.2250122659906946,340.29228686527705
17.0,1.8571144960726265,10.618306841491194,-0.3361943003267155,-0.5445545893073616,0.0,0,0,0,10.637575216578568,288.13792875577553,101302.69197730742,1.2247938728727232,340.28515899034375
17.1,0.6973681489716718,10.747385345008873,-0.22024085074177685,-0.5171952830529417,0.0,0,0,0,10.762076414301246,288.14546710703166,101316.62261098943,1.224930253335407,340.28961028262796
17.2,0.6192885856609655,10.6584759707298,-0.3288378233879221,-0.45680712954418445,0.0,0,0,0,10.673327367148328,288.1459746241932,101317.56054231302,1.2249394355251717,340.2899099624091
17.3,-0.1652778811893082,10.011756258763068,-0.9575105694998188,-1.154386431922327,0.0,0,0,0,10.123472621081746,288.15,101325.0,1.2250122659906946,340.29228686527705
17.4,0.3301712281447934,11.259470174705838,0.34434419365861807,0.12449948839510816,0.0,0,0,0,11.26542239161086,288.14785388701705,101321.0336278961,1.224973436307546,340.2910196311027
17.5,0.23819046506150593,11.028601299433946,0.1561317719251305,-0.1490258198646417,0.0,0,0,0,11.030713143177413,288.14845176197707,101322.13858717284,1.2249842535815563,340.2913726640535
17.6,-0.14405240600934005,10.56030583758729,-0.45982058930722713,-0.5992743312693746,0.0,0,0,0,10.58728596392151,288.15,101325.0,1.2250122659906946,340.29228686527705
17.7,-0.32675343358933207,10.520970441256154,-0.407280584476059,-0.5844688618893493,0.0,0,0,0,10.545060471651885,288.15,101325.0,1.2250122659906946,340.29228686527705
17.8,-0.1417815664868843,11.17576016947127,0.19172765270835335,-0.0018669446896790731,0.0,0,0,0,11.177404812559848,288.15,101325.0,1.2250122659906946,340.29228686527705
17.9,0.7494674910684568,11.551739019986845,0.6218473586598117,0.3659087370995401,0.0,0,0,0,11.574249769520469,288.14512846130805,101315.99677117348,1.2249241264599677,340.28941031825525
18.0,0.6893999058329118,10.914742006210485,-0.03647786852789431,-0.21202551753905646,0.0,0,0,0,10.916862118627117,288.14551890061205,101316.71832924607,1.224931190401767,340.28964086582033
18.1,-0.20367892505045326,10.704776118112122,-0.3202722052915803,-0.5565232408151066,0.0,0,0,0,10.724016231895273,288.15,101325.0,1.2250122659906946,340.29228686527705
18.2,0.48930263467528573,9.978339287221212,-0.9761618535691713,-1.2025690899091603,0.0,0,0,0,10.097837358131239,288.1468195328746,101319.12201509257,1.2249547220449484,340.29040886524604
18.3,-0.2611875938168477,10.892506221031002,-0.12926083323811272,-0.2637926714983817,0.0,0,0,0,10.896466707687624,288.15,101325.0,1.2250122659906946,340.29228686527705
18.4,0.09387196893940297,10.272468111329687,-0.6623454372587846,-0.8969558443801827,0.0,0,0,0,10.33280370293129,288.14938983220185,101323.8722960981,1.2250012261115943,340.29192657462056
18.5,0.9612555212579597,10.594427068465874,-0.33382396651408563,-0.5536686820528699,0.0,0,0,0,10.61413549749332,288.1437518391118,101313.452714041,1.224899220458213,340.28859744573265
18.6,0.11798222255484589,11.703073712842542,0.7206818285918629,0.5172434330378206,0.0,0,0,0,11.736645917608207,288.1492331155534,101323.58265614067,1.224998390620503,340.291834036827
18.7,0.3240510329670749,9.985915513210939,-0.9431558328875029,-1.1547973786724055,0.0,0,0,0,10.096613716879798,288.1478936682857,101321.10714912313,1.2249741560626042,340.2910431211406
18.8,1.2359829532304702,11.442608653186626,0.48646688502164276,0.30189576233080917,0.0,0,0,0,11.456922966988886,288.141966110804,101310.1526882578,1.2248669134404515,340.28754299995876
18.9,0.15421087706658948,10.431611403178747,-0.5023818353187681,-0.6795701117045311,0.0,0,0,0,10.465788050219116,288.14899762929906,101323.14743734426,1.2249941299519447,340.29169498723655
19.0,2.2172777940126114,10.728880289064909,-0.2174176943019204,-0.4503874637734434,0.0,0,0,0,10.740530321097062,288.1355876943389,101298.36608576762,1.2247515218054674,340.28377661405483
19.1,-0.25217357870216073,11.018725209973397,-0.001401225141336948,-0.16710507496896182,0.0,0,0,0,11.01999234674941,288.15,101325.0,1.2250122659906946,340.29228686527705
19.2,-0.02412032792724833,9.802073157956519,-1.2049282170603108,-1.42313229494922,0.0,0,0,0,9.977865289285441,288.15,101325.0,1.2250122659906946,340.29228686527705
19.3,0.1865393224401557,10.881188922752983,-0.0027650292589153636,-0.329250835487561,0.0,0,0,0,10.886169488424212,288.14878749440413,101322.75907346563,1.2249903279768002,340.2915709070329
19.4,1.4691415516687556,11.244747020100599,0.20985489443077948,0.07368242879590992,0.0,0,0,0,11.246946417721173,288.1404505799141,101307.35205556426,1.2248394952884625,340.2866480991431
19.5,-0.05789172083204572,11.311969829622592,0.3016871936913953,0.08348310655473923,0.0,0,0,0,11.316300014501612,288.15,101325.0,1.2250122659906946,340.29228686527705
19.6,-0.2696753149153139,10.272800070860804,-0.5602942856020472,-0.8900613589102235,0.0,0,0,0,10.32649796421716,288.15,101325.0,1.2250122659906946,340.29228686527705
19.7,-0.31003580495218797,11.295593730895813,0.3410925962705963,0.16882621331143743,0.0,0,0,0,11.302003547291273,288.15,101325.0,1.2250122659906946,340.29228686527705
19.8,-0.40948149755465846,10.268230063877832,-0.6977555168285439,-0.9208814871165296,0.0,0,0,0,10.333026377557697,288.15,101325.0,1.2250122659906946,340.29228686527705
19.9,-0.20596780727760156,10.508700965644147,-0.4917378782962047,-0.6492385686452223,0.0,0,0,0,10.540214079671152,288.15,101325.0,1.2250122659906946,340.29228686527705
20.0,0.8929653586975256,10.57494520560028,-0.3828371991870515,-0.5485410490146764,0.0,0,0,0,10.596080770973003,288.14419572516846,101314.27302894858,1.2249072512517571,340.28885955328224
20.1,1.4642891189408147,10.2876384436044,-0.6422532156675765,-0.9211606893165968,0.0,0,0,0,10.348745380716677,288.14048212072686,101307.41034092414,1.2248400659027292,340.2866667235972
20.2,0.36469547826150067,9.938128874779995,-1.086919445541123,-1.1952011646331124,0.0,0,0,0,10.068580100330516,288.1476294793913,101320.61889271121,1.2249693761483778,340.2908871228893
20.3,0.18318648310759034,10.244072802799257,-0.7694910930187784,-0.8843353442147746,0.0,0,0,0,10.310925910523949,288.14880928785976,101322.79935130327,1.2249907222858387,340.29158377560884
20.4,-0.3838359048703367,10.238376786756257,-0.7144837194668328,-0.9802661391831142,0.0,0,0,0,10.309983895069939,288.15,101325.0,1.2250122659906946,340.29228686527705
20.5,-0.07739252356111177,11.029372533181203,0.04369937774088267,-0.2204424043255237,0.0,0,0,0,11.031661840581032,288.15,101325.0,1.2250122659906946,340.29228686527705
20.6,-0.03714375792198867,10.784306553585264,-0.15214764087330165,-0.36214855825607606,0.0,0,0,0,10.791458118557118,288.15,101325.0,1.2250122659906946,340.29228686527705
20.7,1.6143422945084758,10.036609971233423,-0.9539850796885561,-1.1902361152120824,0.0,0,0,0,10.151861369073442,288.1395067750857,101305.60797850946,1.2248224207274339,340.2860907937668
20.8,1.3581700701749253,10.194891373205632,-0.787500515155159,-0.9909389096816738,0.0,0,0,0,10.273165388309163,288.14117189454385,101308.68500463112,1.2248525448577834,340.2870740261233
20.9,-0.1394009300155714,10.399147317805408,-0.5094161260001686,-0.7702766420145717,0.0,0,0,0,10.440071639221719,288.15,101325.0,1.2250122659906946,340.29228686527705
21.0,0.028360950576354266,10.62169168376419,-0.3081999713976778,-0.5067164622223141,0.0,0,0,0,10.638236837954022,288.14981565382124,101324.6592928053,1.2250089305730796,340.29217801295573
21.1,-0.33564500925830676,10.278882087823945,-0.646087662608517,-0.8806980707574426,0.0,0,0,0,10.336753616827613,288.15,101325.0,1.2250122659906946,340.29228686527705
21.2,0.27824769603097127,9.62258205262929,-1.3204346574928434,-1.4680915599611255,0.0,0,0,0,9.823081281997043,288.14819138997575,101321.6573809097,1.2249795426957661,340.2912189197505
21.3,1.3602182598737447,10.422304418848986,-0.52071230668606,-0.7733696621943282,0.0,0,0,0,10.463922368781985,288.1411585813108,101308.66040239284,1.2248523040022041,340.28706616483584
21.4,0.6883274293567667,10.29244490931156,-0.6883063506471014,-0.885182214097137,0.0,0,0,0,10.35334416484396,288.14552587170914,101316.73121233979,1.2249313165251725,340.2896449821295
21.5,-0.24781362270905138,10.250415131583722,-0.667992106267755,-0.8993212473371499,0.0,0,0,0,10.311450069206979,288.15,101325.0,1.2250122659906946,340.29228686527705
21.6,-0.47445616169419313,10.291749577712807,-0.7513456940777627,-0.9301746091409282,0.0,0,0,0,10.360977488917317,288.15,101325.0,1.2250122659906946,340.29228686527705
21.7,0.8330320375597255,10.614305997107037,-0.28277301603029276,-0.5534773199254314,0.0,0,0,0,10.63248745696364,288.14458529175585,101314.9929642592,1.2249142993297935,340.28908958589597
21.8,-0.29017709958692367,11.175362355150822,0.20937679396746806,0.02234472970096968,0.0,0,0,0,11.177345914738419,288.15,101325.0,1.2250122659906946,340.29228686527705
21.9,-0.4152758573247345,10.522675642699452,-0.49088825517363815,-0.6713577986389317,0.0,0,0,0,10.555491236997028,288.15,101325.0,1.2250122659906946,340.29228686527705
22.0,0.2957256610378938,10.617579982293837,-0.32707737164333656,-0.5042656480290993,0.0,0,0,0,10.634578888288436,288.14807778320323,101321.44741924253,1.224977487223608,340.2911518372699
22.1,0.012065665105950342,10.772751738800002,-0.16206181800868874,-0.41307854511482894,0.0,0,0,0,10.781886566974674,288.1499215731768,101324.85505203312,1.2250108469953793,340.2922405559853
22.2,2.5448607474850515,11.38483382160439,0.33025411092535006,0.2137692313272258,0.0,0,0,0,11.391628777641614,288.1334584051413,101294.43164394381,1.2247130027854314,340.28251928254286
22.3,-0.11235581269594566,11.30614032349876,0.30406084807369754,0.08749739858691652,0.0,0,0,0,11.310566644016356,288.15,101325.0,1.2250122659906946,340.29228686527705
22.4,-0.3518061758709389,11.059702396822049,0.18559223269088665,-0.09823713541226514,0.0,0,0,0,11.061695716203758,288.15,101325.0,1.2250122659906946,340.29228686527705
22.5,-0.18274229042540596,9.58850750228258,-1.3610717378885062,-1.5431819087284004,0.0,0,0,0,9.806803903435348,288.15,101325.0,1.2250122659906946,340.29228686527705
22.6,1.3001578047407174,10.631968919147488,-0.3684699278754473,-0.5276112455990656,0.0,0,0,0,10.651427454193607,288.14154897426914,101309.38183251246,1.224859366788671,340.28729668662265
22.7,1.6565684625260264,11.08678925719654,0.23564794412659756,0.0436939751306934,0.0,0,0,0,11.089379385273208,288.1392323049936,101305.10078394071,1.224817455268539,340.285928722314
22.8,0.9939928099144208,10.375828141390608,-0.5655479403293983,-0.7788301237641759,0.0,0,0,0,10.420375734788388,288.14353904673555,101313.05946917713,1.224895370629466,340.2884717951985
22.9,1.1993389392319778,10.93327443732529,-0.08193009203250984,-0.2312276229029201,0.0,0,0,0,10.93602618300836,288.142204296895,101310.59285110614,1.2248712226150096,340.2876836454608
23.0,-0.006148608344674178,10.301910330391964,-0.6460282885696873,-0.8707948985626031,0.0,0,0,0,10.358812323834794,288.15,101325.0,1.2250122659906946,340.29228686527705
23.1,-0.7719614358241119,11.046547950459981,0.06087480323988115,-0.17865749833564848,0.0,0,0,0,11.048160293243065,288.15,101325.0,1.2250122659906946,340.29228686527705
23.2,-0.5906249758087923,10.724401473770307,-0.20877144847109108,-0.42697552636000025,0.0,0,0,0,10.734928066289678,288.15,101325.0,1.2250122659906946,340.29228686527705
23.3,-0.3261064329864525,11.032933398922236,0.05874467209510753,-0.11844360429065531,0.0,0,0,0,11.03372553623438,288.15,101325.0,1.2250122659906946,340.29228686527705
23.4,-0.4517602222467483,11.14242243322418,0.1649524413725751,-0.08278302070908927,0.0,0,0,0,11.143950826203872,288.15,101325.0,1.2250122659906946,340.29228686527705
23.5,-0.08364260205530485,10.536629387389365,-0.38505911548658844,-0.6295133115162496,0.0,0,0,0,10.56243894084092,288.15,101325.0,1.2250122659906946,340.29228686527705
23.6,0.4029247740103494,10.188137254313771,-0.789332741647941,-1.0042555637601214,0.0,0,0,0,10.267897356670291,288.1473809889689,101320.15965091395,1.224964880276333,340.29074039420607
23.7,-0.14548667684613809,9.875161737787582,-1.0022296923955845,-1.2753949481416622,0.0,0,0,0,10.007492991630246,288.15,101325.0,1.2250122659906946,340.29228686527705
23.8,-0.02859418673278355,10.124270555407108,-0.8232578992613184,-1.0730441550658625,0.0,0,0,0,10.214207341076474,288.15,101325.0,1.2250122659906946,340.29228686527705
23.9,0.6520877363585647,9.847786459623517,-1.1329648023901988,-1.3224578195351637,0.0,0,0,0,10.000570087862444,288.1457614297137,101317.1665414198,1.224935578324724,340.2897840749249
24.0,1.6062391224859984,10.741036705679093,-0.20649174487922461,-0.42551614621694483,0.0,0,0,0,10.751445128174172,288.1395594457038,101305.70530902653,1.2248233735972733,340.28612189515604
24.1,-0.5149324983150197,10.401930448094651,-0.5427268976223045,-0.7363215052956112,0.0,0,0,0,10.442072538129684,288.15,101325.0,1.2250122659906946,340.29228686527705
24.2,-0.1692449495986702,10.384045307648346,-0.5343619230104383,-0.7082689343717252,0.0,0,0,0,10.421880084680168,288.15,101325.0,1.2250122659906946,340.29228686527705
24.3,0.28317500726859235,11.610281367499296,0.5835924198035762,0.4424980494393007,0.0,0,0,0,11.633357987645315,288.14815936245276,101321.59818940179,1.2249789632258041,340.29120000815317
24.4,-0.18446002203985262,11.572056601857613,0.6528290508326003,0.3648981024763813,0.0,0,0,0,11.59619896308261,288.15,101325.0,1.2250122659906946,340.29228686527705
24.5,1.4813419505224745,10.665827070569181,-0.26734585578232717,-0.5003156252538502,0.0,0,0,0,10.680901489610486,288.1403712773216,101307.20550967802,1.2248380606024676,340.28660127195315
24.6,0.12663628653896913,11.039253081248857,0.11592395202582967,-0.06618621881406461,0.0,0,0,0,11.04006012529264,288.1491768641375,101323.47869378413,1.22499737285884,340.2918008215757
24.7,0.4474220927905172,10.043989896167616,-0.9121518678872571,-1.0794963563922846,0.0,0,0,0,10.142931846752772,288.14709175639683,101319.62511458268,1.224959647283158,340.290569608009
24.8,0.1357879295306654,11.01538659107843,0.07236987684618568,-0.13270914608245732,0.0,0,0,0,11.016423687723668,288.149117378458,101323.36875404247,1.2249962965800743,340.2917656965577
24.9,-0.05376939028359395,11.220268421815677,0.31170497389998975,0.06068825706912395,0.0,0,0,0,11.224761312067804,288.15,101325.0,1.2250122659906946,340.29228686527705
25.0,0.6480660019806013,10.33368573141244,-0.7586285095801033,-0.8439413868586186,0.0,0,0,0,10.395807572074315,288.1457875709871,101317.21485257157,1.2249360512826788,340.2897995108766
25.1,0.1580129213753664,10.593990757592191,-0.3555884887440606,-0.5721519382308415,0.0,0,0,0,10.615387001221263,288.148972916011,101323.10176305707,1.2249936828134276,340.29168039456584
25.2,-0.345585809436768,10.73287173285287,-0.14287906379053175,-0.37748947091192997,0.0,0,0,0,10.740458480036649,288.15,101325.0,1.2250122659906946,340.29228686527705
25.3,-0.2677242428072837,10.781804103771888,-0.1874627306561615,-0.3252758349684337,0.0,0,0,0,10.78833844372301,288.15,101325.0,1.2250122659906946,340.29228686527705
25.4,0.26228986152310363,11.160072079720697,0.16947703496388283,-0.004429975369876771,0.0,0,0,0,11.161359725168944,288.14829511590005,101321.84908165492,1.2249814193973623,340.2912801677803
25.5,0.45832388703881466,10.793879538926404,-0.08351189331181597,-0.3689818898170959,0.0,0,0,0,10.800507273836336,288.1470208947342,101319.49415411662,1.2249583652081832,340.2905277655651
25.6,0.5376101082488294,10.296466955425531,-0.7203782095270903,-0.8434256212292213,0.0,0,0,0,10.356038977692062,288.14650553429635,101318.54171314294,1.2249490410051165,340.29022345502034
25.7,3.1859858350316115,11.626996147077348,0.6757762682288597,0.3771812075155666,0.0,0,0,0,11.652724086330874,288.12929109207226,101286.73175592061,1.2246376184246865,340.28005849766026
25.8,2.4792596262318796,34.786414457093635,-1.8890978542847134,7.873483995503436,0.0,0,0,0,35.71631380351568,288.13388481242947,101295.2195376557,1.2247207164547944,340.2827710736631
25.9,5.918102837528253,89.931983467171,5.301612523742344,-0.6292728448366918,0.0,0,0,0,90.09031429629196,288.111532331556,101253.92444722602,1.2243164121827288,340.26957180753385
26.0,6.63696776731661,101.24670906978373,-0.27068899908612853,2.4839324546470776,0.0,0,0,0,101.27753596150976,288.10685970951243,101245.29373461458,1.2242319082476085,340.26681253313814
26.1,9.962787617933701,106.44644644188183,-0.3997250742188749,-1.6252773183641287,0.0,0,0,0,106.45960391904981,288.0852418804834,101205.37160064062,1.2238410098947696,340.2540464924846
26.2,12.735595181654233,107.45770076726045,-0.4466784993428581,-0.43027217935811607,0.0,0,0,0,107.45949055349271,288.06721863131924,101172.09740315104,1.2235151825250337,340.24340280359337
26.3,19.606678065129724,111.25637009653965,0.6728385097846008,0.6679166163579968,2.2000122,0,0,0,111.26040945154237,288.0225565925766,101089.68132515713,1.2227080605578347,340.2170260552208
26.4,22.248866105534304,113.42611872950458,0.16835664204240897,-0.27461404481188845,2.2000122,0,0,0,113.42657610486265,288.005382370314,101058.00373998797,1.2223978004690599,340.2068826657657
26.5,27.5754516557514,115.46041450012564,-0.8817360434785245,-0.4518904105569659,2.2000122,0,0,0,115.46466550392957,287.9707595642376,100994.1669496208,1.221772506930459,340.1864329247717
26.6,33.87005832260405,117.19291243078287,-0.1828364146863501,0.08622726080666032,2.2000122,0,0,0,117.19308677692632,287.92984462090305,100918.77094782455,1.221033891844707,340.1622651879575
26.7,38.770387853434876,116.30969325918095,-1.2284781752015201,-0.2883959265340188,2.2000122,0,0,0,116.31653827759038,287.89799247895263,100860.10697847993,1.2204591190794152,340.14344949964374
26.8,46.18739104259896,118.17260828126486,-0.159629093810556,0.9888134335623172,2.2000122,0,0,0,118.17685298505478,287.8497819582231,100771.36734698362,1.2195895526924696,340.1149686143659
26.9,55.73134975646369,115.67673593559772,-1.8286228752557165,0.23365179086412557,2.2000122,0,0,0,115.69142445096476,287.78774622658295,100657.27309816232,1.2184713203676467,340.0783168272816
27.0,70.7159913305188,116.44272304046365,-0.9215413876951715,6.225052436120855,2.2000122,0,0,0,116.6126419623525,287.6903460563516,100478.34869779935,1.2167172049906818,340.020763144938
27.1,88.43622655913549,116.05732746954914,-0.8049035372782838,7.962634895232943,2.2000122,0,0,0,116.33294754089776,287.5751645273656,100267.09233099195,1.214645352439429,339.95268989759796
27.2,99.57699446171563,115.18906207227745,-1.3794957888413677,6.3938195405939995,2.2000122,0,0,0,115.37462441126341,287.5027495359988,100134.45902947002,1.2133441547661683,339.9098850519529
27.3,107.32544321688174,115.2218846659592,-0.8265926733672958,5.543982125261781,5.2999878,0,0,0,115.35814535275993,287.45238461909025,100042.29582894182,1.2124397955225388,339.8801109315957
27.4,116.61467255199653,114.1738428191126,-0.6966607052358449,2.8356204020864393,5.2999878,0,0,0,114.21117486168495,287.392004628412,99931.89650307651,1.211356284051593,339.8444127832911
27.5,129.2209082607265,112.7337345327425,-1.6248917361550599,2.409422815104231,15.3999634,0,0,0,112.77118644917695,287.31006409630527,99782.23348408147,1.2098870562912305,339.7959615098187
27.6,145.116328470805,111.40324189993518,-2.73225836271092,2.19784137068825,15.3999634,0,0,0,111.45841398596512,287.20674386493977,99593.77956158006,1.2080364253403089,339.73485861330647
27.7,163.59249169016402,109.17838859414287,-2.7291332018770915,5.729966382040106,40.3999634,0,0,0,109.36270488053304,287.0866488040139,99375.09100353371,1.2058880526912508,339.6638213805955
27.8,182.4110376236035,106.06720933978609,-3.615615160099669,8.214983564463518,40.3999634,0,0,0,106.44628469364422,286.96432825544656,99152.74979009281,1.203702874368168,339.5914524778507
27.9,199.6967021326284,104.13875791583767,-0.7837723023076928,9.943501285886581,40.3999634,0,0,0,104.61533547763318,286.8519714361379,98948.874678118,1.2016983621490236,339.5249648568434
28.0,219.97701128794156,101.26633498342198,-0.5102830090236203,6.160527478720877,72.2999878,0,0,0,101.45483275103265,286.7201494266284,98710.11222999822,1.1993498362245034,339.44694202493434
28.1,239.1252870544164,97.13007462712861,0.13754012278679384,5.305531520111618,72.2999878,0,0,0,97.27496583945864,286.59568563414626,98485.10573327681,1.1971356278322876,339.3732579119845
28.2,257.87516905120714,94.52029984534896,-0.08675545577897115,6.10827169486647,105.5,0,0,0,94.71750415029994,286.47381140116715,98265.18327816979,1.1949705193818028,339.3010913448217
28.3,281.4158675587519,90.43774847575503,-2.7009410094899873,6.770428636165213,105.5,0,0,0,90.73103182273462,286.3207968608681,97989.63126204757,1.1922564432106946,339.2104636276379
28.4,304.9500848034455,86.10995055194826,-2.37590604719954,8.535938663685569,143.2000122,0,0,0,86.56460455910543,286.1678244487776,97714.78086730532,1.189547830786076,339.1198366525177
28.5,326.54328398813266,82.67155608424866,-1.7849078467911756,9.394359901937069,143.2000122,0,0,0,83.22274977059898,286.0274686540771,97463.14861266922,1.1870667586371755,339.0366629555187
28.6,348.9376093714921,78.89686189789555,-1.6581786794128042,6.951859062749404,185.2999878,0,0,0,79.21990102428046,285.88190553908527,97202.73511582389,1.1844978205499734,338.95038188353203
28.7,372.57455307449294,78.1125689545434,-0.1258989727347158,7.709760371615143,185.2999878,0,0,0,78.49222690316131,285.72826540501575,96928.48324482166,1.1817909529658042,338.8592894083231
28.8,395.0494973385215,62.28972015747909,-3.0533787523539733,6.688695197196366,231.2000122,0,0,0,62.72217313313834,285.5821782672996,96668.29512752348,1.1792215474110743,338.77265235003796
28.9,407.3092360984301,-2.386167440896707,-0.9735831314574271,9.985839912007306,231.2000122,0,0,0,10.31303340041581,285.50248996536016,96526.60505504895,1.1778217786199918,338.7253838175983
29.0,414.7897211481689,-15.320927817728245,-1.260709934430078,8.138471887879346,280.2999878,0,0,0,17.394106571037565,285.4538668125369,96440.23312506679,1.1769683108955464,338.696538889836
29.1,436.6491002649511,-15.813177416681587,-0.921159021275876,9.95623239760449,280.2999878,0,0,0,18.709133531754905,285.3117808482778,96188.19672612425,1.17447702938945,338.6122345242378
29.2,461.1848519717223,-15.87855048568931,0.8903511348342364,6.228147972515027,326.0,0,0,0,17.07954676908693,285.1522984621838,95905.93760057361,1.1716855331589355,338.5175832700538
29.3,491.14977701941535,-15.269267164094812,0.9795540599947482,6.790673281896129,326.0,0,0,0,16.739871251189903,284.9575264493738,95562.13140222212,1.1682832338595044,338.40195205437254
29.4,516.4352725701685,-15.025535575770176,-0.9669583383421053,6.343698708954472,371.5999756,0,0,0,16.33842835393953,284.7931707282939,95272.79221096767,1.1654181340701322,338.3043474751388
29.5,542.403265857036,-15.924803293197417,-1.2920047833489265,6.336934910697689,371.5999756,0,0,0,17.187942877192924,284.62437877192923,94976.38203558742,1.162481298626144,338.20407906628685
29.6,566.9279978096296,-14.665054583950361,0.6371218645053276,5.334251828432974,419.6000368,0,0,0,15.618066230798702,284.4649680142374,94697.13194302664,1.1597128897884794,338.1093561200009
29.7,591.3599485611867,-13.376603845159138,1.6893215616078592,7.812160899182798,419.6000368,0,0,0,15.582592713780336,284.3061603343523,94419.59974253702,1.1569599723077106,338.0149651325606
29.8,619.4072597745098,-14.287556504335608,-1.0296077684752531,5.931594619476403,419.6000368,0,0,0,15.504134214824406,284.12385281146567,94101.81163319832,1.1538058539356195,337.9065739658578
29.9,644.3540191993229,-13.318992936744902,-0.9519074793225479,7.599067503701897,419.6000368,0,0,0,15.363838310268335,283.9616988752044,93819.88239090146,1.1510059461001572,337.8101359151001
30.0,669.177514034843,-13.90037745394579,-1.4725885956256877,7.168621148856129,419.6000368,0,0,0,15.70917374370653,283.8003461587735,93540.02547396517,1.1482250353892396,337.71414703980986
30.1,691.8032210725916,-12.967568630977423,0.0853010809267617,6.0621241536832935,419.6000368,0,0,0,14.314833625585292,283.65327906302815,93285.53534330471,1.1456948174405517,337.6266329202409
30.2,714.7272835017741,-12.285611459058748,0.7229611832352326,6.73587816304078,419.6000368,0,0,0,14.029646339902873,283.50427265723846,93028.26143863081,1.143135587073669,337.5379416491788
30.3,738.3022390988365,-13.4196439121094,-1.6464673080065733,5.245828532926584,419.6000368,0,0,0,14.502289968174543,283.3510354458575,92764.2821896785,1.140508255223075,337.44670781417733
30.4,763.4391364169721,-11.603787858595915,-0.9888975759118602,5.316051942778247,466.9999388,0,0,0,12.801805315706794,283.18764561328965,92483.48168626706,1.137711942944264,337.3494021672674
30.5,786.8625074300699,-12.426403840414258,-0.4481482133827891,5.382658595582864,466.9999388,0,0,0,13.549515223166566,283.03539370170455,92222.44260525912,1.1351109728713102,337.25870436047165
30.6,807.9962157824597,-12.643173492121939,-1.739531953045768,4.598230205613825,514.1000368,0,0,0,13.565379773208763,282.898024597414,91987.4326953909,1.1327681567573549,337.1768514369911
30.7,822.6371603418046,-12.12050057450122,-1.7336581729997236,5.120903123234544,514.1000368,0,0,0,13.27161458281721,282.80285845777826,91824.90779082717,1.1311472783242928,337.1201339707069
30.8,883.4067278491143,-11.60990977343803,0.7358474695454505,5.091725934634311,514.1000368,0,0,0,12.698706604975012,282.4078562689807,91152.80577541307,1.1244385226545248,336.8846170409318
30.9,902.519033621177,-11.606984129851135,0.18259880862181727,2.9782360628306424,514.1000368,0,0,0,11.984377871273551,282.2836262814623,90942.25204294563,1.1223348939968092,336.8105118515918
31.0,921.0861686223349,-10.533902394325864,-0.6343277533989808,2.4812327749344836,514.1000368,0,0,0,10.840755851661148,282.1629399039548,90738.08157381126,1.1202941549988372,336.73850486572263
31.1,942.0065770961436,-11.192844576333345,-0.9651434884453574,4.8525382563122825,651.7000118,0,0,0,12.23758142739886,282.026957248875,90508.47858965745,1.1179981671257586,336.65735297124496
31.2,963.3996756040767,-10.83154121829012,-0.21008841583239138,6.170330181980223,651.7000118,0,0,0,12.467533712031457,281.8879021085735,90274.17453826671,1.1156540266979065,336.5743472405056
31.3,984.8114984773513,-9.695818435207055,-0.16702666909149433,4.305336685870763,696.2999878,0,0,0,10.610029077028651,281.7487252598972,90040.15745011436,1.113311601512356,336.4912483560232
31.4,1005.0419722844836,-9.95684947148012,-0.9514193750432398,3.996727317018075,696.2999878,0,0,0,10.77115961591509,281.61722718015085,89819.50327871132,1.1111018730279365,336.41271540607266
31.5,1027.710267969357,-10.558551892397826,-0.7377275987005063,1.7740802874051673,740.3999638,0,0,0,10.731943949746558,281.46988325819916,89572.78012872113,1.1086298547540834,336.3246972569402
31.6,1048.352510307176,-9.979566012399195,-0.539368389614151,4.589247844884929,740.3999638,0,0,0,10.997447514643072,281.33570868300336,89348.5863380503,1.1063824435405216,336.24452597542546
31.7,1065.2013441880404,-8.944052817141612,0.035127161154516806,5.85280891618743,783.7000118,0,0,0,10.688904851418252,281.2261912627777,89165.92945296963,1.1045506222281025,336.1790735348833
31.8,1085.927593621044,-9.763742225118214,-1.1471419498244733,3.8206923179983123,783.7000118,0,0,0,10.547240714064262,281.0914706414632,88941.65267563854,1.1023004282947988,336.0985410659868
31.9,1108.2220811805491,-8.033090669652182,0.39565721587119596,3.6318042143311264,826.1000368,0,0,0,8.824799838554823,280.9465564723264,88700.91630592229,1.0998838917394473,336.01189361320803
32.0,1125.386513604291,-8.442734992548695,0.7021488458503322,3.2886054958499193,826.1000368,0,0,0,9.08777823582142,280.8349876615721,88515.93409502313,1.098026173377471,335.9451688766427
32.1,1141.9528631976711,-8.026236473180655,0.45583196282529187,3.705104015217961,868.2000118,0,0,0,8.851895303568204,280.72730638921513,88337.69382220844,1.096235463309354,335.8807565470726
32.2,1228.8631192848911,-8.34624339677934,-1.1159773230593986,1.938059494285363,868.2000118,0,0,0,8.640674674309594,280.16238972464816,87407.36621501276,1.0868776287522357,335.54263448725015
32.3,1240.5000989361504,-8.265003886797022,-0.7837210952186877,3.094733414644262,868.2000118,0,0,0,8.86012883154508,280.086749356915,87283.40321189942,1.0856293020037264,335.49733525627806
32.4,1258.764170385194,-7.393538732340364,0.5069255787749272,4.615068582809649,993.7000118,0,0,0,8.730420754641218,279.96803289249624,87089.13214696634,1.083672283266781,335.42622643214327
32.5,1278.6214365342996,-7.453685712948637,0.6297090945104138,3.871598300598013,993.7000118,0,0,0,8.422780874053247,279.83896066252703,86878.31203500424,1.081547615208416,335.34889759987243
32.6,1296.6131845379068,-7.906359269018981,0.12289467272891175,0.5002400786167135,1033.799988,0,0,0,7.923121867524312,279.7220143005036,86687.65472154484,1.0796253052121334,335.2788181304381
32.7,1313.0191770594004,-7.538142448425288,-0.01912512242333861,2.2170565550577903,1033.799988,0,0,0,7.857435784744513,279.6153753491139,86514.0970071127,1.0778747031008482,335.2149025499141
32.8,1331.3830437324943,-7.1901618446685776,-1.1641198006550166,2.164722911113225,1072.999939,0,0,0,7.5986595886842725,279.49601021573875,86320.16094503703,1.0759177626551624,335.14334489200127
32.9,1349.0350611709152,-7.3729224092084,-1.0860198491804358,2.4183705105714406,1072.999939,0,0,0,7.835045621527858,279.381272102389,86134.07450896592,1.0740392434646335,335.07454666057083
33.0,1365.5667621632258,-7.093121966014094,-0.46824918347462,1.0247261190643178,1111.499939,0,0,0,7.182040110001399,279.273816045939,85960.09307069516,1.072282224153753,335.01010201840404
33.1,1383.1718545346296,-6.2880623949794945,0.5386081557394193,2.003692701460203,1111.499939,0,0,0,6.621526400345252,279.1593829455249,85775.12813103343,1.0704135414748654,334.9414593989793
33.2,1400.0571956304566,-5.852802868488079,0.8262107797625529,2.202701192428092,1149.200012,0,0,0,6.30791710575704,279.049628228402,85598.02804765386,1.0686235980744274,334.8756098854438
33.3,1416.024095944638,-5.480290118128598,0.10770312320952169,3.6826406686573,1149.200012,0,0,0,6.603561314628322,278.94584337635985,85430.83341359049,1.0669331219616165,334.81333019707824
33.4,1426.8697726665007,-5.48464230710698,0.34616450185867204,3.5027408409430296,1186.200012,0,0,0,6.5169260006589855,278.87534647766773,85317.41567876657,1.0657860164985082,334.7710194879185
33.5,1515.5875658785235,-6.210844830879743,-0.147068252442566,1.8405576487558348,1186.200012,0,0,0,6.47949651149962,278.29868082178956,84394.22693710557,1.0564380633909238,334.42471628432696
33.6,1535.5452056749903,-5.671867084106785,0.38370633382425673,1.8028531856428174,1186.200012,0,0,0,5.963856669922016,278.16895616311257,84187.66841601809,1.0543438517364,334.3467637248341
33.7,1544.6968691878,-6.170007506979102,-0.11443408904806099,0.9601799968521818,1186.200012,0,0,0,6.245320922360178,278.10947035027925,84093.08709847085,1.053384604557414,334.31101215734236
33.8,1560.1500130886197,-6.557420909940853,-0.9784511433099327,0.4078830572363419,1326.399964,0,0,0,6.6425525378693475,278.00902491492394,83933.57607144088,1.0517663726840787,334.25063476762534
33.9,1574.3482390516085,-4.842638162663859,-0.2558407136061369,2.3293854661193816,1326.399964,0,0,0,5.3798360100466915,277.9167364461645,83787.23465465476,1.0502812311743572,334.19515088585615
34.0,1589.2647896131014,-4.891984257061882,0.15788163226269003,2.0581438624596955,1359.499939,0,0,0,5.309650905636616,277.8197788675148,83633.71207068508,1.0487226812528263,334.13685000832845
34.1,1604.7257283696215,-5.105063972055216,0.03503668797447554,1.5140666018290616,1359.499939,0,0,0,5.3249698030180985,277.7192827655974,83474.8270701323,1.0471091191785762,334.07641066829405
34.2,1619.2926522025434,-4.73713232427306,-0.3550037410434487,1.2282063229528617,1392.899964,0,0,0,4.90662216657946,277.62459776068346,83325.35316303899,1.0455905982691103,334.0194561729689
34.3,1634.1627954326723,-4.119276849732046,1.1188515761881477,2.4370995439169874,1392.899964,0,0,0,4.915254296700981,277.5279418296876,83172.99148455402,1.0440422067024449,333.96130611658674
34.4,1647.9663059162544,-5.331482285932914,-0.5884146168002433,0.7388568246082678,1425.600037,0,0,0,5.414503165919366,277.43821901154433,83031.76065589019,1.0426064515408098,333.90731809016904
34.5,1662.1466855804658,-5.345889728523544,-0.6036423735919367,0.30362722380327867,1425.600037,0,0,0,5.388423757998598,277.34604654372697,82886.87616059347,1.041133070226028,333.8518469688726
34.6,1676.3729386266161,-4.12218111775809,-0.14774963778257144,1.4272572657076041,1457.499939,0,0,0,4.364776102571741,277.25357589892695,82741.72874055004,1.0396565237137625,333.79618713595545
34.7,1690.5809598087237,-3.8781228053453827,0.533537162076984,0.8665854911618893,1457.499939,0,0,0,4.0094225033225666,277.16122376124326,82596.97282478826,1.038183468969433,333.740589369844
34.8,1704.2086797920422,-4.164826494844919,-0.6587955066909139,0.3485526605929581,1488.600037,0,0,0,4.230990452483294,277.0726435813517,82458.32194578483,1.0367720792533248,333.68725369129373
34.9,1716.2698034576895,-4.189065638407246,-0.9324107407370333,0.10036723151405401,1488.600037,0,0,0,4.292753695879591,276.994246277525,82335.76716720825,1.0355241630147425,333.6400421885074
35.0,1835.3679820303662,-5.037407373124614,-1.565829653342221,-0.4042620617613346,1581.999939,0,0,0,5.290625989490806,276.2201081168026,81133.49344592853,1.023263149099175,333.1734906154742
35.1,1848.4388878807742,-4.032359730895949,-0.5082817851073265,1.3407106986052655,1581.999939,0,0,0,4.279693978519698,276.13514722877494,81002.41555648782,1.021924310168099,333.1222472559102
35.2,1860.7032908301294,-4.319910646001495,-0.4570421521974981,1.3049968155591758,1610.900086,0,0,0,4.535805574199799,276.0554286096041,80879.581436757,1.020669299516615,333.0741585523284
35.3,1872.2432323369883,-2.667562663330551,0.2462001081262737,1.7883943613716906,1610.900086,0,0,0,3.221002863678117,275.98041898980955,80764.14093036838,1.0194894996899893,333.02890412010004
35.4,1883.8602796030125,-2.0038705124126417,1.0673929493932006,2.430758296823199,1638.900086,0,0,0,3.326170566357961,275.9049081825804,80648.0638888368,1.0183028709351716,332.9833411018239
35.5,1895.2905917980224,-3.5356125643066925,0.09510647422684596,0.9400320464322944,1638.900086,0,0,0,3.6596805454360215,275.8306111533128,80533.98458186611,1.0171363479084445,332.9385043880954
35.6,1907.3102998256775,-3.7317933819664244,0.5034986232712436,-0.21591859565640925,1667.100037,0,0,0,3.771791822101888,275.7524830511331,80414.1638402109,1.015910777006422,332.89134918732697
35.7,1919.22069041729,-1.826068231093135,1.3748051745188445,1.1041008706237059,1667.100037,0,0,0,2.5384351843219135,275.6750655122876,80295.57528185967,1.0146974671792799,332.8446162662437
35.8,1933.6411501148236,-2.0390706800316614,0.44156519347912904,1.122427553506828,1694.999939,0,0,0,2.369099548589794,275.58133252425364,80152.18420314055,1.0132299409598744,332.7880257784553
35.9,1940.3761052146297,-3.098254155840253,-0.45355507117924077,0.3216436408341723,1694.999939,0,0,0,3.147752475729765,275.5375553161049,80085.28567106374,1.0125451016450913,332.76159236739306
36.0,1953.0899606576734,-1.9827310075179247,-0.3297940730543045,1.4921279783164714,1722.299988,0,0,0,2.503284299169711,275.4549152557251,79959.12175944696,1.0112532671866339,332.7116871915056
36.1,1964.0271760378644,-2.362011232403751,-0.5425501328839144,1.2883953921665328,1722.299988,0,0,0,2.7447077067057237,275.38382335575386,79850.71687207927,1.0101429635210573,332.6687497977182
36.2,1978.580216923212,-2.7373158049589192,-0.2788284600880666,0.4373074927875831,1722.299988,0,0,0,2.7860152493267405,275.2892285899991,79706.65806352878,1.0086670416290322,332.61160877735904
36.3,1984.8781134762312,-3.359415927550417,-0.20119896006393095,-0.24303508501588827,1722.299988,0,0,0,3.3741995270521445,275.24829226240445,79644.3812184461,1.0080288412293195,332.58687768986385
36.4,1996.5419900930126,-2.529583375708978,-0.4509023988521407,-0.5050432542880257,1775.19989,0,0,0,2.618620575160839,275.1724770643954,79529.14685750629,1.006847692547125,332.5410701821184
36.5,2005.940071351409,-1.957604945776821,0.269553246721835,1.148111794675908,1775.19989,0,0,0,2.2853964141089587,275.1113895362158,79436.39588124154,1.0058967613455132,332.5041565348004
36.6,2116.201449420806,-2.2988239236282704,-0.6344025626065124,0.2236480738069494,1775.19989,0,0,0,2.3952195106513607,274.39469057876477,78354.73760471134,0.9947913623167786,332.07076701041933
36.7,2125.179716027386,-3.293373684055149,-1.9144223298139451,-0.026054673000334927,1775.19989,0,0,0,3.809462157011458,274.336331845822,78267.18912138393,0.9938912296937683,332.03545244277825
36.8,2135.7351867398133,-2.6580083744879066,-1.3331978849303348,0.3960284531321294,1775.19989,0,0,0,2.9998772733098247,274.2677212861912,78164.36239493045,0.992833768631521,331.9939293922129
36.9,2143.346114692267,-2.190104154761076,-0.9497862180056803,0.3003755066304502,1775.19989,0,0,0,2.4060082114570513,274.2182502545002,78090.28799685951,0.9920718299939018,331.9639863445672
37.0,2152.2684415740378,-1.7189443209505233,0.043094657081425014,0.6829412063582306,1958.299988,0,0,0,1.8501447022703539,274.16025512976876,78003.52261733779,0.9911791754172152,331.928880528646
37.1,2160.669304764104,-1.1597743017916662,0.725312087942413,0.6121084641210175,1958.299988,0,0,0,1.4986096315786577,274.1056495190333,77921.89959194804,0.9903392536462943,331.8958230713576
37.2,2169.556573754121,-2.1983033385693065,-0.3263420130432403,-0.7233749946925131,1979.499939,0,0,0,2.3371581163431085,274.04788227059817,77835.62593065298,0.9894512936489359,331.8608480192945
37.3,2178.4028200507096,-2.39781325254616,-0.4979611702019393,-0.9950727217398687,1979.499939,0,0,0,2.643415109789923,273.99038166967034,77749.82732772132,0.9885680373909262,331.82603074742406
37.4,2186.4954862724503,-0.9102727430227773,0.5777806547867547,0.5531711742958779,1979.499939,0,0,0,1.2117859958787702,273.93777933922905,77671.40469049185,0.9877605510016112,331.7941762343878
37.5,2194.6041447999173,-1.5707375929780103,-0.543701839657393,-0.12534063329397235,1979.499939,0,0,0,1.6668948829472485,273.8850730588005,77592.8913321889,0.9869519750902899,331.7622557045032
37.6,2202.579919594733,-2.00713883594025,-1.0949473338156293,-0.6339296893267145,2000.400086,0,0,0,2.3726320451303446,273.8332305226342,77515.72734710721,0.986157144114626,331.7308552880347
37.7,2210.6471432365543,-1.0011780988587198,-0.2792999373278746,0.7264076015538694,2000.400086,0,0,0,1.2680828223034015,273.7807935689624,77437.74183506193,0.9853536979977905,331.69909181599957
37.8,2219.2279842020343,-1.7182578350433622,-1.0685674865830193,-0.3270017297676818,2020.299988,0,0,0,2.049677192228403,273.72501810268676,77354.86094493832,0.9844996484593794,331.66530271484044
37.9,2228.191006495548,-2.4076566995932422,-1.4823401435358823,-1.2887455461378499,2020.299988,0,0,0,3.1072509018301613,273.66675845777894,77268.36534418512,0.9836081653085627,331.6300050077309
38.0,2235.8899356028355,-0.7214374327489763,0.11364435157573682,0.47458342720352226,2039.900086,0,0,0,0.8709858996520806,273.6167154185815,77194.13112781222,0.9828429050073137,331.5996824866775
38.1,2241.759426828059,-0.7795518667488218,0.6847123647708975,0.18185859533002557,2039.900086,0,0,0,1.0533777499630117,273.5785637256176,77137.57542809303,0.9822597937447057,331.57656341245524
38.2,2249.3528544155324,-1.6828885176105315,-2.811643468194406,-0.6656965624459239,2059.499939,0,0,0,3.343741118597246,273.52920644629904,77064.45846108145,0.981505808797805,331.54665161116344
38.3,2254.3047748911595,-1.6257947964069288,-4.398463198527005,-0.32477346286389497,2059.499939,0,0,0,4.700549439267804,273.49701896320744,77016.8067542841,0.9810143493304818,331.52714370130263
38.4,2497.193790302913,-2.4297078074263396,-4.505107528506448,-13.21112225516661,2584.299988,0,0,0,14.168035330060144,271.91824036303103,74708.62605064908,0.957138657401648,330.5688782306817
38.5,2497.3498871041934,-1.2930698314948583,-5.152657058219325,-6.671882469651267,2584.299988,0,0,0,8.52853563266165,271.9172257338227,74707.16088715965,0.9571234576687818,330.5682614917097
38.6,2495.789847233755,-0.18594164362731402,-2.215403670805199,-7.803396912143319,2580.499939,0,0,0,8.113913426201925,271.9273659929806,74721.80485604453,0.9572753729203852,330.5744251626237
38.7,2493.184802074679,-47.11176354815831,-3.7646204276417006,-7.4232302116905915,2580.499939,0,0,0,47.84135217944358,271.94429878651454,74746.26338682664,0.957529090947688,330.58471736203506
38.8,2492.587028390124,-33.247914512749034,0.16766163901721343,-8.182335901331657,2578.600037,0,0,0,34.24036434786416,271.9481843154642,74751.87674364824,0.9575873182925603,330.5870790440177
38.9,2497.667209202922,-25.905568640336192,-2.485544119132422,-1.906400946092706,2576.799988,0,0,0,26.09426720018378,271.915163140181,74704.18249456288,0.9570925593913346,330.56700774751334
39.0,2489.054493685568,-25.887919037720728,-2.575355913187667,-0.6205426519587505,2576.799988,0,0,0,26.023102877367908,271.9711457910438,74785.05576171845,0.9579314672267223,330.6010350241614
39.1,2489.5562737598307,-22.59773722944938,-1.32201897017905,2.0240503860502725,2573.100037,0,0,0,22.726685680363207,271.9678842205611,74780.3421105043,0.957882576711347,330.59905267819033
39.2,2486.0837918062257,-16.96824374005479,-4.054827770112752,-3.500294087839187,2573.100037,0,0,0,17.793678163003513,271.9904553532595,74812.96704474851,0.9582209541500757,330.61277091608906
39.3,2485.8102255745857,-16.21392001849976,-4.512931238770238,-5.378364711213496,2564.69989,0,0,0,17.668745221407267,271.99223353376516,74815.53776529821,0.9582476158099525,330.6138516308931
39.4,2482.7905842965924,-14.840838353338594,-1.854414243794662,-3.0438725819184285,2564.69989,0,0,0,15.262846900643048,272.0118612020721,74843.91829301469,0.958541946596734,330.62578039420447
39.5,2477.4601947626957,-12.65600807061256,-2.8926058953205436,-5.763712227624347,2564.69989,0,0,0,14.204298215396626,272.04650873404245,74894.03799287858,0.9590616796743744,330.64683646596353
39.6,2469.6472923319975,-11.93730459925423,-1.6193687437437043,-2.661170189674463,2555.999939,0,0,0,12.337075139675623,272.097292599842,74967.54895934729,0.959823856669479,330.6776965220039
39.7,2463.798809204516,-11.49342040527063,-0.6800136348445214,-1.6594710555855132,2555.999939,0,0,0,11.63249652225144,272.1353077401706,75022.61509165664,0.9603947006325306,330.70079546554217
39.8,2462.5915962451318,-10.812954630253556,0.37779754092271706,-1.4597105059564623,2551.299988,0,0,0,10.917576360119893,272.14315462440663,75033.98562843622,0.960512563556793,330.70556322643
39.9,2461.3233044420986,-10.67396983288221,0.9203778561574503,-1.4552575530105518,2551.299988,0,0,0,10.811961058798664,272.15139852112634,75045.93295972022,0.9606364016658447,330.7105721377607
40.0,2459.583932541652,-12.049227025672309,0.152154585005003,-2.8387179042517303,2546.69989,0,0,0,12.380038056235907,272.16270443847924,75062.3203786856,0.9608062566769692,330.717441379634
40.1,2441.9547061097305,-10.656349772497945,1.9715962101865598,-2.579517489950207,2546.69989,0,0,0,11.139968248195236,272.27729441028674,75228.57696639013,0.9625291016951971,330.7870558299734
40.2,2443.185777194964,-11.092392342296913,1.8037970047621195,-3.184545173573749,2527.499939,0,0,0,11.680589859778822,272.2692924482327,75216.9573841161,0.9624087165588416,330.782195041044
40.3,2442.62839638635,-9.246162462457102,1.7477138493792437,-2.0683966250186647,2527.499939,0,0,0,9.634536241036793,272.2729154234887,75222.21809618021,0.9624632208101288,330.7843958248899
40.4,2440.109383375057,-10.83813217367263,1.2172331711587459,-1.115745799883762,2522.69989,0,0,0,10.963195441883048,272.2892890080621,75245.99694386711,0.9627095754254721,330.79434181024004
40.5,2435.262144525199,-11.08090178465878,1.4486062555116677,-1.2198820067419593,2522.69989,0,0,0,11.241572690470601,272.3207960605862,75291.7707814387,0.9631837617636261,330.81347964202996
40.6,2434.501100094657,-10.064448290899266,-0.15667049049377268,-2.850588546411813,2513.19989,0,0,0,10.461525706306462,272.3257428493847,75298.95958518541,0.9632582279775171,330.81648429133975
40.7,2431.4923042414985,-11.145488011469295,-0.8505210142126824,-3.8873311973716382,2513.19989,0,0,0,11.834552498826561,272.34530002243025,75327.38602649918,0.9635526739380198,330.82836293161756
40.8,2429.230123724634,-10.767359421571848,0.9344496877716509,-2.1745483187330814,2508.600037,0,0,0,11.024422230792572,272.3600041957899,75348.76433258018,0.9637741001752783,330.83729367494544
40.9,2427.248916802494,-10.611556469841025,0.8646656998955803,-2.2590979889440193,2508.600037,0,0,0,10.883763191509257,272.3728820407838,75367.49138646944,0.9639680561931476,330.84511497939604
41.0,2427.715010960406,-10.09160623412215,1.1171928987988478,-0.4610952707433309,2508.600037,0,0,0,10.163722015403682,272.3698524287573,75363.08536409627,0.9639224238630383,330.84327497403467
41.1,2368.2935666719036,-9.388040035839168,1.3794290396571869,-0.5450325231779103,2508.600037,0,0,0,9.504482134303284,272.7560918166326,75926.48495904247,0.9697533405455194,331.0777712537496
41.2,2365.980881902811,-9.674864307591793,1.2722539858659903,-1.6095164587948871,2447.299988,0,0,0,9.890003680787848,272.7711242676317,75948.48124382351,0.969980824256953,331.0868944996663
41.3,2365.561567204883,-8.577272424586239,2.1098056670582066,-1.046770661750877,2447.299988,0,0,0,8.894751880554104,272.7738498131682,75952.46996008967,0.9700220738795218,331.08854861565044
41.4,2365.533055367894,-10.45722948098401,1.1600870683646183,-1.983364206511726,2442.999939,0,0,0,10.706688750487698,272.77403514010865,75952.74118409179,0.9700248787488777,331.08866108907364
41.5,2364.7582154262277,-10.192495980907026,0.2583310854891667,-2.18292962519588,2442.999939,0,0,0,10.42683513915386,272.7790715997295,75960.11228933408,0.9701011064763576,331.09171766110865
41.6,2362.1652412498916,-10.163529633702762,0.6990960956500438,-2.1227912664242594,2438.600037,0,0,0,10.406359244563607,272.7959259318757,75984.78364243102,0.9703562331714073,331.1019461649884
41.7,2358.9028013297493,-9.208135320974504,-0.02059505369773018,-1.6103676395227726,2438.600037,0,0,0,9.34791228991999,272.8171317913566,76015.83397373132,0.9706773025417066,331.11481506116945
41.8,2355.5491129420316,-9.319111765044045,-0.2677439634021388,-0.07743063308363696,2434.19989,0,0,0,9.323278737775695,272.8389307658768,76047.76347250685,0.9710074367359879,331.12804337126585
41.9,2352.245846702549,-9.38656528037023,-1.0866070244519257,0.11925763365658287,2434.19989,0,0,0,9.450002379440201,272.86040199643344,76079.22353190019,0.9713326913819108,331.1410722793334
42.0,2350.1723563933824,-9.956748855310584,-1.6018294205075834,-2.5985134754343813,2429.799988,0,0,0,10.414171956624605,272.87387968344296,76098.97668089176,0.9715368992621889,331.1492503817353
42.1,2348.1761714082145,-9.554062062052017,-1.0473841558304684,-0.12206759977310844,2429.799988,0,0,0,9.612076568272888,272.88685488584656,76117.9973024286,0.9717335247492508,331.1571233915634
42.2,2346.0828434973755,-9.41782116692716,-0.8734087160067235,-0.6092669339403172,2425.299988,0,0,0,9.477837544198087,272.90046151726705,76137.94768399274,0.9719397515769004,331.16537933477304
42.3,2344.327191496479,-10.403148570471682,-2.516629626462666,-1.8669392790298507,2425.299988,0,0,0,10.864823382258963,272.91187325527284,76154.68312269727,0.9721127376536869,331.17230334841787
42.4,2342.941927505462,-11.229586086678529,-2.2225153659496306,-2.1134133213537756,2425.299988,0,0,0,11.640863116491055,272.92087747121445,76167.89000615827,0.9722492456679293,331.17776650819565
42.5,2343.387658068843,-9.66282828853638,-1.4547454317253234,-3.0642056138623857,2425.299988,0,0,0,10.240893068912026,272.9179802225525,76163.64028050873,0.9722053204587131,331.17600866010383
42.6,2342.563363987049,-10.830792059008532,-1.8959091482675545,-2.1214960714340063,2425.299988,0,0,0,11.19827101409306,272.92333813408413,76171.49949232796,0.9722865529889114,331.1792594592004
42.7,2341.9535170789636,-11.048399411525045,-2.3202361510873084,-4.1200096645704,2425.299988,0,0,0,12.017699654657413,272.9273021389867,76177.31448543185,0.972346655521688,331.18166451449963
42.8,2337.638553997465,-9.186331297210874,-0.20633099546593414,-0.6476610539181035,2411.499939,0,0,0,9.21144505615532,272.9553493990164,76218.46865627458,0.9727719913395241,331.1986809499439
42.9,2333.7005026140664,-10.303222556499772,-1.1977138912017629,-2.5758449312419027,2411.499939,0,0,0,10.687651319338032,272.9809467330085,76256.04372456303,0.9731602983242464,331.2142102380182
43.0,2331.040137206965,-10.585026649582801,0.2652943482585502,-1.847839917520448,2406.900086,0,0,0,10.748380465185347,272.9982391081547,76281.43619134983,0.9734226876720475,331.2247006948517
43.1,2327.9844062986576,-10.63912015286105,0.2973340251570771,-1.1972818944811872,2406.900086,0,0,0,10.710404711512199,273.0181013590587,76310.61076279992,0.9737241383319017,331.2367497624092
43.2,2325.005659985,-10.619010142641825,0.28955330630139087,-1.4823294606388204,2402.499939,0,0,0,10.725880763676138,273.0374632100975,76339.05902024168,0.9740180631281015,331.2484948497757
43.3,2323.1634575321364,-11.101842097535535,0.1758635875415982,-1.9979740647497641,2402.499939,0,0,0,11.281565774459143,273.0494375260411,76356.65711179844,0.9741998745685468,331.2557583780094
43.4,2321.360130968863,-10.526949856849463,0.8524750224083454,-0.08924785363375665,2402.499939,0,0,0,10.56178735498075,273.06115914870236,76373.88701342746,0.974377874398784,331.2628684701758
43.5,2319.886045817295,-9.682463017900583,0.512425419742645,-2.1388362083251757,2402.499939,0,0,0,9.92911326503297,273.07074070218755,76387.97351309122,0.9745233944833605,331.2686803275977
43.6,2317.93466969582,-9.166104059709243,0.30034368224407854,-1.6323210410971534,2393.499939,0,0,0,9.315156570991745,273.08342464697716,76406.62428702378,0.9747160577863716,331.2763738374361
43.7,2316.2372157798177,-11.749437774712888,-2.215724114143197,-4.038466479715037,2393.499939,0,0,0,12.620139970682883,273.0944580974312,76422.85113353221,0.9748836745351104,331.283066086413
43.8,2314.227723832186,-11.267583815033346,-0.7322641968625027,-2.864265734477182,2389.100037,0,0,0,11.64897738346625,273.10751979509075,76442.06452117252,0.9750821322883042,331.2909883773676
43.9,2310.785637101396,-8.750940130399382,0.47269404289888034,-0.7003579752401441,2389.100037,0,0,0,8.791637738072977,273.1298933588409,76474.98448828807,0.9754221451482548,331.3045581396631
44.0,2308.961878140744,-9.460778208923697,0.5224686695767718,0.15332643447037908,2384.69989,0,0,0,9.476434288520245,273.14174779208514,76492.43149130973,0.9756023346874771,331.31174773195903
44.1,2308.9071624221824,-9.607008755028367,-0.5917348604354774,-0.42439038220572445,2384.69989,0,0,0,9.634566651425223,273.1421034442558,76492.95497941355,0.9756077410585212,331.3119634289457
44.2,2303.277157663459,-10.691569416055215,-1.1480119583570394,-1.4490679709212717,2380.100037,0,0,0,10.850225159839214,273.1786984751875,76546.83509182239,0.9761641551854008,331.3341569416344
44.3,2302.137842668915,-10.345752385172965,-0.8268044120757746,-0.4822716471849842,2380.100037,0,0,0,10.389936664523926,273.18610402265205,76557.74226975607,0.9762767833684973,331.3386479473579
44.4,2300.8544696127146,-10.829497140377018,-1.9307081356575277,-0.8282033032144049,2375.600037,0,0,0,11.031389891123576,273.19444594751735,76570.03008787415,0.9764036644691488,331.343706735059
44.5,2297.6602499869227,-9.839938752257167,0.3221370413064691,0.13182370996044002,2375.600037,0,0,0,9.846092850063002,273.21520837508496,76600.62048290881,0.9767195168206692,331.3562973442566
44.6,2296.5501389242368,-9.486901961279976,-1.0876854609768807,0.5923219058285554,2370.999939,0,0,0,9.56740370869144,273.2224240969924,76611.2541088627,0.9768293056546165,331.3606729409185
44.7,2294.4180835895486,-9.83177280057383,-0.6204433700898264,0.4763192547256284,2370.999939,0,0,0,9.862838658825064,273.23628245666794,76631.68017356843,0.9770401901968291,331.36907645533427
44.8,2291.460782243058,-9.943991170980492,-1.9377060813213483,0.4001947934230381,2370.999939,0,0,0,10.138926034783498,273.2555049154201,76660.01977259845,0.9773327586225841,331.38073233119616
44.9,2281.1980548414754,-9.84181197394424,0.6106557095512781,-1.776464126174862,2352.999939,0,0,0,10.019480431522686,273.3222126435304,76758.43256047979,0.9783485791837734,331.4211785554079
45.0,2281.3181884313203,-10.861896942009212,1.076163202857812,-1.3232613828752773,2352.999939,0,0,0,10.994996730578107,273.3214317751964,76757.27996713172,0.9783366835057785,331.4207051279358
45.1,2228.9613920783545,-9.332569500484546,1.56615014619255,-0.7996414750947167,2352.999939,0,0,0,9.49679452502185,273.66175095149066,77260.93457044913,0.983531569789954,331.6269709400542
45.2,2225.6870262774996,-10.546869155726435,0.8555245725375401,-1.736674286117243,2295.499939,0,0,0,10.723078329392639,273.68303432919623,77292.52154646245,0.9838571548430332,331.63986643025004
45.3,2224.1651848851384,-10.574500390966444,0.43250099021555105,-2.0153222422982275,2295.499939,0,0,0,10.773515645572195,273.69292629824656,77307.20592323024,0.9840085065043894,331.645859753256
45.4,2131.399528188222,-11.94892420232139,0.5740213201304352,-2.9320096782988445,2295.499939,0,0,0,12.31677599140393,274.29590306677653,78206.5852162125,0.9932680164405816,332.0109856095811
45.5,2129.9465933844026,-11.985507814758444,0.5472814955741181,-2.427184662395071,2194.600037,0,0,0,12.24104325612811,274.30534714300137,78220.73875609813,0.9934135709530726,332.0167011708266
45.6,2128.5387318360135,-11.161554604104909,1.1907651637898853,-0.9469785824799898,2194.600037,0,0,0,11.264767698065809,274.3144982430659,78234.45520035295,0.9935546256081493,332.0222393288451
45.7,2125.749288874493,-9.956983168665904,0.5619301202724488,0.39130437599069257,2190.400086,0,0,0,9.980500909064384,274.3326296223158,78261.63780040113,0.9938341471470471,332.03321199289695
45.8,2124.242397373131,-11.362525916661237,-0.9838866766934022,-1.1052934610209324,2190.400086,0,0,0,11.458477291261206,274.34242441707465,78276.32535757385,0.9939851731570952,332.0391394105367
45.9,2121.7551089268413,-10.240268568374075,-0.09952098822178525,-1.2135102472230463,2186.19989,0,0,0,10.312400879506287,274.3585917919755,78300.5736520017,0.994234496433714,332.0489230270762
46.0,2120.0869725798725,-9.765446029300987,-0.07505199258334189,-0.8034926862181936,2186.19989,0,0,0,9.798733053287414,274.3694346782308,78316.83953230851,0.9944017355344138,332.05548439099846
46.1,2119.1872509522163,-10.115555610916905,-0.4177787278941865,-1.4382519491107972,2181.999939,0,0,0,10.225828722023188,274.3752828688106,78325.6137904638,0.9944919461090848,332.05902325714464
46.2,2117.157866150948,-9.26728204947239,0.5863548852219422,-0.9459955791152119,2181.999939,0,0,0,9.333875736884563,274.3884738700188,78345.407663489,0.994695445331086,332.0670052777669
46.3,2115.256802865613,-9.751936583266815,-0.14931637567862377,-1.3436966082565216,2177.799988,0,0,0,9.845206096326452,274.4008307813735,78363.95360981759,0.994886105842486,332.07448240735175
46.4,2112.0687749309263,-9.321475059783968,0.49934923391335384,-0.8344847395991639,2177.799988,0,0,0,9.372065499568825,274.42155296294897,78395.06260262881,0.9952059007385653,332.0870209586944
46.5,2109.482894733572,-10.101425915517526,-1.0992770861601777,-1.5849042111399694,2173.600037,0,0,0,10.28392614701871,274.4383611842318,78420.30314152634,0.995465351233378,332.09719090818464
46.6,2107.802212801296,-10.190677106969792,-1.6987648820555843,-3.0424426444763646,2173.600037,0,0,0,10.769965611270626,274.44928561679154,78436.71165141006,0.995634007732061,332.1038006569934
46.7,2106.2715499529904,-10.109344351526985,-0.8709444825359993,-1.2925869549514233,2169.499939,0,0,0,10.228791157586564,274.45923492530557,78451.65794269672,0.9957876288295818,332.1098202995999
46.8,2104.174231739141,-11.050105813292676,-1.6804553690108408,-2.3596771006364117,2169.499939,0,0,0,11.423521556484664,274.47286749369556,78472.14113462594,0.9959981503017565,332.11806825237835
46.9,2103.103150481462,-10.409983298953938,-0.3430641756871912,-1.245411878628275,2169.499939,0,0,0,10.48982821883029,274.4798295218705,78482.60338403276,0.9961056748284849,332.12228032752347
47.0,2104.348573484,-10.936760845584958,-1.1684367809764484,-0.5909342558618822,2169.499939,0,0,0,11.014862032699721,274.47173427235396,78470.43828311094,0.9959806491893007,332.1173826405822
47.1,2097.234588178926,-9.803433029192266,-0.2795631678061101,-0.16471891558258644,2161.19989,0,0,0,9.808801509042903,274.51797517683696,78539.94715444768,0.9966949701983231,332.14535776421064
47.2,2096.041371400532,-8.727455191569126,0.3009437579840327,1.1163379562720004,2161.19989,0,0,0,8.803706702232304,274.5257310858965,78551.61064129625,0.9968148204306875,332.1500497538563
47.3,2093.681357864833,-10.306751788701343,-0.27264531054171515,-0.37600513620710074,2156.999939,0,0,0,10.317211239560468,274.54107117387855,78574.68349416912,0.9970518996586233,332.1593296486591
47.4,2092.4194649469673,-9.661299845312532,-0.3490715286837522,-0.7116512419614127,2156.999939,0,0,0,9.69376155696842,274.5492734778447,78587.0227382363,0.9971786829848243,332.1642914771867
47.5,2089.5314434184797,-10.671880563070676,-0.40480431646705517,-1.2431673668437717,2152.900086,0,0,0,10.751668074725025,274.56804561777983,78615.26875919409,0.9974688910842197,332.175647048993
47.6,2088.293277148819,-10.072650844499158,0.16161276213498013,-0.7341724097296246,2152.900086,0,0,0,10.100664475532424,274.57609369853265,78627.38104452634,0.9975933302623147,332.180515344638
47.7,2085.5896787655133,-10.351604334723664,-0.527498773946812,-0.57671774520384,2148.69989,0,0,0,10.381067893854569,274.5936670880241,78653.83408149303,0.9978650907523197,332.19114526528887
47.8,2083.99513164277,-8.70867845981574,0.7807381331988051,-0.0609061832299147,2148.69989,0,0,0,8.74381736498682,274.604031644322,78669.43911645561,0.9980253981008964,332.1974144946099
47.9,2082.8002753255205,-9.05419005998091,0.45983601352451065,-1.5942354931167242,2144.499939,0,0,0,9.204965703852695,274.6117982103841,78681.13422053376,0.9981455355589824,332.2021121949815
48.0,2080.4901579347534,-8.686761944748305,0.6861697583928418,-2.456461202282439,2144.499939,0,0,0,9.053444850463228,274.6268139734241,78703.7493525371,0.9983778389019718,332.2111944704753
48.1,2076.9336082847617,-10.124993948722976,-0.3123728145042612,-4.471375417170613,2140.299988,0,0,0,11.072771891364685,274.64993154614905,78738.57685073114,0.9987355632152853,332.22517663544244
48.2,2076.0821803838207,-10.81346880063452,0.4675181535771999,-2.4150726155600157,2140.299988,0,0,0,11.089736537206297,274.65546582750517,78746.91630612595,0.9988212159468647,332.22852383878705
48.3,2073.678208605934,-9.600494099142873,0.469706294285988,-1.221785499077586,2136.100037,0,0,0,9.689317352441568,274.6710916440614,78770.46627714572,0.9990630832571195,332.2379743482056
48.4,2071.2960378530242,-10.881076972949113,-1.304706872198871,-1.9084595154541892,2136.100037,0,0,0,11.123952257886316,274.6865757539553,78793.8083044952,0.9993028013295457,332.24733888812716
48.5,2069.04422036824,-9.668470668074692,-0.2701091702416063,-0.7524550291693946,2131.900086,0,0,0,9.701467548479023,274.70121256760643,78815.87819670413,0.9995294423954066,332.25619075427926
48.6,2067.0049007686807,-10.702144890729254,-2.4267961153018254,-2.3053893422770972,2131.900086,0,0,0,11.213387742644555,274.71446814500354,78835.86973233128,0.9997347298919846,332.26420709043066
48.7,2066.8860920153707,-10.019601923898868,-1.0125311990598607,-1.2290946485466419,2127.69989,0,0,0,10.145359323235107,274.7152404019001,78837.03454608946,0.9997466907338052,332.26467410832527
48.8,2065.0764283695585,-10.90630859330926,-1.0493903925629249,-2.032129069080646,2127.69989,0,0,0,11.143533366123034,274.72700321559785,78854.77840534034,0.9999288886605551,332.2717875207769
48.9,2061.563386295521,-8.90542932622363,0.36988477018260124,0.5774247449621834,2123.400086,0,0,0,8.931791845070704,274.7498379890791,78889.23322310492,1.0002826561808862,332.28559612578937
49.0,2058.84828016684,-10.157456804353384,0.20969801111136716,0.20149485060523242,2123.400086,0,0,0,10.161619071928909,274.76748617891553,78915.8704853778,1.000556136193814,332.29626791572724
49.1,2056.527216861262,-10.406129119589513,-0.4343666583994336,0.0955575341355074,2119.19989,0,0,0,10.415629068367785,274.7825730904018,78938.64766071804,1.0007899714541737,332.30539063915256
49.2,2054.4613410759434,-9.740549802042851,-0.34957114023956243,0.11472777030135549,2119.19989,0,0,0,9.747495724002333,274.7960012830063,78958.92509432342,1.0009981330404023,332.3135101611154
49.3,2053.293381788874,-10.180694055696357,-0.18596275372033122,-0.963622407309409,2114.999939,0,0,0,10.227887452711395,274.8035930183723,78970.39096869696,1.0011158335029473,332.31810050957694
49.4,2051.8046998093923,-10.088853195156142,-0.4575219175762606,-1.9685441685020686,2114.999939,0,0,0,10.289288179549569,274.8132694512389,78985.0073370345,1.0012658699682682,332.32395128002645
49.5,2048.867360558469,-9.8224055458529,0.06158308723525105,-2.1901845960295563,2110.69989,0,0,0,10.063813976247792,274.8323621563699,79013.8535232999,1.0015619594748562,332.33549521497156
49.6,2049.184961528186,-10.441953098761749,-1.428319841818734,-3.774423866793981,2110.69989,0,0,0,11.194675413494453,274.8302977500668,79010.73410673076,1.0015299414502907,332.3342470417687
49.7,2045.493888307657,-9.189939131711835,-0.301814239349418,-2.102408066006046,2106.499939,0,0,0,9.432189181502343,274.8542897260002,79046.99328442402,1.0019020946726749,332.3487526863727
49.8,2044.51431646203,-10.911537450998864,-1.2596982772912808,-0.6165704619624719,2106.499939,0,0,0,11.001302124245386,274.8606569429968,79056.6183492566,1.002000877968498,332.35260222492934
49.9,2042.1239159330325,-11.935270176362767,-2.5467524633278344,-1.5426855631234933,2106.499939,0,0,0,12.301077230832695,274.8761945464353,79080.1099005036,1.0022419652161467,332.36199587554523
50.0,2035.640092793734,-10.013232751366425,-0.42045632754885787,0.2882967790217212,2106.499939,0,0,0,10.026202106939966,274.9183393968407,79143.85783459121,1.0028961238660312,332.38747427273546
50.1,2033.293398125981,-10.75699567076917,-1.3364856227180695,-0.7991785838780576,2106.499939,0,0,0,10.869123059824473,274.9335929121811,79166.94042212039,1.0031329644532176,332.3966952056206
50.2,2018.2349253398488,-9.592534895739716,-0.3475725018374155,-1.379530148584637,2106.499939,0,0,0,9.697455119817345,275.031472985291,79315.18851787555,1.0046537619847136,332.45585879722273
50.3,2018.3115695670879,-9.324639307246677,-0.7351094755975529,-1.9319506589988622,2077.600037,0,0,0,9.55100609884473,275.0309747978139,79314.43339980004,1.0046460170053815,332.4555576945548
50.4,2016.9870134253808,-9.604284451268514,-0.5873699293010232,-2.6898400816954204,2077.600037,0,0,0,9.991122205229022,275.039584412735,79327.48407686426,1.0047798712155804,332.4607612755915
50.5,2014.7781736589207,-9.373210048334641,0.15804265935658446,-2.0371232073736514,2077.600037,0,0,0,9.593326589582901,275.053941871217,79349.25135151246,1.0050031178481058,332.46943862524563
50.6,2012.4299979421914,-10.562168872222259,-0.40829623710970203,-2.6034621141152123,2077.600037,0,0,0,10.885960319705928,275.0692050133757,79372.39703236372,1.0052404887257311,332.4786631029506
50.7,2009.8748281621852,-12.26220856816114,-1.2322383513308364,-1.8737255392850445,2069.600037,0,0,0,12.465593356120038,275.08581361694576,79397.58923909164,1.00549883281285,332.4887004369351
50.8,2008.6647181345004,-11.180939143091601,-2.181251258392498,-1.7415618273149296,2069.600037,0,0,0,11.524074573349363,275.0936793321257,79409.52234599847,1.0056212004366094,332.49345394037664
50.9,2006.8755256166712,-9.550181491628766,-0.8835419421797334,0.0007588031267333761,2065.69989,0,0,0,9.59096519972946,275.1053090834916,79427.1685477018,1.0058021463775741,332.5004820468427
51.0,2005.121338634363,-9.968571199966716,-1.1485325404217324,-0.873726645998252,2065.69989,0,0,0,10.07248415323354,275.1167112988766,79444.47258414477,1.0059795762938573,332.50737250424925
51.1,2004.8816241482562,-9.276478344554095,-1.2168727044123848,-1.588475892397244,2065.69989,0,0,0,9.489841163921144,275.1182694430363,79446.83746547546,1.0060038244405096,332.5083140931562
51.2,1979.3128304245022,-10.7676100752374,-2.0755407310964245,-0.7072534789370198,2065.69989,0,0,0,10.988607898285514,275.28446660224074,79699.41157785953,1.0085927860013657,332.6087319861619
51.3,1977.4913245244845,-9.14529473921315,-0.8518990153988508,0.47701306468706284,2034.799988,0,0,0,9.197265314396414,275.2963063905908,79717.42958949634,1.0087774164035344,332.6158845412929
51.4,1975.320068292132,-10.866408195774767,-1.9610566702540706,-0.37620596860788513,2034.799988,0,0,0,11.048352875970481,275.3104195561011,79738.91157812545,1.0089975317708764,332.6244102693162
51.5,1975.005200023092,-10.444005160080135,-1.8077173090249192,-0.8824007529675593,2034.799988,0,0,0,10.6359633668966,275.3124661998499,79742.0272129273,1.0090294552107517,332.6256466235484
51.6,1970.446795054211,-11.383037870381708,-0.7394365362014569,-1.5039711348302685,2027.100037,0,0,0,11.505748420855394,275.3420958321476,79787.14386714029,1.0094917032062714,332.6435450329153
51.7,1969.1432668279792,-9.420745830695916,-0.2709400978427555,-0.3267215909285157,2027.100037,0,0,0,9.430302621929604,275.3505687656181,79800.04929204201,1.0096239181091375,332.648663111456
51.8,1967.1296660358191,-9.889067964686323,-1.1920767168434705,-0.655589992204523,2023.400086,0,0,0,9.982209692593335,275.36365717076717,79819.98802736569,1.009828180639189,332.65656901257216
51.9,1965.295062850635,-9.314385703298575,-0.37294025942606196,-1.9807598039132486,2023.400086,0,0,0,9.529967201817229,275.37558209147085,79838.15783489186,1.0100143129205061,332.6637719606681
52.0,1962.8832748248653,-9.198555546940488,-0.12093762715783124,-1.2595363758977158,2023.400086,0,0,0,9.285175385636059,275.39125871363836,79862.04914411766,1.0102590442432962,332.67324079229735
52.1,1958.1628459228164,-10.791207275714331,-1.2574936202822755,-1.2476498221262657,2023.400086,0,0,0,10.935633257892853,275.4219415015017,79908.82673483423,1.01073817152744,332.6917727134359
52.2,1957.9786554326997,-10.786749259323752,-1.2801060280132914,-2.749292153987142,2023.400086,0,0,0,11.20496489840342,275.42313873968743,79910.65243966179,1.010756870531804,332.6924958055384
52.3,1955.5161960175644,-11.574201230038955,-1.928924579187631,-4.020730620252482,2012.19989,0,0,0,12.403594594562714,275.4391447258858,79935.0636979674,1.0110068846430769,332.70216273867493
52.4,1955.7588232661058,-11.068808968421587,-1.5941580567143832,-2.893538751580014,2012.19989,0,0,0,11.551295961756532,275.4375676487703,79932.6581774231,1.0109822485378246,332.70121026382117
52.5,1878.751315269999,-10.554045018386503,0.003423135616969283,-0.06548342167680402,2012.19989,0,0,0,10.554248720136403,275.938116450745,80699.09579004308,1.0188245982604287,333.0033796496079
52.6,1876.471199131322,-10.595057216796919,0.753195662196336,-0.2328242906486625,1929.400086,0,0,0,10.624346957957835,275.9529372056464,80721.87961856506,1.019057509658862,333.012322406894
52.7,1874.6704175892453,-10.00921351399732,0.6188018328947447,-0.011200928501325647,1929.400086,0,0,0,10.028329688336925,275.96464228566987,80739.8774259691,1.0192414863342842,333.0193850143594
52.8,1872.473216547496,-11.615579484521643,-0.02615368582600397,-0.5486950423311487,1925.400086,0,0,0,11.628561262082302,275.9789240924413,80761.84162608982,1.0194659975855223,333.02800216352585
52.9,1870.3583104702202,-10.837346006546497,0.0646549020724903,-0.5973401861195273,1925.400086,0,0,0,10.853988392288091,275.99267098194355,80782.98773866579,1.0196821356233725,333.0362963514843
53.0,1869.3688859019576,-11.277345153570932,-0.8773776816962596,-1.0348783720452772,1921.400086,0,0,0,11.358665350913178,275.9991022416373,80792.88214431464,1.0197832643410394,333.04017658211563
53.1,1869.1092551988702,-9.468729950569847,-0.2795490456431958,-0.8849423265483894,1921.400086,0,0,0,9.51410098049497,276.00078984120734,80795.47865584971,1.0198098023696212,333.04119476948495
53.2,1845.928564905973,-11.007182816915039,-0.8951463118920776,-1.5300709677422792,1896.69989,0,0,0,11.149012406980784,276.15146432811116,81027.57630847004,1.0221813358352667,333.1320893722759
53.3,1843.2388062900216,-11.397499034423129,-2.164021058858749,-2.4855849716607903,1896.69989,0,0,0,11.864404916986198,276.1689477591148,81054.5425512127,1.022456788348618,333.1426346716305
53.4,1839.9277975845007,-10.578453901178186,-1.7272432290383197,-2.5491999594302945,1892.499939,0,0,0,11.017507728373515,276.19046931570074,81087.74713035961,1.0227959397460131,333.15561514688693
53.5,1838.5095837245694,-9.198571237572663,-1.1053326432604043,-2.0913525858301285,1892.499939,0,0,0,9.497853899866772,276.19968770579027,81101.97311193864,1.0229412357614796,333.1611749563954
53.6,1836.7273386460263,-10.01888497993885,-0.6730236998917736,-0.6918909717274548,1888.400086,0,0,0,10.065273481561157,276.2112722988008,81119.85352500934,1.0231238491666852,333.1681617422635
53.7,1835.233128780504,-9.413829984913887,-0.46090011551076304,-0.2689461465148587,1888.400086,0,0,0,9.428942460905509,276.2209846629267,81134.84667824153,1.02327696896345,333.17401925493886
53.8,1832.0495864627896,-11.250158631463755,-0.9092539207818978,-2.2020720948463244,1884.19989,0,0,0,11.499649274497747,276.24167768799185,81166.79836102514,1.0236032622942788,333.1864988448261
53.9,1829.9623255427284,-9.097809637565515,1.206180838508404,0.7262959221838082,1884.19989,0,0,0,9.2061130876796,276.25524488397224,81187.75272425075,1.023817236783412,333.19468072212965
54.0,1828.1352704200035,-11.398678977486298,-0.9429300217736112,-1.656605033073596,1879.999939,0,0,0,11.556960659851484,276.26712074227,81206.09843287464,1.0240045644928386,333.2018424509325
54.1,1825.6168096838712,-10.084581118199626,-0.09641233599727839,-0.4278200366800556,1879.999939,0,0,0,10.094112227029468,276.2834907370548,81231.39214160816,1.0242628249068737,333.21171411356505
54.2,1824.001420088048,-10.447346783365509,0.3627787302563409,0.503873090345342,1875.900086,0,0,0,10.465780014418334,276.29399076942764,81247.61937527734,1.0244285043786026,333.2180458356208
54.3,1822.0488320718314,-10.281114582003923,-0.22567988426778657,-0.24864873635653517,1875.900086,0,0,0,10.286596845047857,276.30668259153305,81267.23740560451,1.0246287953558588,333.2256990885598
54.4,1821.062295998695,-9.84733231665197,0.3824195474909307,-0.8021168961787043,1871.799988,0,0,0,9.887344940883613,276.31309507600844,81277.15078323954,1.0247300028379804,333.2295657924061
54.5,1818.0483799164826,-10.869870004162637,-0.37556619571516003,-2.294285540647315,1871.799988,0,0,0,11.115703757152849,276.33268553054285,81307.44270359684,1.0250392440317886,333.2413784843642
54.6,1816.220366785444,-10.261999262815772,-0.24265847726628903,-2.4181367569322525,1867.799988,0,0,0,10.545847399893832,276.3445676158946,81325.81994066549,1.0252268410888943,333.248542964256
54.7,1814.383505685315,-12.391872890109857,-0.47432064548064234,-2.72198674951991,1867.799988,0,0,0,12.696168936491462,276.3565072130454,81344.2895151243,1.0254153726110884,333.2557419665962
54.8,1812.3939566572528,-12.087013820923142,-0.42211893488477725,-4.394089472257103,1863.69989,0,0,0,12.867871222256461,276.3694392817278,81364.29819295644,1.0256196056188227,333.2635392060583
54.9,1810.9358947443516,-10.39915777980102,0.844094619436535,-3.6725658020533447,1863.69989,0,0,0,11.060864244089137,276.3789166841617,81378.96429313831,1.0257692996836976,333.269253379102
55.0,1807.880044181492,-9.961931447320861,1.4453841815624118,-2.4215858914671258,1859.600037,0,0,0,10.353419330017681,276.39877971282027,81409.70889714891,1.026083087289427,333.2812289991608
55.1,1805.3114243753469,-12.486727307212243,-0.19511092891239457,-3.1843427897669994,1859.600037,0,0,0,12.887841794575307,276.4154757415602,81435.55879650716,1.0263469007898969,333.2912948702093
55.2,1805.467019820471,-10.531648837323498,1.4941851181774868,-1.4983279984538465,1855.499939,0,0,0,10.742122843787962,276.4144643711669,81433.99273668116,1.0263309186772522,333.2906851336245
55.3,1803.6225363526232,-9.68494088312202,0.9594807703969321,-0.4104471101646004,1855.499939,0,0,0,9.741003546276547,276.42645351370794,81452.55893304892,1.0265203885458623,333.29791309510745
55.4,1804.4687100911324,-10.130490073714133,0.548384857424178,-0.6197452662607149,1851.400086,0,0,0,10.164233334616304,276.4209533844076,81444.04109439118,1.0264334641808894,333.29459722082487
55.5,1798.8863385385664,-9.640997864471128,-0.06134649972393691,-1.1097104664559005,1851.400086,0,0,0,9.704847270056701,276.4572387994993,81500.24824005408,1.0270070249829764,333.3164720747458
55.6,1797.0456414893554,-10.607908961565663,-1.5549005233014102,-1.0873203559562359,1847.400086,0,0,0,10.776256944352474,276.46920333031915,81518.78852489279,1.0271962011564022,333.3236846405538
55.7,1795.0159649201553,-10.364853305109223,-1.2954385458327011,-1.556299061847104,1847.400086,0,0,0,10.560795984790584,276.48239622801896,81539.2362509801,1.0274048304530194,333.33163752058397
55.8,1794.402872329706,-9.057467379819398,-0.5343831525855802,-0.36047614225182056,1843.299988,0,0,0,9.080375748799854,276.4863813298569,81545.41359327499,1.0274678562651476,333.3340397634625
55.9,1792.1954253462832,-10.58268934075968,-1.2589765975727616,-1.4821025791635494,1843.299988,0,0,0,10.759877499833708,276.50072973524914,81567.65832444264,1.0276948059303068,333.34268892343295
56.0,1789.6908198489173,-11.37886150746384,-1.8500697413482774,-2.3160092802913237,1839.299988,0,0,0,11.75862008231792,276.517009670982,81592.90351074652,1.0279523531767871,333.35250213021885
56.1,1786.4131680171915,-10.445146495697745,-0.566900074347372,-1.367528581052726,1839.299988,0,0,0,10.54953057869771,276.5383144078882,81625.95017920305,1.02828946695207,333.3653437463139
56.2,1784.9626288060363,-11.957574306295509,-2.1088592609176713,-2.743783916767873,1835.299988,0,0,0,12.44826176037646,276.5477429127607,81640.57858654477,1.028438685128596,333.37102670200835
56.3,1782.848853710007,-10.092945442640668,-1.0038431045200906,-0.9710304645506067,1835.299988,0,0,0,10.189119140028687,276.5614824508849,81661.89940005794,1.0286561605910831,333.37930792497775
56.4,1781.0810090782852,-9.336853342075141,-0.9827542214732042,-0.7415812925230739,1831.299988,0,0,0,9.417673757604016,276.5729734409911,81679.7344118017,1.028838072060121,333.3862337240863
56.5,1778.9245625431097,-9.769888252779618,-1.1319597640745303,-1.4863363168460562,1831.299988,0,0,0,9.94692138433095,276.5869903434698,81701.49412840874,1.0290600040407984,333.3946817352224
56.6,1777.4438671760854,-9.09012826510374,-0.4325121996096516,-1.5136888073386268,1827.19989,0,0,0,9.225440503537559,276.5966148633554,81716.43786661397,1.0292124118934678,333.40048232589083
56.7,1774.2140514480075,-9.626846657999492,0.25468103351299703,-0.5262598964033586,1827.19989,0,0,0,9.644583375347517,276.6176086655879,81749.04206899207,1.0295449164766646,333.4131347059378
56.8,1773.5111523627027,-8.832120332740184,1.5391360640051612,-0.9177106421882888,1823.19989,0,0,0,9.01207424616051,276.6221775096424,81756.13905937225,1.0296172897483638,333.41588815741824
56.9,1773.101701907613,-9.98539670676628,0.6918375969974285,-2.2990348922593045,1823.19989,0,0,0,10.269973129855005,276.6248389376005,81760.27340472976,1.029659450181653,333.41749207840536
57.0,1768.694098192989,-10.242488351020794,0.8219351454839241,-1.2829959597889393,1819.19989,0,0,0,10.35520273278187,276.65348836174553,81804.78903632594,1.0301133774513187,333.43475728834073
57.1,1766.6195847187255,-8.900721768822025,0.11455212577086482,-1.156937822551886,1819.19989,0,0,0,8.976328610336857,276.66697269932826,81825.74786498683,1.0303270790006978,333.442883142944
57.2,1764.3175866460138,-9.834323213655253,0.007829304756215516,-0.25959374336219415,1815.19989,0,0,0,9.837751942402509,276.6819356868009,81849.01006186294,1.0305642540847364,333.4518998213306
57.3,1762.8292400209964,-11.482989849147046,-1.1470070442221223,-1.9525574536018275,1815.19989,0,0,0,11.704151470513585,276.6916099398635,81864.05298203198,1.0307176208123263,333.4577293848996
57.4,1761.8265845999072,-9.657469491179889,-0.9867283625053159,-0.4043039336888711,1811.299988,0,0,0,9.7161623856973,276.6981272001006,81874.18821767646,1.0308209493168234,333.46165653325784
57.5,1760.2176655021165,-10.621805151740082,-1.46543689705819,-1.8222743924329081,1811.299988,0,0,0,10.876163567274464,276.70858517423625,81890.45392853009,1.030986772794578,333.46795816685346
57.6,1757.3657253869203,-11.126341700554535,-0.9462189493562839,-2.0109892473757918,1807.299988,0,0,0,11.346139770454123,276.727122784985,81919.29265540128,1.0312807585586952,333.4791280329279
57.7,1755.0406134798166,-10.364730754318943,-1.7005521567208481,-2.215710666920922,1807.299988,0,0,0,10.734472274255499,276.74223601238117,81942.81019712304,1.0315204848873836,333.48823425466696
57.8,1753.2867436838515,-9.418077531500705,-0.3158501415024446,-1.8186692216468434,1807.299988,0,0,0,9.597265414638226,276.75363616605495,81960.5534789911,1.0317013425689223,333.495103061578
57.9,1751.0105339089025,-10.787766735795277,-1.4985072712552445,-2.377886123135107,1807.299988,0,0,0,11.147904628338656,276.76843152959214,81983.58572876213,1.0319360997118303,333.50401733531965
58.0,1747.5992091659007,-10.768505471815578,-2.3717499223358924,-0.9050247389652337,1799.299988,0,0,0,11.063678301937447,276.79060514042163,82018.11366220491,1.0322880035747768,333.5173765904578
58.1,1747.067031053067,-9.610358331883285,0.39913866578546475,-1.6926673763069129,1799.299988,0,0,0,9.766443661258545,276.79406429815504,82023.50119733046,1.032342910036026,333.51946063085967
58.2,1744.1405844075693,-9.450453892874588,0.22353382283078882,-0.3670937654642633,1795.299988,0,0,0,9.460222195273245,276.81308620135076,82053.1323657024,1.0326448805087254,333.53092053321956
58.3,1743.1944814010649,-9.300662789759912,-0.37070177244553837,-0.5626557414414427,1795.299988,0,0,0,9.325037780958096,276.81923587089307,82062.71380220147,1.032742520241585,333.5346253680955
58.4,1741.4643283639969,-9.573429088664904,-1.9067548612222014,-3.076525612281695,1791.299988,0,0,0,10.23480671334418,276.830481865634,82080.23786489201,1.0329210937820297,333.5414003498551
58.5,1740.3011711877712,-11.029801497894566,-1.7815578297200438,-0.6659279433441825,1791.299988,0,0,0,11.192583678906342,276.8380423872795,82092.02074520744,1.0330411595009037,333.54595499597355
58.6,1741.0613130277895,-10.832797762873044,-1.382756345014574,-0.9939265125686341,1787.400086,0,0,0,10.965829307141897,276.8331014653194,82084.32028918999,1.0329626934222922,333.54297846884424
58.7,1736.2226327300377,-10.470755884105056,-2.0510314825366227,-2.3397827450939057,1787.400086,0,0,0,10.92327982893033,276.8645528872547,82133.34750563024,1.0334622468523926,333.5619250885824
58.8,1724.2621130774291,-9.50418980024638,-0.7907922324187858,-1.297747582112725,1787.400086,0,0,0,9.624922072455476,276.9422962649967,82254.63746397146,1.0346978639498576,333.60875378205264
58.9,1723.361061277212,-10.912163777402535,-1.6606388452310634,-1.7377485630309717,1771.600037,0,0,0,11.173755400377374,276.9481531016981,82263.78077579531,1.0347909955464785,333.6122813791174
59.0,1721.758677082107,-10.116620903955454,-1.6247086790412446,-1.4212702834872024,1771.600037,0,0,0,10.344356240231878,276.9585685989663,82280.04280457518,1.0349566318324355,333.6185545842236
59.1,1719.5226601163938,-11.699155621630332,-1.6010644888512853,-2.373802247986232,1767.69989,0,0,0,12.044442156826099,276.9731027092434,82302.7396980683,1.0351877997796968,333.6273082134669
59.2,1717.7280548950907,-10.256337418831095,0.31179483622665116,-0.42895060638762217,1767.69989,0,0,0,10.270037579850076,276.9847676431819,82320.95966856655,1.0353733614727139,333.63433362405243
59.3,1717.3395123831472,-10.23044638561327,0.11538021644013534,-1.8304095608338355,1763.799988,0,0,0,10.393543428669807,276.98729316950954,82324.90482867132,1.0354135400139506,333.635854646995
59.4,1717.1767993418034,-11.616279981692118,-1.8783076113673176,-2.6141311502797127,1763.799988,0,0,0,12.054031763971928,276.98835080427824,82326.55702026068,1.0354303662559214,333.6364916158233
59.5,1715.051459133407,-9.4876391197413,-1.8242461583505978,-1.501041617146428,1759.999939,0,0,0,9.77733583595797,277.00216551563284,82348.14023461816,1.035650168027052,333.6448115223244
59.6,1711.7475026059212,-9.45892793100513,-1.2213137002765921,-1.5248306554440167,1759.999939,0,0,0,9.658573046067112,277.0236412330615,82381.70160839349,1.0359919326676836,333.65774485590833
59.7,1708.7754438648958,-10.140632545164735,-1.1023898046482608,-2.830795818234386,1759.999939,0,0,0,10.58589139666471,277.04295961487816,82411.90104806436,1.036299439172335,333.66937854773414
59.8,1706.118411401918,-10.878617258454955,-1.5745920982221988,-2.17342285729866,1759.999939,0,0,0,11.204794538427112,277.0602303258875,82438.90705726083,1.036574410337785,333.67977877160075
59.9,1704.0735130047958,-9.895243163978698,-1.7773950789002888,-1.0653607062777066,1759.999939,0,0,0,10.109894360241686,277.07352216546883,82459.6962310505,1.036786070936151,333.68778274404497
60.0,1702.5017328567078,-10.26330977813437,-0.7492836974362556,0.6665818780550272,1759.999939,0,0,0,10.312191089256624,277.08373873643137,82475.67839956658,1.0369487831190274,333.6939347456134
60.1,1683.9126975735844,-10.061449988393164,0.2548452263849025,-0.22750063357041306,1759.999939,0,0,0,10.06724781142408,277.2045674657717,82664.88567861657,1.0388746199823966,333.7666842683219
60.2,1681.5800486541045,-10.70878675630502,-1.2267530126781296,-1.7870289025793624,1728.999939,0,0,0,10.925955749717398,277.2197296837483,82688.65319162107,1.0391164771036432,333.7758121374404
60.3,1680.6208708338158,-10.191183507179478,-0.4655158786414068,-1.2825507043039754,1728.999939,0,0,0,10.282113723324835,277.2259643395802,82698.4279227256,1.039215940480119,333.7795654157802
60.4,1679.91809602612,-11.190924144984109,-1.4726393504207809,-1.699866911237108,1725.100037,0,0,0,11.41468341177778,277.2305323758302,82705.5903114597,1.0392888203864483,333.782315358191
60.5,1678.153444555804,-9.375877747951439,-1.3080689473035931,-1.6001014759128798,1725.100037,0,0,0,9.600961027347703,277.24200261038726,82723.5771199328,1.0394718374003746,333.78922030083044
60.6,1675.5059665882927,-8.83743573082237,-1.1313863302786498,-1.507091097489049,1721.19989,0,0,0,9.036129088325822,277.2592112171761,82750.56837760026,1.0397464611000191,333.7995794063356
60.7,1672.7337219691935,-9.927986732670659,-1.4672465203513325,-2.6124077919474766,1721.19989,0,0,0,10.370265540814064,277.2772308072002,82778.8392843983,1.0400340863709496,333.8104263567715
60.8,1670.9015936315327,-10.658619014838857,-1.4965085422540227,-2.759795331098166,1721.19989,0,0,0,11.111353085474107,277.289139641395,82797.52732775328,1.040224206323335,333.81759472455525
60.9,1602.413274471962,-9.512701096193272,1.1973458475399203,0.7322266217704111,1648.19989,0,0,0,9.615678605785817,277.7343137159322,83498.57554470636,1.0473503347443125,334.08545112444165
61.0,1601.215077004437,-9.755842617984191,1.4562377820163392,0.9222119999805839,1648.19989,0,0,0,9.906945474643368,277.7421019994711,83510.88296308838,1.0474753372543881,334.0901353385452
61.1,1599.0862853499323,-9.609547969141968,0.2654171902665129,-1.2259174735950225,1648.19989,0,0,0,9.69106454978993,277.7559391452254,83532.75270625917,1.0476974525900098,334.09845744075466
61.2,1593.0597702185978,-9.271123137089981,0.1707151243724654,-1.1598375841155764,1648.19989,0,0,0,9.344950031878273,277.7951114935791,83594.69013205373,1.0483264466873763,334.1220158204554
61.3,1591.2460556841393,-9.606680103568461,0.4405514285239027,-1.290315527665415,1635.900086,0,0,0,9.702953278997434,277.8069006380531,83613.33783622751,1.0485158026367953,334.12910552571503
61.4,1590.002400185449,-10.683022090300543,-1.5668493229207323,-1.7087640064585448,1635.900086,0,0,0,10.931690272430645,277.81498439879454,83626.12642557571,1.0486456582395394,334.1339668162211
61.5,1589.3675921865472,-9.28880171504089,0.5336632070585607,-0.9954059922541176,1631.999939,0,0,0,9.357214692916372,277.8191106507874,83632.65480752413,1.048711946109198,334.1364481723476
61.6,1596.0503784477444,-9.586040382272023,-0.02443597618697544,-1.215534951960617,1631.999939,0,0,0,9.662830462494934,277.77567254008966,83563.9495509708,1.0480142774763384,334.11032537724094
61.7,1567.9428562576095,-9.065948937916511,-0.42720013501035903,-4.4713584854531865,1611.499939,0,0,0,10.117656685502656,277.9583714343255,83853.22947020837,1.0509510386402876,334.22018300562337
61.8,1567.426822857057,-10.290411178695601,-0.2292342681941586,-1.4679115662721511,1611.499939,0,0,0,10.397108970417376,277.9617256514291,83858.54800646275,1.0510050141986256,334.2221995731879
61.9,1536.4823705300535,-10.160769048415224,0.24412031277594387,-0.6368991767537939,1611.499939,0,0,0,10.183637019439189,278.16286459155464,84177.97897550129,1.0542455905069557,334.3431028051993
62.0,1534.2470457689976,-10.613099868058683,-0.018717489722550107,-1.4230986489309694,1611.499939,0,0,0,10.708102022225876,278.1773942025015,84201.09171213956,1.0544799746767037,334.3518347611678
62.1,1533.6835057617527,-8.854525030500652,1.1303624866772186,-1.586524422357098,1611.499939,0,0,0,9.06627777038544,278.1810572125486,84206.91939533601,1.0545390707519604,334.35403610844435
62.2,1486.309796527532,-11.314936651091093,-0.6393429860047877,-2.7368912449725804,1527.600037,0,0,0,11.658778862246491,278.488986322571,84697.98979472683,1.059516019351259,334.5390394758908
62.3,1485.7956206776303,-9.917687568917694,0.8497814911657504,-0.47584932286816006,1527.600037,0,0,0,9.96539451679995,278.4923284655954,84703.33237392039,1.059570135606498,334.5410468693921
62.4,1484.569021575943,-9.305335909387608,-0.047248457442459715,-2.606634676127759,1523.600037,0,0,0,9.663645954714031,278.50030135975635,84716.07853740756,1.0596992419049795,334.54583558526815
62.5,1481.6168760072671,-9.639380836763001,-0.47480941232722784,-1.4936420051417105,1523.600037,0,0,0,9.76596504876564,278.51949030595273,84746.76202656272,1.0600100207945342,334.55736065621574
62.6,1479.9036512079617,-10.506712341544414,-1.8121820455525008,-2.0927301578789237,1519.69989,0,0,0,10.865290033307003,278.53062626714825,84764.5727659661,1.060190407727169,334.5640488426377
62.7,1477.905250063253,-11.385251540562253,0.11229885697108286,-1.119815920305705,1519.69989,0,0,0,11.440740857589699,278.54361587458885,84785.35203736492,1.0604008507982925,334.57185014809755
62.8,1476.5982869647098,-9.37190106712776,0.8115029398472204,-1.0489739693959819,1515.799988,0,0,0,9.46527405952313,278.5521111347294,84798.94400258959,1.0605384987715691,334.57695213764157
62.9,1474.2537043050588,-10.622617534540051,1.078371261629909,-0.9839034055174604,1515.799988,0,0,0,10.722450921986816,278.5673509220171,84823.33127472192,1.0607854619967267,334.5861044858722
63.0,1471.9993555453793,-11.002502123717385,-0.21206419304969826,-2.458089668686837,1511.799988,0,0,0,11.275736296299428,278.582004188955,84846.78533043303,1.061022962051401,334.5949043596082
63.1,1470.1829144449764,-9.577281579771672,1.324719332957426,-0.5784140164663252,1511.799988,0,0,0,9.685750695934189,278.59381105610765,84865.68725154879,1.0612143572695085,334.60199468789483
63.2,1470.5907239349986,-10.492031298033579,0.9251281290057034,-1.2930066000885556,1511.799988,0,0,0,10.611807050727334,278.5911602944225,84861.44328133433,1.0611713847984943,334.6004028502051
63.3,1470.1945844689674,-9.169311907661939,0.7614347551075749,-1.171229968233657,1511.799988,0,0,0,9.275119588704253,278.5937352009517,84865.56580217222,1.0612131275352188,334.60194913539647
63.4,1453.2559142173188,-10.179488892832637,-0.04366321740975265,-2.8245347790084363,1511.799988,0,0,0,10.564179916760498,278.7038365575874,85041.9939355359,1.0629991958419327,334.66806061737896
63.5,1451.006314775615,-10.631402150332905,-0.21010647326710513,-3.276448040618816,1492.19989,0,0,0,11.126813028674775,278.7184589539585,85065.44741565218,1.063236573779589,334.67683980196074
63.6,1449.5962849838663,-10.423570823939464,-1.2270070727077431,-2.2007222755457923,1492.19989,0,0,0,10.723784481806799,278.72762414760484,85080.15052750825,1.0633853809254223,334.6823424027595
63.7,1447.7358399206494,-9.985359640036652,-0.8568821318976414,-2.307200986035811,1488.400086,0,0,0,10.284202959821581,278.73971704051576,85099.5535017557,1.063581746915402,334.68960259779817
63.8,1446.8017404874618,-10.628097965724525,-1.4856750791764353,-2.643141090504254,1488.400086,0,0,0,11.052144209800908,278.7457886868315,85109.2967729334,1.0636803495691751,334.69324776513935
63.9,1446.1333627622223,-9.50867207428415,-0.4195697392461549,-2.239030837738464,1484.499939,0,0,0,9.777737083533495,278.7501331420455,85116.26894639447,1.0637509071826032,334.6958559734402
64.0,1443.424554055526,-9.79947281688603,-1.102481569043179,-1.379748405042324,1484.499939,0,0,0,9.957350991111289,278.76774039863903,85144.53058448368,1.0640369005288066,334.7064263410565
64.1,1440.4597956567973,-9.439201895946919,-0.3386151343507885,-1.249165997798007,1480.69989,0,0,0,9.527518477112181,278.7870113282308,85175.47131474348,1.0643499842101072,334.7179950980767
64.2,1438.6125725297538,-10.19324012027597,-1.7603906544995236,-3.1188341085029183,1480.69989,0,0,0,10.804084672123508,278.79901827855656,85194.7538570693,1.0645450898408093,334.72520292861657
64.3,1436.946738263029,-10.21373564273475,0.25595868624937645,-1.6250261242591626,1476.799988,0,0,0,10.345367104808872,278.80984620129027,85212.14597295811,1.064721060453101,334.7317028500774
64.4,1437.3376629604927,-9.608015612830341,0.26530890892826375,-1.248174283573209,1476.799988,0,0,0,9.692383188654986,278.8073051907568,85208.0642717846,1.064679763075295,334.7301775116929
64.5,1432.72705283943,-8.500857329877514,1.0131687446554352,-0.8489487940174228,1476.799988,0,0,0,8.60301111837841,278.8372741565437,85256.2143960914,1.0651669070332606,334.74816708279405
64.6,1431.9984405446835,-8.584824371779478,1.5280324608024038,-0.841040426536866,1476.799988,0,0,0,8.760219272063575,278.8420101364595,85263.8255505026,1.0652439057370773,334.7510098768023
64.7,1418.4903992398429,-8.885788071992122,1.0285522594898475,-2.2551730715497085,1476.799988,0,0,0,9.225017885809333,278.929812404941,85405.03153989918,1.066672187627377,334.8037092255306
64.8,1417.2762673708944,-9.079063064281394,0.9944185962269967,-1.7142651523011854,1457.499939,0,0,0,9.292844531257098,278.93770426208914,85417.73270769385,1.0668006364042835,334.80844555029637
64.9,1415.5817472546983,-9.391858647129142,0.9047489846947626,-0.7588520621259315,1457.499939,0,0,0,9.46580350657848,278.9487186428444,85435.46182701446,1.0669799275178042,334.81505575615904
65.0,1412.4024044151815,-8.508918628081215,1.1552252894681523,-1.0768548077599096,1453.499939,0,0,0,8.654239306012396,278.9693843713013,85468.73412163933,1.0673163846144755,334.82745780072287
65.1,1411.51380856978,-9.470407461794265,0.9845211745797207,0.6941292836203092,1453.499939,0,0,0,9.546712255954066,278.97516024429643,85478.03528483788,1.0674104356589658,334.83092397115206
65.2,1409.8040875931551,-9.26382749632556,0.20344056907657487,-0.3543743792489932,1449.600037,0,0,0,9.272835011337783,278.9862734306445,85495.93368340652,1.0675914143268515,334.837593026191
65.3,1408.5426407313716,-9.825236769048416,-0.7016811553635369,-2.17660949924033,1449.600037,0,0,0,10.087877027592898,278.9944728352461,85509.14122143801,1.067724956995423,334.8425134272832
65.4,1408.9998824068696,-9.872372919799927,-0.5683477636772807,-2.793045014600272,1445.69989,0,0,0,10.275595685976523,278.99150076435535,85504.3536415689,1.0676765497751832,334.8407299182277
65.5,1408.1132923172788,-10.063083116382025,-0.7147608937317569,-3.877899754644847,1445.69989,0,0,0,10.808081765488996,278.99726359993764,85513.63694063177,1.0677704127429002,334.8441881277125
65.6,1406.1581225040782,-11.47627374710821,0.21569156407927792,-3.2361985593910947,1441.799988,0,0,0,11.925785638069515,279.00997220372346,85534.11199851554,1.067977428165459,334.85181428433435
65.7,1402.4895233369537,-10.078724769710885,-0.04954018600538829,-2.5367385916201854,1441.799988,0,0,0,10.39317997033768,279.0338180983098,85572.54125637088,1.0683659461353723,334.8661232181717
65.8,1402.3093891497756,-8.429549548343036,1.0360778783816942,-0.768617528528001,1437.900086,0,0,0,8.52769229412053,279.03498897052646,85574.42855547732,1.0683850257843208,334.86682579435285
65.9,1396.4454146766575,-10.363439617248565,0.755945063278489,0.2063332847068026,1437.900086,0,0,0,10.393022037089601,279.0731048046017,85635.8849077315,1.069006274995294,334.8896962102974
66.0,1394.5621661484618,-9.495885836605746,-0.11311033428106386,-1.3649126965670695,1433.999939,0,0,0,9.594145529374712,279.08534592003497,85655.62954246237,1.0692058513073686,334.89704084223325
66.1,1392.7823942587331,-10.492746805424593,-0.018950897214927376,-3.4035751113166763,1433.999939,0,0,0,11.030975396474583,279.0969144373182,85674.29267986845,1.0693944879322455,334.9039817692902
66.2,1390.6332415223155,-10.092267501383347,0.21418391832129224,-2.888251556079433,1430.100037,0,0,0,10.499606426982927,279.11088393010493,85696.83362670394,1.0696223088772412,334.9123630518755
66.3,1367.961544797723,-9.079174035077646,0.5874308353501903,-0.8251534843643639,1406.600037,0,0,0,9.135499680822445,279.25824995881476,85934.91372899208,1.0720278847471536,335.000765537855
66.4,1366.0049404527165,-8.660480212500648,0.27932460296973705,-0.8953680528191623,1406.600037,0,0,0,8.711120691102186,279.27096788705734,85955.48550843146,1.0722356837007394,335.00839372286146
66.5,1364.2730351024754,-9.934656818036947,-0.47149034316315447,-1.866027704215564,1402.700012,0,0,0,10.119375901149445,279.2822252718339,85973.69812476053,1.0724196444601113,335.0151457322369
66.6,1362.279362522125,-9.253703926070495,0.0470399650276746,-1.3770287802174899,1402.700012,0,0,0,9.355717897159446,279.29518414360615,85994.66733886568,1.0726314396927952,335.0229180993309
66.7,1360.2705802985304,-8.766213709484948,-0.2718405429950749,-0.8403195934024424,1398.700012,0,0,0,8.810592324028717,279.30824122805956,86015.7996627968,1.0728448724420026,335.0307491892652
66.8,1359.2728506012402,-9.808909378914114,-0.5360562353863519,-1.1135587594733907,1398.700012,0,0,0,9.886459052767364,279.31472647109194,86026.29730974522,1.072950893117995,335.03463869716177
66.9,1356.5484473652946,-8.962213006205097,0.5616568654563325,-0.5490511264653977,1394.799988,0,0,0,8.996564763429369,279.33243509212554,86054.96749511505,1.073240434269983,335.045259167284
67.0,1354.918253822919,-9.931139555665238,-0.41137127350462066,-1.8821980278805996,1394.799988,0,0,0,10.116295202045123,279.343031350151,86072.12649328122,1.073413714781545,335.051613947292
67.1,1353.5719436670502,-10.221363907299517,-1.4620286445421715,-2.283985374934146,1390.899964,0,0,0,10.574989223437543,279.3517823661642,86086.2994965986,1.0735568362036216,335.05686200925715
67.2,1350.7657268769285,-10.64480503506133,-0.5286669456751902,-2.9469587939962136,1390.899964,0,0,0,11.057844686349515,279.37002277529996,86115.84744146104,1.0738552020116745,335.067800680265
67.3,1349.1407287512122,-10.343035197201122,-0.7945558450488155,-2.4138598150666133,1386.899964,0,0,0,10.650653279880812,279.3805852631171,86132.96154701796,1.0740280059322096,335.07413478167615
67.4,1347.0512264184313,-10.883145009969247,-0.1796606024501698,-0.5168105117881425,1386.899964,0,0,0,10.896890214422921,279.39416702828015,86154.9717510855,1.0742502369565963,335.0822793041359
67.5,1344.9976563771293,-8.742064339310852,1.1099319772566258,-0.40683249054459714,1386.899964,0,0,0,8.821629701033139,279.4075152335486,86176.6078922421,1.0744686806420258,335.0902835757942
67.6,1343.1014273579394,-10.508070924368383,0.5588135147395272,-1.4345545951140688,1386.899964,0,0,0,10.62025300932961,279.4198407221734,86196.59021606696,1.074670417721239,335.0976744040755
67.7,1342.7603103923002,-9.834735452122956,0.038589079910923973,-1.1500489440117785,1379.100037,0,0,0,9.901824231117976,279.42205798245004,86200.18528004181,1.074706711739853,335.099003939742
67.8,1341.3241188823833,-9.855618246663184,0.25231669249209493,-0.8354224576161611,1379.100037,0,0,0,9.89418038141411,279.4313932272645,86215.32276997351,1.0748595293219447,335.1046015742559
67.9,1330.8233889905737,-9.032103036863228,0.8510652830513875,-1.7805087579521606,1379.100037,0,0,0,9.245183006391686,279.4996479715613,86326.06610911617,1.0759773619235578,335.14552589931935
68.0,1329.7152689964614,-8.78186845552169,1.329347738382789,-1.23414005952805,1367.200012,0,0,0,8.96724487600078,279.50685075152296,86337.75933708408,1.0760953763102616,335.1498442659858
68.1,1327.2353545169522,-8.673140492520888,1.1132305328048222,-1.1803732754119423,1367.200012,0,0,0,8.823600698778312,279.5229701956398,86363.93281545426,1.0763595222022322,335.15950834270205
68.2,1326.100069011092,-8.775567686227976,0.8368963195162267,-1.799599615941453,1363.200012,0,0,0,8.997196365695542,279.5303495514279,86375.91697339054,1.0764804626819886,335.1639323886631
68.3,1324.3889973941868,-8.884045901266939,-0.3724460903159834,-1.6422954112641337,1363.200012,0,0,0,9.042240976874526,279.54147151693775,86393.98171631985,1.0766627605445154,335.17060008078244
68.4,1321.71583857893,-9.090336573634806,-0.08080489694485726,-1.0922546444817964,1359.299988,0,0,0,9.156078235889256,279.55884704923693,86422.20987646205,1.0769476066109276,335.1810165622105
68.5,1319.786766191875,-9.238430457851903,-0.972105157131674,-2.3026578645921885,1359.299988,0,0,0,9.570570463794516,279.57138601975277,86442.58523346274,1.0771532002362605,335.18853336556435
68.6,1317.2424026742615,-9.504771986198746,-0.9185234103263491,-1.8610666108447895,1355.299988,0,0,0,9.728717525704367,279.5879243826173,86469.46540163571,1.077424415304497,335.19844744813844
68.7,1316.5417889298064,-10.65214476561556,-1.118431105045868,-1.9453097298919737,1355.299988,0,0,0,10.885922385796139,279.59247837195625,86476.86828989822,1.0774991060244583,335.2011773298806
68.8,1315.2544706113588,-10.788392759118956,-0.6779968866082347,-1.765736026441216,1351.299988,0,0,0,10.952941240522255,279.60084594102614,86490.47180683023,1.077636354211778,335.2061931980377
68.9,1316.1859212435668,-10.507990705356995,-1.4402165847578745,-2.283501528561195,1351.299988,0,0,0,10.84926134378843,279.5947915119168,86480.62868773866,1.0775370457262203,335.20256392947533
69.0,1312.2393356354592,-10.065934579305685,-0.9325351674647938,-1.6117568990903646,1347.299988,0,0,0,10.23671925448705,279.6204443183695,86522.34051407642,1.0779578669194518,335.2179409850003
69.1,1308.8926776497979,-9.248404087603149,-0.10844215393352696,-0.30285706450509586,1347.299988,0,0,0,9.253996988861894,279.6421975952763,86557.72441331252,1.0783148168263186,335.23097999381514
69.2,1305.896785765499,-9.780180813634871,-1.1356897928257765,-0.9027200233542536,1343.299988,0,0,0,9.887195329995508,279.6616708925242,86589.40963430148,1.0786344312063136,335.2426519427066
69.3,1303.928297225447,-10.289027715432615,-1.738052731380642,-1.6888337703988885,1343.299988,0,0,0,10.570576054787171,279.6744660680346,86610.23392071822,1.0788444773166153,335.2503209226817
69.4,1301.8360297059712,-8.713975069343709,0.31606451683179576,-1.0628868374094083,1339.399964,0,0,0,8.78424650821469,279.68806580691114,86632.37208830679,1.0790677654751746,335.25847193743425
69.5,1302.017341473128,-10.023020328549297,0.3277281669307116,-1.8297031643483814,1339.399964,0,0,0,10.193927404466773,279.6868872804246,86630.45345715572,1.0790484143657286,335.2577655944516
69.6,1294.2635447045684,-8.598161723471375,1.3867257926789724,-0.4942590065267649,1339.399964,0,0,0,8.723284095601965,279.73728695942026,86712.5344414045,1.079876201583946,335.28797101951363
69.7,1293.150818282586,-10.800570717531023,-0.1643522255457346,-2.9550675853004287,1339.399964,0,0,0,11.19873938941896,279.7445196811632,86724.3188269057,1.0799950349410739,335.29230549517393
69.8,1290.3040963511748,-9.909135687432661,-0.03581116567405651,-2.209648817965419,1327.399964,0,0,0,10.15257604799267,279.7630233737173,86754.47308242318,1.0802990954780953,335.30339426137004
69.9,1288.3507368076653,-9.81777083447709,0.1818823742833978,-2.000158447761846,1327.399964,0,0,0,10.021094709288851,279.77572021075014,86775.16919696376,1.0805077731821073,335.31100292280024
70.0,1287.2640476527333,-9.045887215837173,0.40579483350600964,-0.9821799954423931,1323.399964,0,0,0,9.108096536159122,279.7827836902572,86786.68454944997,1.0806238777027988,335.31523568368266
70.1,1284.6690076682237,-8.703769280684208,0.4501380313944916,0.19748066561094885,1323.399964,0,0,0,8.717638588056971,279.79965145015655,86814.188495395,1.080901176716915,335.3253434029024
70.2,1285.9656611552919,-10.035938519646454,-0.5694907787206566,-0.47269348515927756,1319.399964,0,0,0,10.063191384848215,279.7912232024906,86800.44482410591,1.0807626129983945,335.32029295642826
70.3,1280.8199428036592,-10.008355472378458,-0.4565948531466208,-0.9963628438375717,1319.399964,0,0,0,10.068187375987193,279.82467037177616,86854.99642219415,1.0813125777173596,335.34033500655073
70.4,1279.0538629438927,-9.404559903269806,-0.32858262216455103,-1.7411669408515773,1315.399964,0,0,0,9.570024860453245,279.8361498908647,86873.72566332667,1.0815013823604358,335.3472134320513
70.5,1277.4234322389675,-10.181898685664983,-0.22654255576244847,-1.7539711266729987,1315.399964,0,0,0,10.334350346679768,279.8467476904467,86891.01925097904,1.0816757076748158,335.35356341383914
70.6,1275.881342188705,-7.511324078884927,1.0175023662518332,0.031482413406834775,1311.499939,0,0,0,7.579992851297321,279.8567712757734,86907.37839549224,1.08184060740512,335.35956922770976
70.7,1274.448343445125,-9.350980492048127,0.2417959266318018,-0.6900831615295648,1311.499939,0,0,0,9.379526438079216,279.86608576760665,86922.58248869081,1.0819938589547682,335.3651500788776
70.8,1271.7426004552233,-9.83786337816581,-1.0703249446270557,-1.8332189158812666,1307.700012,0,0,0,10.064285515032442,279.883673097041,86951.29625025448,1.082283268978008,335.37568741265056
70.9,1269.1664781666311,-10.284900053598072,-0.9989218551100438,-2.2802555923410575,1307.700012,0,0,0,10.58189867422292,279.9004178919169,86978.64159394185,1.0825588696219945,335.3857196396779
71.0,1267.982051882576,-10.209818430520995,-0.1281336105339974,-1.4135689372658256,1303.700012,0,0,0,10.308006002460298,279.90811666276323,86991.216526199,1.0826856008178185,335.39033206588505
71.1,1265.8707447476477,-9.263409678973794,-0.02336917541551567,-2.3120510891781483,1303.700012,0,0,0,9.547611493867711,279.9218401591403,87013.63570818484,1.0829115345216596,335.39855382030754
71.2,1264.2513792723576,-9.683595341895034,0.1716822314766997,-1.8430141030910445,1299.700012,0,0,0,9.85891446957364,279.9323660347296,87030.83431556833,1.0830848493537735,335.4048597417408
71.3,1262.0757672003285,-10.548605201101168,-0.17488785250488198,-2.0796618282757064,1299.700012,0,0,0,10.753076339803389,279.94650751319784,87053.94491993095,1.0833177306535626,335.4133315393543
71.4,1260.2556657937882,-9.344061005686656,0.6588734680983056,-0.5338661350499367,1295.700012,0,0,0,9.38246254322984,279.95833817234035,87073.28290264803,1.0835125869013849,335.4204188199019
71.5,1258.2287072983959,-10.33907152940016,-1.1072341853204875,-2.1638013238613873,1295.700012,0,0,0,10.620941756753004,279.9715134025604,87094.82276803655,1.0837296203928046,335.4283114036246
71.6,1256.6111321009068,-8.414830340477263,0.05575365972279955,-0.6267493276795002,1291.700012,0,0,0,8.43832286946499,279.9820276413441,87112.01533818882,1.0839028436511948,335.4346097948555
71.7,1254.8760372080667,-9.109116023555995,-1.0372056426550833,-1.0224399510724693,1291.700012,0,0,0,9.224812937361342,279.9933057581475,87130.46003367154,1.084088675430995,335.4413656438734
71.8,1251.9558055051564,-9.819343316749178,-0.9550075906765743,-1.0025859232561996,1287.600037,0,0,0,9.916487341995053,280.01228726421647,87161.5103083544,1.084401492523713,335.4527356914394
71.9,1251.9946188407102,-10.691447393992776,-1.5104696588200088,-2.535864774490751,1287.600037,0,0,0,11.09140099911791,280.01203497753534,87161.09755471005,1.0843973343615585,335.4525845725773
72.0,1249.20982332283,-10.295042526469404,-0.9967595882497001,-1.300276542389597,1283.600037,0,0,0,10.424593487770633,280.0301361484016,87190.71599400291,1.0846957068890146,335.4634269394477
72.1,1246.6221539437518,-9.276691796956717,-0.7076698552701287,-2.322051930833795,1283.600037,0,0,0,9.589042313457119,280.0469559993656,87218.24514975902,1.0849730149388817,335.47350149820335
72.2,1244.0526217571503,-10.070633694710274,-0.8912965745817771,-1.5705183072348756,1279.499939,0,0,0,10.231256049491432,280.0636579585785,87245.58831528202,1.085248432978403,335.4835051441635
72.3,1242.2912938784054,-9.61715275538182,-1.3434446176042676,-1.9012595659298357,1279.499939,0,0,0,9.894910737240519,280.0751065897903,87264.33514484025,1.085437253675025,335.49036213465064
72.4,1240.2551304445633,-8.696665052554303,0.011810621846685798,-0.6444422587176637,1275.399964,0,0,0,8.720517665364188,280.08834165211033,87286.01127271522,1.0856555690545784,335.49828890731106
72.5,1239.113360840095,-8.780274686507306,0.6599229465530123,-0.760864532640149,1275.399964,0,0,0,8.83785249384362,280.0957631545394,87298.16797287007,1.0857780031332036,335.50273372793066
72.6,1236.0130649568025,-9.32870834409998,-0.023042558547678837,-0.2740592866813465,1271.299988,0,0,0,9.332761586015218,280.11591507778076,87331.18449688287,1.086110506911166,335.5148026426073
72.7,1233.8885517239034,-9.107588893173006,1.545035930099828,0.5754222972395715,1271.299988,0,0,0,9.255615716553287,280.12972441379463,87353.81528566086,1.0863384039068056,335.52307275382964
72.8,1231.6194980723456,-10.796095389723021,0.916377816564637,-1.1967564389390866,1267.200012,0,0,0,10.900809600246792,280.14447326252974,87377.99099528225,1.0865818461840906,335.5319052936886
72.9,1229.5455341919378,-10.980902431671257,-0.044448245432909705,-1.58992376473033,1267.200012,0,0,0,11.095496899105514,280.1579540277524,87400.0928530896,1.0868043941711278,335.5399782218698
73.0,1227.2185698451092,-9.865070948753258,0.7875538642442993,-1.0942512594377765,1263.100037,0,0,0,9.956769141232652,280.1730792960068,87424.89627978884,1.087054132040496,335.5490357260564
73.1,1226.1819971139837,-10.47537839274247,0.6710767160162885,-2.398546118414953,1263.100037,0,0,0,10.767400796481873,280.1798170187591,87435.9470831533,1.0871653947480424,335.55307041558825
73.2,1224.8579255131745,-8.563050322590328,0.6933965019802212,-1.3836438475020154,1258.999939,0,0,0,8.70178716315809,280.18842348416433,87450.06452978127,1.0873075294212282,335.55822407680773
73.3,1223.0211626127073,-8.777097275273277,-0.070262229274416,-0.9808131029969092,1258.999939,0,0,0,8.83200813538363,280.20036244301735,87469.65142269386,1.0875047233350548,335.56537314653815
73.4,1220.1406612781918,-11.071782041900692,-3.0031529270517816,-2.8325271724947507,1254.799988,0,0,0,11.81636556939296,280.2190857016917,87500.37569898223,1.0878140275635106,335.5765843603198
73.5,1220.6094810288957,-8.973833344329105,-1.1430959036811232,-2.2423194700722426,1254.799988,0,0,0,9.32010459934171,280.21603837331213,87495.37453401985,1.087763681765629,335.5747596901217
73.6,1215.9602114733839,-8.752202615003918,-1.0264656284234506,-2.1191266627105634,1250.700012,0,0,0,9.0634088572141,280.24625862542297,87544.98115258836,1.0882630381590568,335.59285444389116
73.7,1215.0175278592928,-9.90176634524924,-2.272826661477897,-2.7781413735219616,1250.700012,0,0,0,10.532273604512453,280.2523860689146,87555.04214263009,1.0883643087971249,335.59652320832333
73.8,1212.3675555063683,-9.72525625100384,-2.5770217977581567,-2.299754951483737,1246.499939,0,0,0,10.320393564718543,280.2696108892086,87583.32954778145,1.088649028711081,335.60683623556633
73.9,1209.6921137756651,-10.469803578834602,-1.7810154904703581,-1.56609267966098,1246.499939,0,0,0,10.735057030028342,280.28700126045817,87611.8963353371,1.0889365429243352,335.61724806174715
74.0,1208.0651321028424,-9.001668364644901,-1.786167992782848,-2.050309774849255,1242.299988,0,0,0,9.403414253255736,280.2975766413315,87629.27197405345,1.0891114136152524,335.623579512602
74.1,1206.3359761161244,-10.418314840707282,-1.790230147075623,-1.9657777950592576,1242.299988,0,0,0,10.752231881760551,280.30881615524515,87647.74186006663,1.0892972897201778,335.6303084471192
74.2,1203.9956751776358,-9.62668892823841,-1.3185275118139714,-1.0724326781344353,1238.100037,0,0,0,9.775569874416986,280.32402811134534,87672.74467800568,1.0895488996723646,335.6394154105062
74.3,1200.9889590638033,-11.51610794859413,-2.020128833750854,-2.128410552842843,1238.100037,0,0,0,11.884098378508874,280.34357176608523,87704.87567919154,1.0898722223687585,335.65111527542507
74.4,1199.4310102617105,-9.28520823894819,-0.5176698167122378,-0.048449001441913886,1233.799988,0,0,0,9.299753834672558,280.35369843329886,87721.52830885931,1.090039782918363,335.6571774733706
74.5,1199.5207243689445,-9.782926689097218,-0.15569698663276454,0.3824303746285307,1233.799988,0,0,0,9.791636694002474,280.35311529160185,87720.56930171713,1.0900301334496592,335.6568283861302
74.6,1200.9889657252836,-9.136265081564664,-0.6820874013493448,-2.157015745226138,1229.499939,0,0,0,9.412188894664766,280.3435717227856,87704.87560799366,1.0898722216523447,335.6511152495041
74.7,1199.5729240791704,-8.511180780946084,-0.20465999292377318,-1.7534167885484713,1229.499939,0,0,0,8.69232733121649,280.35277599348535,87720.01131205443,1.0900245189840223,335.65662527127625
74.8,1197.7254110214592,-10.368353507064539,-0.729639383179586,-4.207779635065985,1225.299988,0,0,0,11.213408827569797,280.3647848283605,87739.76208268736,1.0902232461694115,335.6638140743998
74.9,1193.1871455174364,-9.50785260858815,0.5623477755929617,-1.2357850992127268,1225.299988,0,0,0,9.604304298531314,280.3942835541366,87788.29353078968,1.0907115209992437,335.68147213079976
75.0,1191.0978675768968,-10.02353259778483,0.031902105088942645,-2.3617802627412043,1220.999939,0,0,0,10.298069211878415,280.4078638607501,87810.64322342814,1.0909363639523482,335.6896010449529
75.1,1190.3203768210562,-8.634883029982236,1.39594218109786,-0.9435993220486545,1220.999939,0,0,0,8.797740573295744,280.4129175506631,87818.96147371737,1.0910200446475522,335.69262603769687
75.2,1187.3059953675759,-9.962428322420001,0.6655870193344273,-1.9052836248814822,1216.799988,0,0,0,10.164796596632133,280.43251103011073,87851.21789549022,1.0913445264892294,335.7043538705904
75.3,1184.0479278639214,-10.800496871288843,0.15236363698929917,-1.8328013226334368,1216.799988,0,0,0,10.955962213920033,280.4536884688845,87886.09275113583,1.0916953228324975,335.7170293342156
75.4,1179.11883254737,-10.51273301281242,-1.5417561950224266,-2.7509021181554107,1212.499939,0,0,0,10.975519578919172,280.48572758844205,87938.8758542413,1.0922262028187806,335.73620499726746
75.5,1176.372238349501,-10.547880614444352,-1.1011204595553028,-2.4464388596259585,1212.499939,0,0,0,10.883717876576469,280.50358045072824,87968.29882959432,1.0925221058386705,335.74688959949304
75.6,1174.296297722286,-11.025510826348071,-1.9675804926021594,-4.421966257219945,1208.299988,0,0,0,12.04105674584996,280.5170740648051,87990.54269681446,1.092745797006688,335.75496504805886
75.7,1171.321021515671,-9.424579653910483,-0.6193066869756396,-2.3485330147628294,1208.299988,0,0,0,9.73251507817312,280.5364133601481,88022.43095685773,1.093066456387935,335.76653859049554
75.8,1172.296497812598,-10.326730432529201,-0.9423142925546436,-2.495992982633473,1203.999939,0,0,0,10.665800421038876,280.53007276421806,88011.9750170148,1.0929613168311618,335.76274412411556
75.9,1167.4528117937955,-9.651844844336205,-0.29696008855440353,-1.4634495745894212,1203.999939,0,0,0,9.766676960496829,280.5615567233403,88063.9034442713,1.0934834590040285,335.781584963215
76.0,1166.0047476994237,-10.289177165246874,-0.5864783877700274,-1.787421152451932,1199.700012,0,0,0,10.459732215185609,280.5709691399537,88079.43273722735,1.093639595214162,335.78721739856803
76.1,1163.060168692544,-10.75249178132538,-0.2852583949444444,-2.3147204210948025,1199.700012,0,0,0,11.00251709779128,280.59010890349845,88111.0177572477,1.0939571444040366,335.7986704337123
76.2,1161.4246331407835,-9.43175258597478,0.6253227442735958,-0.8430430674991909,1195.399964,0,0,0,9.489979293507771,280.60073988458487,88128.56528702423,1.0941335542421486,335.80503173332306
76.3,1159.325426706579,-10.353916615739053,-0.4461388163610875,-1.686456752088955,1195.399964,0,0,0,10.49984597533734,280.6143847264072,88151.09165120097,1.0943600077894091,335.8131962713813
76.4,1156.934918433607,-9.408015267009688,1.3053129427755072,0.35702753462939874,1190.999939,0,0,0,9.504844123043164,280.62992303018154,88176.74962242435,1.0946179294154146,335.8224935410656
76.5,1154.9019417248771,-9.467104999037815,0.6736425698116726,-0.6011286445630817,1190.999939,0,0,0,9.510059254388667,280.64313737878825,88198.57486871716,1.094837312101354,335.83040008077535
76.6,1152.0237528020227,-10.549696941269982,0.06355269862655827,-0.8748889103360131,1186.700012,0,0,0,10.586102923341189,280.6618456067868,88229.48146430416,1.0951479608905714,335.84159345441327
76.7,1150.2920569697258,-9.056289524858938,-0.016406149775172074,0.03773471490845992,1186.700012,0,0,0,9.056382999218254,280.67310162969676,88248.08100201665,1.0953348988349667,335.84832789806507
76.8,1151.4472773021569,-10.569815936074905,-0.7063352032245608,-1.6070422685157695,1182.499939,0,0,0,10.714593001818297,280.66559269753594,88235.67283300607,1.095210189169529,335.8438353422
76.9,1147.023203551453,-10.4870197408736,-0.6842423945356213,-2.83675183238811,1182.499939,0,0,0,10.885445864019982,280.6943491769155,88283.19926351473,1.0956878406980886,335.8610398717408
77.0,1143.8392307119532,-8.608818290817837,1.6008358363529513,-0.9601910199822226,1178.200012,0,0,0,8.808881571126161,280.7150450003723,88317.41650632062,1.0960317015457606,335.8734212978151
77.1,1142.5086892701806,-9.868517346054963,0.8653187639680437,-1.7646146383581016,1178.200012,0,0,0,10.062319613020179,280.7236935197438,88331.71863462463,1.0961754210427763,335.8785952018667
77.2,1140.8193413613308,-9.902704219374453,0.7646862862332475,-1.9210286102061858,1173.899964,0,0,0,10.116256565251817,280.73467428115134,88349.88031312819,1.0963579180801557,335.88516423528785
77.3,1139.0062222978709,-12.127002408014963,-0.6622646658640226,-1.6499252368358748,1173.899964,0,0,0,12.256632293529924,280.74645955506384,88369.37598262492,1.0965538117396467,335.89221441020857
77.4,1136.7782656330771,-11.19290372016259,-1.6477056299521762,-3.545917074646522,1169.700012,0,0,0,11.856203246911525,280.76094127338496,88393.33698790507,1.0967945620988677,335.90087744680756
77.5,1134.2633000415995,-10.590949554355982,-0.6405153189075783,-1.1884864793524108,1169.700012,0,0,0,10.67665548981852,280.7772885497296,88420.39100880417,1.0970663748875134,335.91065620113903
77.6,1132.2643427187231,-10.64335825093558,-0.9554251599037087,-0.9373782115168385,1165.499939,0,0,0,10.727189287290592,280.7902817723283,88441.8990009113,1.097282455221377,335.91842839571274
77.7,1130.6220412770526,-11.527618646884106,-2.2203122277920393,-1.9824205638663845,1165.499939,0,0,0,11.90570322781957,280.80095673169916,88459.5726862826,1.0974600066575513,335.9248137333233
77.8,1128.0648232475862,-8.73269131136741,0.44828642997052426,1.2554774677523572,1161.200012,0,0,0,8.833859968041232,280.8175786488907,88487.09797237949,1.0977365147223523,335.9347560637775
77.9,1125.4839409256804,-10.811013939567298,-1.3806601087731003,-0.6013598165066198,1161.200012,0,0,0,10.915396390712738,280.83435438398305,88514.88500671607,1.0980156356073243,335.9447901014261
78.0,1124.2732423466346,-9.200428512080899,-0.29835824130940514,-0.8791420324759748,1157.100037,0,0,0,9.247150542698781,280.84222392474686,88527.92241089986,1.0981465906448225,335.9494969911966
78.1,1121.8863906684999,-9.670763675581421,-0.6161146089150401,-2.4601851981735003,1157.100037,0,0,0,9.99778867998197,280.85773846065473,88553.62977087678,1.0984047991109749,335.9587762734936
78.2,1123.285367555305,-10.622638159409313,-0.7542355177194554,-2.9116668500260756,1152.899964,0,0,0,11.040249839902591,280.8486451108905,88538.5614897225,1.098253452831445,335.95333754959717
78.3,1119.0136177372563,-9.96892543876674,0.253853741309258,-1.63451390420155,1152.899964,0,0,0,10.105223987062114,280.87641148470783,88584.57871529798,1.0987156358953432,335.96994431549905
78.4,1118.12413722633,-10.254707396432009,0.5619806431286838,-0.576618096363454,1148.799988,0,0,0,10.286269219631697,280.88219310802884,88594.16303828216,1.0988118921814938,335.97340213821025
78.5,1113.4139431639508,-11.247730609816943,-0.3539328575939784,-2.3473009766953217,1148.799988,0,0,0,11.495500607363407,280.9128093694343,88644.93027926618,1.099321719476348,335.9917122509044
78.6,1111.7098880824499,-10.20423930971976,0.9602627566736166,-2.0388128920617232,1144.700012,0,0,0,10.450136958945635,280.92388572746404,88663.30266489307,1.0995062094825843,335.998336241857
78.7,1109.2929234383653,-11.465238135675566,-0.09401642308905561,-1.7067578610028467,1144.700012,0,0,0,11.591960446432468,280.9395959976506,88689.36662138972,1.0997679234671973,336.0077312258988
78.8,1108.031097354659,-10.879783670206402,0.5316335358473537,-1.8005251209940902,1140.700012,0,0,0,11.040571436219151,280.9477978671947,88702.97631052109,1.0999045755673396,336.012635966104
78.9,1106.0705885565228,-10.788252952148019,0.4607416649924769,-1.5892282613956907,1140.700012,0,0,0,10.914409333913094,280.96054117438257,88724.12514306165,1.1001169187463204,336.0202563562934
79.0,1103.8778496352809,-10.354610330491694,0.603172071213054,-0.6699585055118251,1136.700012,0,0,0,10.393777756086783,280.97479397737067,88747.78397648966,1.1003544519785307,336.0287792075047
79.1,1101.7250617491125,-9.220384747260296,0.4347356966093997,-1.3469908674592939,1136.700012,0,0,0,9.328390772820118,280.9887870986307,88771.01672261831,1.1005876955963805,336.03714656467184
79.2,1099.8333691558043,-10.078008324614892,-0.5184547030049795,-1.5007832224221684,1132.899964,0,0,0,10.20232313499131,281.0010831004872,88791.43581026887,1.1007926820866638,336.0444989366628
79.3,1097.3243868975355,-10.966701995584161,-0.578218960542901,-1.941584309000427,1132.899964,0,0,0,11.152248179413764,281.017391485166,88818.52384110674,1.101064604018476,336.0542502575197
79.4,1095.9233460927646,-8.02857815571745,0.7455227986225101,-1.5005026770146286,1128.999939,0,0,0,8.201547398476546,281.026498250397,88833.65298000687,1.1012164703048988,336.0596953695683
79.5,1093.741521710294,-11.788475890221571,-1.9807766453193523,-1.8954637680408366,1128.999939,0,0,0,12.103074932798418,281.04068010888307,88857.21756535646,1.1014530017963666,336.0681748029064
79.6,1092.0253872694623,-10.547381114019457,0.0953999080147847,-2.145703663920476,1125.100037,0,0,0,10.76384660426677,281.05183498274846,88875.75606721902,1.1016390751677783,336.0748442304439
79.7,1090.5103775008013,-10.394063245907349,-0.4452696357784913,-1.5198837216787342,1125.100037,0,0,0,10.514031687982127,281.06168254624475,88892.12452723207,1.101803361406413,336.0807319155018
79.8,1088.4686050249973,-9.897747861246044,-0.7069263279172662,-1.769235673058307,1121.200012,0,0,0,10.07945199029815,281.0749540673375,88914.1880955581,1.1020247989498335,336.08866656143124
79.9,1089.8192843630604,-10.347899760052735,-0.8912958172829506,-3.1615206060351597,1121.200012,0,0,0,10.856732944140722,281.0661746516401,88899.59204250961,1.1018783091229842,336.0834176320733
80.0,1085.099948379058,-10.892264163093774,-0.7744854391403428,-2.3642580342131323,1117.299988,0,0,0,11.17277773637329,281.0968503355361,88950.5997812058,1.1023902162614059,336.10175727648596
80.1,1082.659539115172,-10.366355629624747,-1.1230338600144671,-2.90311979670856,1117.299988,0,0,0,10.823614860324293,281.11271299575134,88976.98561621964,1.1026549992059012,336.11124047196427
80.2,1080.9870017723374,-10.17779745861212,-0.3487699941333884,-1.2658833896846136,1113.399964,0,0,0,10.262147064509383,281.12358448847976,88995.07283907993,1.1028364966041087,336.1177396365526
80.3,1078.9958385816735,-9.442323116996384,-0.20884514451458355,-1.5049445846310132,1113.399964,0,0,0,9.563782742354713,281.1365270492191,89016.60964071627,1.1030525998685623,336.12547675722186
80.4,1077.6337733274531,-10.348627711438748,-0.32272438350998417,-1.9715597377205372,1109.600037,0,0,0,10.53970086563516,281.1453804733715,89031.344429537,1.1032004450587614,336.1307692711779
80.5,1074.4296030605442,-9.642709100481811,-0.2304022242396475,-2.555178034776021,1109.600037,0,0,0,9.978169109152798,281.16620758010646,89066.0148534456,1.1035483010691038,336.1432192387902
80.6,1073.2365250686958,-9.705285619222746,-0.007508741337664437,-1.4627494889024377,1105.600037,0,0,0,9.814899968882651,281.17396258705344,89078.9272348747,1.1036778472554467,336.14785488659476
80.7,1071.1857598823735,-11.070765853381463,-0.8241975090707042,-1.5993962210841173,1105.600037,0,0,0,11.216025427323776,281.18729256076455,89101.1256899593,1.1039005495812788,336.1558228878305
80.8,1069.4805664660971,-10.54557463586695,0.0799797478713742,-1.0848690994862409,1101.700012,0,0,0,10.601532064929579,281.19837631797037,89119.58692283949,1.1040857508039303,336.16244806775006
80.9,1067.4385691584214,-10.973756878096488,-0.8933025386588328,-2.945733406622665,1101.700012,0,0,0,11.397309978588678,281.21164930047024,89141.6986296718,1.1043075636056896,336.17038165843815
81.0,1065.8930494804642,-10.373783135365032,-0.006628318872755112,-1.7260108587792096,1097.799988,0,0,0,10.51639358139561,281.22169517837693,89158.43719670012,1.1044754689846263,336.17638620422815
81.1,1064.350958099206,-10.614323751552947,0.044043283457666144,-1.4325256877937278,1097.799988,0,0,0,10.710646029058548,281.2317187723551,89175.14117049114,1.1046430213782987,336.18237732374723
81.2,1062.35107847766,-10.5652490755751,-1.0065157681662502,-1.8366756580368317,1093.899964,0,0,0,10.770837455524655,281.2447179898952,89196.80769243301,1.104860342661666,336.19014681962227
81.3,1062.117935214924,-9.714413589603152,-0.18234055743558805,-1.1732823944594437,1093.899964,0,0,0,9.786708897576387,281.24623342110294,89199.33382367868,1.104885679811763,336.1910525652618
81.4,1058.1033150772944,-9.181380034011719,-0.5188420648157526,-1.3588457435945973,1089.999939,0,0,0,9.295880709865873,281.27232845199757,89242.84173418293,1.1053220436586528,336.2066487073155
81.5,1055.3474084463417,-9.45960148615856,-0.4672964436544188,-1.2367529377648894,1089.999939,0,0,0,9.551543543964787,281.29024184509876,89272.71845053784,1.1056216696087817,336.2173545346668
81.6,1054.5672196618077,-9.713012632034562,-0.532034887614045,-0.7010200034936732,1086.100037,0,0,0,9.752799831689346,281.2953130721982,89281.1779288585,1.1057065040881373,336.220385259913
81.7,1052.4931824218368,-9.795230390656563,-0.20901649380536447,-0.8037456623534838,1086.100037,0,0,0,9.83037300362894,281.308794314258,89303.66958218803,1.1059320504760055,336.22844194248484
81.8,1049.8760083593363,-10.554370051126401,-0.7007331061567947,-0.8254211565363282,1082.200012,0,0,0,10.609763152296843,281.3258059456643,89332.05776639593,1.1062167118700494,336.23860818678173
81.9,1048.3891859451985,-9.65143529795731,-0.7395212393050786,-0.7821776774305726,1082.200012,0,0,0,9.711276790057543,281.33547029135616,89348.1884115651,1.1063784536078287,336.2443835158995
82.0,1046.1487850463352,-9.691827965517676,0.2569656456387075,-0.9866335571686908,1078.200012,0,0,0,9.745306892672,281.3500328971988,89372.49913934142,1.1066222064159703,336.25308581542754
82.1,1044.4631486851958,-10.550590579116998,-0.4820308233380116,-1.9060995685831763,1078.200012,0,0,0,10.732219288113397,281.3609895335462,89390.79361376226,1.1068056286204815,336.2596331168019
82.2,1042.777653483003,-11.063651243210732,-0.7145433699676854,-1.252670732256508,1074.200012,0,0,0,11.157245852916176,281.37194525236043,89409.08958802512,1.1069890587196625,336.2661797424268
82.3,1040.3782411009115,-10.47514562698655,-0.8725254091230807,-1.8569047243182042,1074.200012,0,0,0,10.67417779743883,281.38754143284405,89435.14033167483,1.1072502235509996,336.2754990712482
82.4,1039.0643648863092,-10.498072138186291,-0.9528740520859872,-1.5730330153260477,1070.200012,0,0,0,10.657951043470213,281.39608162823896,89449.40786683458,1.1073932528118693,336.2806020631288
82.5,1036.801060549535,-7.523484449085418,1.301476103886169,1.0160061084084167,1070.200012,0,0,0,7.702527294137947,281.410793106428,89473.98967470293,1.1076396704665903,336.2893923775774
82.6,1034.7219115204134,-10.572596966704097,-1.1266571260161102,-2.8911570558989976,1066.299988,0,0,0,11.018527670330466,281.42430757511727,89496.57618724978,1.1078660751461098,336.2974672595861
82.7,1033.2625660313022,-10.512471830477468,-1.1657902454770752,-1.9254029404040083,1066.299988,0,0,0,10.75073520118267,281.4337933207965,89512.43231767224,1.1080250087320413,336.3031348676793
82.8,1032.9815750650362,-9.468118497474645,-0.013155183106987914,-1.3568329445002412,1062.299988,0,0,0,9.564854237276451,281.43561976207724,89515.48561145729,1.1080556127422705,336.3042261313199
82.9,1028.4476362523271,-9.613627470328058,-0.5228844966126632,-1.0396836444626123,1062.299988,0,0,0,9.68381037689231,281.46509036435987,89564.7637918084,1.1085495141441504,336.3218337615405
83.0,1027.0723311641232,-9.897972342883904,-0.5890252923071251,-0.792463677585893,1058.299988,0,0,0,9.947100380300036,281.4740298474332,89579.715959987,1.1086993653137867,336.3271746005487
83.1,1025.3469904438878,-10.547009721540979,-1.3151723877365822,-2.7802569334573657,1058.299988,0,0,0,10.986306071277207,281.4852445621147,89598.4765359823,1.1088873777529402,336.33387464270834
83.2,1022.9350687423173,-9.131591752630401,-1.435386139967415,-3.5239109252555365,1054.299988,0,0,0,9.89263612575806,281.5009220531749,89624.70801587208,1.1091502486230074,336.34324067165284
83.3,1020.301892346456,-8.878868500160419,-0.6379730033798767,-3.1596246773662857,1054.299988,0,0,0,9.445874416802527,281.518037699748,89653.35290861018,1.1094372880628967,336.3534655840456
83.4,1018.7060069556856,-8.949005984090523,-0.44068743919157105,-2.4094460685542907,1050.399964,0,0,0,9.27816489827708,281.528410954788,89670.71728480927,1.1096112812953627,336.35966243056055
83.5,1017.163625249723,-10.039732135568688,-0.4010180116837321,-2.5846994518558297,1050.399964,0,0,0,10.374859423437467,281.5384364358768,89687.50209037987,1.1097794610642522,336.36565141299104
83.6,1015.0703681006579,-9.735001062233417,-0.9904314818109392,-1.9944983830428078,1046.399964,0,0,0,9.98645202270598,281.5520426073457,89710.28580880132,1.1100077389356213,336.37377924358793
83.7,1013.4665345608078,-8.685658499992083,-0.1986681798072791,-1.3815639847995114,1046.399964,0,0,0,8.797093364756781,281.56246752535475,89727.74564609646,1.110182667554767,336.3800065765121
83.8,1011.8333344357953,-9.331920655199314,0.07218306053671503,-1.1664942375412775,1042.499939,0,0,0,9.4048212271888,281.5730833261673,89745.52800480917,1.110360820831776,336.38634781495944
83.9,1009.1334218028095,-10.090163699465442,-0.21847980610896683,-0.6319191190457835,1042.499939,0,0,0,10.112292454270849,281.59063275828174,89774.93103674929,1.1106553815589204,336.39683052396714
84.0,1007.5579773977545,-9.814159430674199,0.3134630842425509,-0.34935231712300335,1038.600037,0,0,0,9.825376912737411,281.6008731469146,89792.09180361965,1.1108272903115897,336.40294720996513
84.1,1005.3574287980774,-10.18962047123354,-0.7945402291771846,-0.7067664103230047,1038.600037,0,0,0,10.24495867645758,281.61517671281246,89816.06605874706,1.1110674430228435,336.4114906860019
84.2,1003.2555623537744,-9.905704708030509,-0.19480277107505417,0.6501228114056689,1034.700012,0,0,0,9.928927109825427,281.62883884470045,89838.97004365189,1.111296863329785,336.41965083288426
84.3,1003.5813241978313,-10.1359794165249,-1.7539895493800821,-0.9599235655309879,1034.700012,0,0,0,10.331312178189794,281.62672139271405,89835.41991549959,1.1112613038059473,336.4183861296674
84.4,999.5368049738746,-10.109245507718025,-1.7469432368852282,-1.0726433986862611,1030.700012,0,0,0,10.3149997221988,281.6530107676698,89879.50483382691,1.1117028572827274,336.43408780503125
84.5,997.2694301950221,-9.17371306364898,-0.11414210252846779,-2.0746975713850526,1030.700012,0,0,0,9.406083659336899,281.66774870373234,89904.22668953535,1.1119504527585893,336.4428899108568
84.6,995.5770854507986,-10.359209903696074,-1.5859292625296513,-3.4808594411719933,1030.700012,0,0,0,11.042861219076281,281.6787489445698,89922.68241158307,1.1121352829171505,336.44945956020536
84.7,994.5221356847734,-10.04621935229939,-1.5904010334066692,-2.9365397476783888,1030.700012,0,0,0,10.58674475045426,281.68560611804895,89934.18862891098,1.1122505116010566,336.45355478975154
84.8,992.3431794065451,-9.321921145576644,-1.444425686550101,-3.561661522306892,1022.799988,0,0,0,10.083154873738485,281.69976933385743,89957.95803185679,1.1124885407246041,336.4620131637408
84.9,989.9792609070682,-9.672580425018547,-1.1150429191378421,-1.9255152126964041,1022.799988,0,0,0,9.925207384447777,281.715134804104,89983.75086984431,1.1127468191871985,336.4711892922264
85.0,988.1670195727629,-9.645547659108248,-1.1536354341940396,-1.8550056944595479,1018.899964,0,0,0,9.889818526425751,281.726914372777,90003.52838434633,1.1129448532286494,336.47822378125437
85.1,981.9090236348836,-10.820566323714091,-0.9505230649249093,-0.8159912276921679,1010.999939,0,0,0,10.892841288962229,281.76759134637325,90071.85077168846,1.1136289077832742,336.5025140089848
85.2,977.6014353927329,-9.703927428592129,-0.5016214697327385,-1.0052955533746744,1010.999939,0,0,0,9.768748680763283,281.7955906699472,90118.90375767091,1.1140999523179476,336.5192327676558
85.3,975.7074053547758,-11.113773550013958,-1.6817790877350498,-1.8556860980688095,1006.899964,0,0,0,11.392449882070961,281.8079018651939,90139.59907399083,1.1143071170329821,336.5265836788611
85.4,974.5388338103828,-10.79525025798416,-0.28864169644715254,-1.120442224995137,1006.899964,0,0,0,10.857077550657314,281.8154975802325,90152.36951208436,1.114434947440969,336.5311189363742
85.5,974.5015864937656,-10.176449261572127,0.4499254445874808,-0.9085180094159137,1002.899964,0,0,0,10.226825384862703,281.8157396877905,90152.7765840392,1.1144390221211078,336.5312634932041
85.6,970.853955489289,-11.667137222591434,-1.1474036081492152,-2.22037706564733,1002.899964,0,0,0,11.931835580681836,281.8394492893196,90192.64836511928,1.114838110902647,336.5454196477778
85.7,968.0041051050353,-9.043555781739501,0.6205881460851407,-0.03320378160074221,998.8999638,0,0,0,9.064884627815621,281.85797331681727,90223.8096447695,1.1151499902582733,336.5564792673428
85.8,966.1350367618162,-8.763117438070095,1.3579425447426456,0.12992934874645257,998.8999638,0,0,0,8.86865924612599,281.87012226104815,90244.25143732189,1.1153545719145754,336.5637324980923
85.9,964.5779078429343,-8.834933525514737,1.28448584019868,-1.1764624575506395,998.8999638,0,0,0,9.004999621763526,281.8802435990209,90261.28444658445,1.115525031700907,336.56977507663777
86.0,962.6990470700767,-9.956615555330554,0.5893681659496142,-1.6615792031141288,998.8999638,0,0,0,10.11149808880497,281.8924561940445,90281.84025847515,1.1157307381875972,336.57706602010285
86.1,960.1286185220549,-10.338493613233005,0.2050291664715,-2.2231064800055336,990.8999638,0,0,0,10.576799590207154,281.9091639796066,90309.96835766506,1.1160122077636154,336.58704034541273
86.2,958.4354773936032,-9.402662244655895,1.5682452150917014,-1.7852069874426917,990.8999638,0,0,0,9.698268625365543,281.92016939694156,90328.50021117616,1.116197641430324,336.5936102714205
86.3,956.6490621629607,-10.490515802882635,0.7953930427006347,-2.508840188576731,986.9999388,0,0,0,10.815629939801223,281.9317810959407,90348.05631135241,1.1163933160777662,336.6005419915804
86.4,954.6987224010737,-10.331923421199596,0.2895293812581333,-2.370755720489359,986.9999388,0,0,0,10.604383599737304,281.944458304393,90369.41082740601,1.1166069761312543,336.60810961530086
86.5,953.8535089797082,-9.926728322039407,0.13198763558356919,-1.20676823238308,982.9999388,0,0,0,10.000682250837452,281.9499521916319,90378.6664450459,1.116699579121207,336.61138912290403
86.6,951.8299382310705,-9.673404042219317,0.48210921924031047,-0.2939098069741668,982.9999388,0,0,0,9.689868834919135,281.963105401498,90400.82893409631,1.1169213087739667,336.61924063799444
86.7,949.8931310027527,-9.473629598997446,-0.5863250198085663,-1.1548040702159337,978.9999388,0,0,0,9.561747081388491,281.9756946484821,90422.04529585985,1.1171335629921777,336.62675533650844
86.8,948.2146042570371,-9.10505926308496,-0.2653330164757052,-1.2021339990912032,978.9999388,0,0,0,9.187906831574445,281.9866050723292,90440.43563760183,1.1173175372758788,336.6332677862022
86.9,947.5165119389569,-10.254143943347627,-0.5202731584135316,-1.3873472685066648,975.1000368,0,0,0,10.360641129471249,281.99114267239673,90448.08499620587,1.1173940582423159,336.6359762499488
87.0,947.3387255927893,-9.782856137344615,-0.7396914962088449,-1.0087551830046573,975.1000368,0,0,0,9.86250499278878,281.99229828364685,90450.0331768538,1.117413546825454,336.63666602325
87.1,942.419381128079,-10.300367640273675,-1.5525167927716679,-1.7920490943471974,971.1000368,0,0,0,10.569736130726524,282.02427402266744,90503.95277353666,1.1179528986629337,336.6557514754343
87.2,939.5887694948987,-9.787397079243929,-0.43415296213952914,-0.5391534151795154,971.1000368,0,0,0,9.811845738006017,282.04267299828314,90534.99013261528,1.1182633342508532,336.6667328350398
87.3,937.4679589495239,-10.04572402717565,-0.6120889364946152,-0.9582623195122593,967.1000368,0,0,0,10.109870957106736,282.0564582668281,90558.2502448083,1.1184959685614517,336.67496028616415
87.4,935.649763289106,-10.24531130499055,-1.1184744355289409,-2.0511738265885695,967.1000368,0,0,0,10.508315891044623,282.0682765386208,90578.19526307512,1.1186954381490848,336.68201361607595
87.5,933.8296647406382,-10.07975953889411,-0.921750646562344,-2.101365195777847,963.2000118,0,0,0,10.337645394498274,282.0801071791858,90598.164717861,1.1188951437537398,336.6890741798721
87.6,931.4863182023507,-9.791555158502835,-0.23323200819451734,-2.1380059849928696,963.2000118,0,0,0,10.024969784668443,282.0953389316847,90623.88030739996,1.119152301551447,336.69816432002733
87.7,930.005589176539,-10.243439255943606,-0.6006235528331119,-2.759695512514333,959.2999878,0,0,0,10.625663074096417,282.10496367035245,90640.1326881735,1.1193148194013085,336.70390813028075
87.8,928.4071378025944,-10.385401123684323,0.039175823543591226,-2.4168505694763223,959.2999878,0,0,0,10.662985413107904,282.1153536042831,90657.67983037369,1.1194902781664913,336.7101084805047
87.9,926.6780518979788,-10.196575930646503,0.5971432619630782,-1.4405219246934147,955.3999638,0,0,0,10.315126959968545,282.12659266266314,90676.66412170278,1.1196801001096384,336.71681543003524
88.0,924.7879781511818,-10.28313485418854,-0.04394935412779953,-1.4614555672689575,955.3999638,0,0,0,10.386560852864477,282.1388781420173,90697.4196421891,1.119887623735697,336.724146682314
88.1,922.6641422914055,-10.031698343208836,-0.8326736493739234,-2.2961175574448314,951.4999388,0,0,0,10.324750500283628,282.15268307510587,90720.74677108227,1.1201208487493606,336.73238446486374
88.2,919.755691407396,-10.103548971005702,-0.9078055442503206,-2.6517975543723775,951.4999388,0,0,0,10.48512484356087,282.1715880058519,90752.6995924784,1.120440295059523,336.74366522907553
88.3,918.7837759796403,-10.110339662897655,-1.5298333049282014,-1.3624888266984483,947.6000368,0,0,0,10.315800203712126,282.1779054561323,90763.3792803886,1.1205470597919542,336.7474348315899
88.4,916.373385898429,-8.130173707189027,-0.9146733353269737,-1.0541270670138467,947.6000368,0,0,0,8.249093022438112,282.1935729916602,90789.8697355523,1.120811874288925,336.7567834181792
88.5,914.0032677504904,-8.553755537691742,-0.45887630470208085,0.2154235232216115,943.6000368,0,0,0,8.568763537171883,282.2089787596218,90815.92370187804,1.1210723110421827,336.76597555888753
88.6,915.650551021569,-9.814256285433919,-1.6061734286228597,-0.9105453759850193,943.6000368,0,0,0,9.986416394318884,282.19827141835975,90797.81499137252,1.120891296971127,336.75958684927775
88.7,910.93813787774,-8.664188704131778,-0.2904019974930946,1.0746039896418338,939.7000118,0,0,0,8.735403422596281,282.22890210379467,90849.62669149844,1.1214091867285585,336.7778628242242
88.8,909.9568460240531,-10.586280003391039,-1.7662413438460551,-2.9573403103719493,939.7000118,0,0,0,11.132600527561337,282.23528050084366,90860.41873941317,1.1215170528018896,336.7816684068093
88.9,904.7883487752146,-9.181643011148289,-1.3935619993780546,-2.5141137894557946,931.8999638,0,0,0,9.621088897656572,282.2688757329611,90917.2779534963,1.1220853180541612,336.80171182879263
89.0,901.3236586537653,-9.427377955901683,-1.056872515315004,-1.9985953913571062,931.8999638,0,0,0,9.69467989030082,282.2913962187505,90955.4095234743,1.1224663766531127,336.8151472223737
89.1,899.1091287981232,-10.263691738192222,-1.6700603262900295,-1.282871122246218,927.9999388,0,0,0,10.477510577726777,282.30579066281217,90979.78890480258,1.1227099901603173,336.8237344571554
89.2,897.5338728472891,-9.096856620335242,-0.24236469241864622,-0.7903358425882046,927.9999388,0,0,0,9.134340247612188,282.3160298264926,90997.13384915574,1.1228833037616788,336.82984266001813
89.3,894.9959562350582,-8.490063312150324,1.099431850752876,-0.6019037304914339,924.2000118,0,0,0,8.582086782336237,282.3325262844721,91025.084160487,1.123162574749662,336.8396834370036
89.4,892.7287785768142,-8.608715249317454,0.3458552484877974,-2.249624876218989,924.2000118,0,0,0,8.904516055375538,282.3472629392507,91050.0586770553,1.1234120987015936,336.8484741800038
89.5,891.0318679364398,-8.350421746158181,0.803485566948045,-1.4400789568381547,920.2000118,0,0,0,8.511695471346078,282.3582928584131,91068.75494174048,1.123598887221628,336.85505362248983
89.6,889.3987667446991,-9.416482238050158,-0.5931623227284457,-2.143559736479997,920.2000118,0,0,0,9.675578929680482,282.3689080161594,91086.75110048214,1.1237786743114264,336.8613855348428
89.7,888.2015314878229,-9.52455669531111,-0.2599067215372294,-0.9424097099670565,916.3999638,0,0,0,9.574594916106692,282.37669004532916,91099.94601039344,1.1239104911734703,336.8660274181955
89.8,888.0366632692414,-9.409598548295937,0.14708396436250365,-0.9808506627725601,916.3999638,0,0,0,9.461725347700966,282.3777616887499,91101.76316907538,1.1239286442644572,336.86666663512125
89.9,885.2048247343682,-9.81252058919538,0.4627588281896518,-2.2147529077436463,912.6000368,0,0,0,10.069996846514384,282.3961686392266,91132.97995202406,1.124240483600118,336.87764587613407
90.0,882.374083703298,-11.010823782991292,0.27672568482894044,-1.960276306853253,912.6000368,0,0,0,11.187381314853845,282.41456845592853,91164.19329256311,1.1245522682286546,336.88862050443913
90.1,879.4163382007021,-9.852564253766943,-0.3254131263287844,-1.4049491066831588,908.7000118,0,0,0,9.957549802524868,282.4337938016954,91196.81630311515,1.1248781120994196,336.9000871402193
90.2,880.5428418585174,-9.553858426105062,0.2784502910678149,0.2669658645096768,908.7000118,0,0,0,9.561642963605566,282.4264715279196,91184.3902047078,1.1247540008473578,336.8957199385665
90.3,877.5929049362907,-10.421753599498444,-0.965969969902198,-1.5328083929349647,904.8999638,0,0,0,10.578069183025015,282.44564611791407,91216.93291317773,1.1250790289785721,336.907156061438
90.4,874.8081694035121,-9.618888390997274,0.4972496973613368,-0.881701656879867,904.8999638,0,0,0,9.672004391631177,282.46374689887716,91247.66180422505,1.1253859209203765,336.91795138616726
90.5,873.5588072253657,-9.582135195950134,0.6094719828337847,-1.779288491569758,904.8999638,0,0,0,9.764969971667002,282.4718677530351,91261.45094093811,1.1255236277617973,336.9227945596917
90.6,871.8592995554051,-9.844041677905546,0.8824115888949717,-1.2914260644239182,904.8999638,0,0,0,9.967526676584871,282.48291455288984,91280.2110156148,1.1257109711055568,336.9293826180344
90.7,814.1929460460983,-9.005128197345645,0.8058522992231928,-0.7757171260957149,904.8999638,0,0,0,9.074330214319463,282.8577458507003,91918.61617351879,1.1320819087157419,337.15284712578205
90.8,816.0379481677957,-10.747145080321253,-1.2044079368241412,-2.0673804676917342,841.9999388,0,0,0,11.010258300964225,282.8457533369093,91898.13493509266,1.131877648050489,337.1456997998102
90.9,812.0815470355972,-9.679459348006393,-0.16215200844896974,-1.9176284543769113,841.9999388,0,0,0,9.86891713576461,282.8714699442686,91942.05920006844,1.1323156968503147,337.16102625674756
91.0,809.6476783102004,-10.064174221546104,-0.47139780286617383,-2.4303126340728833,837.7999878,0,0,0,10.364180534394142,282.8872900909837,91969.08863952657,1.1325852368017606,337.1704543237198
91.1,808.6092835832906,-9.523675079348621,0.31847742878757435,-0.7413709645025272,837.7999878,0,0,0,9.55779502796856,282.89403965670857,91980.62253725306,1.1327002492578813,337.17447666874415
91.2,806.3652356943102,-10.569173337148703,-0.0035020195565135803,-2.2741369756845295,833.7000118,0,0,0,10.811065455310665,282.90862596798695,92005.55214489115,1.1329488302103912,337.183169090266
91.3,804.7577603912201,-9.966733602658184,-0.04583073804467874,-1.5396263547846805,833.7000118,0,0,0,10.085054708589988,282.91907455745707,92023.41329465846,1.1331269214681448,337.1893955811856
91.4,802.3396488736911,-9.587565590651414,0.29642304243673906,-0.6986203748401839,829.6000368,0,0,0,9.617554315067437,282.934792282321,92050.28695981357,1.1333948629822468,337.1987618223061
91.5,800.7920774309376,-8.704206560992047,-0.07448123176556612,-1.2918303267074869,829.6000368,0,0,0,8.7998627775269,282.9448514966989,92067.48921870846,1.133566368778415,337.20475600290456
91.6,798.8505942936121,-8.823674222272016,0.16206828812811797,-1.9248158595101283,825.4999388,0,0,0,9.03263023730221,282.9574711370915,92089.07374241269,1.1337815569458605,337.21227576389174
91.7,796.5262138433844,-8.609551080315946,0.015252344181129321,-1.1102213300754675,825.4999388,0,0,0,8.680852137914057,282.972579610018,92114.92053295445,1.134039225405719,337.22127834387607
91.8,794.7545295026764,-11.35587526317722,-0.11426348720415458,-1.8041146429178536,821.3999638,0,0,0,11.49886032536003,282.9840955582326,92134.62536370638,1.1342356549984731,337.2281401099068
91.9,791.8938125494134,-10.851746801613475,-0.17615313960975001,-1.0752195764988306,821.3999638,0,0,0,10.90630715286384,283.00269021842877,92166.44971697901,1.1345528823961477,337.2392194245503
92.0,790.4202875648502,-9.539353453648191,0.448815326499103,-0.1401716344213484,817.2999878,0,0,0,9.550934383505444,283.01226813082843,92182.84557694354,1.134716309349906,337.24492612007674
92.1,789.004099544755,-10.842992423920936,-1.2370909513082684,-1.7030304902513143,817.2999878,0,0,0,11.045414957245438,283.02147335295905,92198.60567619333,1.1348733940986175,337.2504106689177
92.2,788.9426391838535,-10.65563446344046,-0.5706683866492038,-3.5910722498234176,813.2999878,0,0,0,11.25895235487888,283.0218728453049,92199.28968942174,1.1348802117094228,337.2506486878012
92.3,785.6296322196913,-10.834065335151575,-0.16011229846739644,-3.730127949461043,813.2999878,0,0,0,11.459339516473188,283.043407390572,92236.16735025203,1.135247759859251,337.2634787937306
92.4,783.9967009893769,-9.645348925650724,0.9728226189752212,-3.3764933242849064,809.2999878,0,0,0,10.265468665116169,283.054021443569,92254.34818754786,1.1354289523069034,337.26980238012277
92.5,781.6350449590989,-9.22305828750788,1.1194870484935207,-1.6531813525990287,809.2999878,0,0,0,9.43668713114373,283.0693722077658,92280.64768219602,1.1356910442651753,337.2789477704395
92.6,778.9863516384869,-11.964168273718041,-1.893967887481871,-2.8980347887137397,805.2999878,0,0,0,12.455000701615756,283.08658871434983,92310.15085761351,1.1359850461203143,337.2892044027436
92.7,778.005538067169,-10.597503715039412,-0.5962098778767975,0.21262178830716372,805.2999878,0,0,0,10.616391064463242,283.0929640025634,92321.0778482079,1.1360939300489465,337.2930023639835
92.8,775.8950435559777,-9.361860004627294,-0.6386186376161634,-0.6058059976466793,801.3999638,0,0,0,9.403151462001214,283.1066822168861,92344.59387387685,1.1363282513260327,337.3011745940118
92.9,773.4172249186972,-9.639997993988757,-1.1776171542948308,-1.5057435889256046,801.3999638,0,0,0,9.827695927417947,283.12278803802843,92372.20897070767,1.136603402579062,337.31076891917115
93.0,771.9401097032969,-10.25853485766645,-1.5828718345377468,-1.2104483231040764,797.3999638,0,0,0,10.450273001861529,283.13238928692857,92388.67448648362,1.136767454208145,337.3164883054755
93.1,769.2342102083768,-11.416972736454042,-2.4541990771151267,-1.3205222320771206,797.3999638,0,0,0,11.752197179270674,283.1499776336455,92418.84351864687,1.1370680242784827,337.32696528981063
93.2,767.5851456564379,-11.709074260562632,-1.5830923719929575,0.1871497562698512,793.6000368,0,0,0,11.817090442613381,283.16069655323315,92437.23343542198,1.1372512314248073,337.3333501506304
93.3,766.1923735784789,-10.70910949011171,-1.3821154757351488,0.3208607339112891,793.6000368,0,0,0,10.802695074379974,283.1697495717399,92452.76755663466,1.1374059826775658,337.3387426021433
93.4,764.2827579807436,-9.631277990912873,-0.41584696270783306,-0.1467832872148226,789.7000118,0,0,0,9.641368666742373,283.18216207312514,92474.069667821,1.1376181867284787,337.34613599732666
93.5,762.4439848310418,-9.401790944043261,-0.6637838957247904,-1.0460511950391962,789.7000118,0,0,0,9.483064120755506,283.1941140985982,92494.58527433618,1.137822547108149,337.3532549610329
93.6,760.579388639427,-10.621301220830496,-1.8517120028166087,-2.1228264638122796,785.7999878,0,0,0,10.988506229713492,283.2062339738437,92515.39275767092,1.1380298061269034,337.36047374739763
93.7,759.1502747166742,-9.778336275394652,-1.1240014667048226,-2.406975841585712,785.7999878,0,0,0,10.132757389468614,283.2155232143416,92531.34315388145,1.1381886787047493,337.3660064590792
93.8,758.9354693126405,-9.53485731385885,0.495147584047707,-1.809120326250857,781.8999638,0,0,0,9.717591856035625,283.2169194494678,92533.7407978609,1.13821255978513,337.3668380548948
93.9,755.4753276893777,-10.903552231487753,0.23182860678587366,-2.0884354663969003,781.8999638,0,0,0,11.10417752312211,283.239410370019,92572.36960649505,1.138597295295955,337.38023333532675
94.0,756.033422297957,-10.556353948898218,0.6032262199584437,-1.5279550034551714,777.9999388,0,0,0,10.683404750333484,283.23578275506327,92566.13818950375,1.1385352336467764,337.3780728141313
94.1,753.5998891297105,-10.442818254172115,1.2220766236460283,-2.6137214378161526,777.9999388,0,0,0,10.834088061218266,283.2516007206569,92593.31234352902,1.1388058681627016,337.3874935168913
94.2,749.4121966861977,-11.75527254532814,0.27876457889919903,-2.7974207763332473,774.1000368,0,0,0,12.086757435526506,283.2788207215397,92640.0895154033,1.1392716988752385,337.40370431186017
94.3,746.1200616864714,-9.766002463790915,1.7331885590619662,-1.7613580025339006,774.1000368,0,0,0,10.073784230224694,283.3002195990379,92676.87660515941,1.1396380118662357,337.4164478063649
94.4,744.4274584677162,-9.421679526846052,0.7682870122329376,-2.662274907073836,770.2000118,0,0,0,9.820693342152115,283.3112215199598,92695.79475470574,1.1398263814197669,337.4229995009621
94.5,742.2970852657986,-7.876833328904811,2.115437034578132,0.28367118505134625,770.2000118,0,0,0,8.160885152962196,283.3250689457723,92719.61028416581,1.1400635041840461,337.43124552601455
94.6,741.154639627634,-8.838093407164578,1.2374390275436733,0.3453452798591311,766.2000118,0,0,0,8.930980561112827,283.3324948424204,92732.38377159284,1.140190680484913,337.43566750170834
94.7,739.7809684676043,-9.205552665441918,-1.292783603292151,-0.4236586974210832,766.2000118,0,0,0,9.30553469785946,283.34142370496056,92747.74443832663,1.1403436110299012,337.4409843873629
94.8,736.1006446364516,-9.8860040841372,-2.6311285299263845,-2.762379101107123,762.2999878,0,0,0,10.596539642298488,283.365345809863,92788.90871315903,1.1407534181142598,337.4552289128288
94.9,734.6973935877695,-10.416596116657592,-2.6342573125150253,-3.692465078430526,762.2999878,0,0,0,11.36129766362689,283.3744669416795,92804.60791515262,1.1409097009377747,337.46065997365196
95.0,737.2404861151664,-8.057214268698232,0.1500482739117619,-1.8027141915392202,758.2999878,0,0,0,8.257783886285424,283.3579368402514,92776.15805074075,1.1406264837867395,337.4508172726684
95.1,735.057285623944,-8.917244445865805,-1.634478145112109,-1.8789323411417702,758.2999878,0,0,0,9.258463914535833,283.37212764344434,92800.58133307763,1.140869617493659,337.4592670768888
95.2,735.8708152925485,-9.248392860165966,-1.9147669710559132,-2.6829929928372604,754.2000118,0,0,0,9.818225626304852,283.3668397005984,92791.47983586545,1.1407790135377898,337.45611843687095
95.3,728.278480334849,-9.099005858555241,-0.6005311015370247,-0.44631167724001053,754.2000118,0,0,0,9.129717374112776,283.41618987782346,92876.44844482286,1.141624796749752,337.4855022459497
95.4,724.2473883634185,-10.46717348882176,-2.629873516069775,-1.4502589668542711,750.1000368,0,0,0,10.889499833626864,283.44239197563775,92921.58747416025,1.1420740537810057,337.5011023141251
95.5,722.5781465606829,-10.160556520011728,-1.7966136105015276,-1.325752167856603,750.1000368,0,0,0,10.402997071631264,283.45324204735556,92940.2843726257,1.1422601269915804,337.50756196205555
95.6,720.4654132811993,-9.39278386644207,-1.2987249476534728,-1.8352116815401673,745.8999638,0,0,0,9.658109399225784,283.4669748136722,92963.95311268154,1.142495670201478,337.5157376602911
95.7,718.4713575741547,-9.676432750987136,-1.2058487507870748,-2.0450321153648554,745.8999638,0,0,0,9.963411983202585,283.479936175768,92986.2967967608,1.1427180164378379,337.5234539272136
95.8,716.6624157725008,-10.69607947468833,-1.439222503292525,-1.670551635114173,741.7000118,0,0,0,10.920999052669826,283.4916942974787,93006.57001414614,1.1429197502718036,337.5304537183686
95.9,714.3629651399622,-10.649377024514854,-1.4470710656554644,-2.6742639371753185,741.7000118,0,0,0,11.074968771287732,283.5066407265902,93032.34564050648,1.143176225153255,337.5393513485425
96.0,714.8262521271582,-9.315868374243754,1.1521853160629707,-1.1602857547417278,737.4999388,0,0,0,9.45828724460421,283.50362936117347,93027.15197297785,1.1431245477581968,337.53755869736153
96.1,714.8375485867164,-9.728195724066133,-0.42335025374242236,-2.116482674480597,737.4999388,0,0,0,9.964763740022084,283.5035559341863,93027.02533722419,1.1431232877157629,337.5375149865144
96.2,712.7349754606,-8.468593613762716,0.4638283451273243,-1.906885169586546,733.2999878,0,0,0,8.693010156372493,283.5172226595061,93050.5980414972,1.1433578336060413,337.5456506462137
96.3,708.0765764059564,-8.884515458103015,0.5113850981544068,-0.9553400862437791,733.2999878,0,0,0,8.950352189957114,283.54750225336124,93102.84225997797,1.1438776177143928,337.5636750756193
96.4,704.7738559251835,-9.763943833518853,-0.39265275775230896,-1.1161715569330293,729.2000118,0,0,0,9.835375657126049,283.56896993648627,93139.8968512301,1.1442462447285384,337.5764534862817
96.5,701.6521152165993,-10.242294039642093,0.20361112202469356,-1.058035038417322,729.2000118,0,0,0,10.298809777154778,283.58926125109207,93174.93193252482,1.144594755562716,337.58853123140364
96.6,702.3399998373764,-10.098262776004303,0.6577218719063885,-1.5932254971573545,724.8999638,0,0,0,10.244309475938849,283.58479000105706,93167.21093423582,1.1445179532148075,337.58586990234767
96.7,697.7146158916778,-10.294784463821646,-0.918571494628496,-1.740528223992943,724.8999638,0,0,0,10.48121172602689,283.6148549967041,93219.13743433575,1.1450344534148076,337.60376445994416
96.8,696.8212692816556,-9.380386671737485,-0.6079263447721275,-0.5012852530547385,720.6000368,0,0,0,9.413422090659083,283.62066174966924,93229.16921770552,1.1451342308011376,337.6072205053375
96.9,693.5423759889178,-9.767208970018656,-1.6444389904861143,-2.0020968093096436,720.6000368,0,0,0,10.104995907534637,283.641974556072,93265.99685037753,1.1455005055819358,337.6199050927665
97.0,691.4001843944782,-10.915427662213073,-2.9764084963079385,-2.966564708427203,716.2000118,0,0,0,11.696412901192666,283.65589880143585,93290.06372191239,1.145739851418883,337.62819202687007
97.1,689.6918704763349,-9.956935767789547,-2.4900085106932948,-3.517044264013912,716.2000118,0,0,0,10.849438355152078,283.6670028419038,93309.25971352088,1.1459307477711453,337.6348003865654
97.2,687.6675230064325,-9.337728488169146,-2.0803919913551354,-2.2132832012132764,711.8999638,0,0,0,9.819359789987997,283.6801611004582,93332.0110532764,1.1461569909433587,337.642631107864
97.3,685.431803561659,-10.976559404116019,-2.1171455735250726,-2.4518345402598527,711.8999638,0,0,0,11.444590614975962,283.6946932768492,93357.14319093316,1.146406896975588,337.6512792618553
97.4,683.0643863104651,-10.322178721030179,-2.097689544234379,-2.3618313263007855,707.7000118,0,0,0,10.79471732778465,283.7100814889819,93383.76174142915,1.1466715694697451,337.66043660455273
97.5,680.921984399257,-9.443438943748586,-2.1467272748610844,-2.27797784706935,707.7000118,0,0,0,9.94867630133168,283.7240071014048,93407.85558182355,1.1469111259924136,337.66872335743733
97.6,678.0094369476051,-10.270890777012896,-2.2596837939271492,-3.0176558604519546,703.2999878,0,0,0,10.940914728393855,283.74293865984055,93440.61869154166,1.1472368591282116,337.67998868637466
97.7,677.4881747917993,-10.656885781381,-1.0961016781942157,-1.4020795841850517,703.2999878,0,0,0,10.804465771463633,283.74632686385326,93446.48332668826,1.1472951634491861,337.6820048163312
97.8,674.133565209784,-10.218583323249492,-1.4625293193514584,-0.36740733321340624,698.9999388,0,0,0,10.329250955062243,283.76813182613637,93484.23262128167,1.147670438163707,337.6949794370201
97.9,672.3866109467659,-10.114493413415971,-1.2829703375881234,-0.6086704993891564,698.9999388,0,0,0,10.213690306348273,283.779487028846,93503.89592044715,1.147865904275782,337.70173593317867
98.0,670.4163055745762,-9.83826530144266,-0.1618166390239799,0.8143595146374814,694.7000118,0,0,0,9.873238080048322,283.79229401376523,93526.07722478796,1.1480863916267485,337.7093560967949
98.1,671.0837745799123,-10.159928003381564,-0.48758092327100655,0.5747284228975613,694.7000118,0,0,0,10.187844961066153,283.78795546523054,93518.56251488159,1.1480116947678731,337.70677467710385
98.2,675.1351691933141,-9.993604989981403,-0.9668466698579018,-0.7519238580209959,690.2999878,0,0,0,10.068382326225882,283.7616214002434,93472.96031680494,1.1475583805240885,337.69110558632696
98.3,669.3220343597478,-10.205493386337595,0.3503341300160018,-2.327177606944824,690.2999878,0,0,0,10.473327306806558,283.7994067766616,93538.39815173333,1.1482088602229588,337.7135881206692
98.4,667.9532709957584,-10.415493829265692,0.0919350413347415,-1.984285004221705,686.1000368,0,0,0,10.60322360121091,283.80830373852757,93553.81156822908,1.148362063488154,337.7188816507038
98.5,664.9550826398283,-9.868353155406771,0.5955989577294677,-0.7464381762891847,686.1000368,0,0,0,9.91444915612043,283.8277919628411,93587.58085477562,1.1486977000583696,337.73047649880067
98.6,661.4122949623095,-9.95143027909586,-0.7261554671201953,-2.85077414815453,681.7999878,0,0,0,10.377146987776584,283.850820082745,93627.49681065488,1.1490943993227818,337.74417695447056
98.7,657.7037025316237,-10.675362934995501,-0.045706974086693,-3.210486463401911,681.7999878,0,0,0,11.14776597588247,283.87492593354443,93669.29562619119,1.1495097766416298,337.7585180049698
98.8,653.575777917087,-9.44957189685306,1.0578569758024288,-1.7107098553123272,677.4999388,0,0,0,9.661262786205109,283.90175744353894,93715.83842047182,1.149972255934967,337.77447988833467
98.9,651.4137584554213,-9.298451910934052,0.8824911544652636,-2.6957276570345177,677.4999388,0,0,0,9.721468313920658,283.91581057003975,93740.2228940019,1.150214538382313,337.78283969701874
99.0,650.1682540564534,-8.836976499487223,1.9042424568408545,-1.9463212962039402,673.1000368,0,0,0,9.246970291667521,283.923906348633,93754.27272648863,1.1503541311039271,337.78765555349287
99.1,648.2826397711905,-9.526498540361976,1.4755809309529773,-1.2052120710323244,673.1000368,0,0,0,9.715145375107515,283.93616284148726,93775.54652228949,1.1505654902516698,337.79494632263
99.2,645.8522621955864,-9.35081745713761,0.5979761427159738,-2.988445828262415,673.1000368,0,0,0,9.834946418381037,283.95196029572867,93802.97218855243,1.1508379559245503,337.80434319890634
99.3,643.3741511580585,-9.903813384450027,0.6733423473699706,-1.7498713943776567,673.1000368,0,0,0,10.07973012375006,283.9680680174726,93830.94319154069,1.151115823741111,337.8139243639636
99.4,640.6316830216282,-11.088441306704762,0.06129506707847166,-2.1781678764546606,664.7000118,0,0,0,11.300517819794967,283.9858940603594,93861.90592571576,1.1514233934518732,337.82452730084094
99.5,639.1864978404027,-10.037238512537106,-0.43297766832656615,-1.523177760010487,664.7000118,0,0,0,10.161382637585211,283.99528776403736,93878.22553638069,1.151585497268626,337.8301145453639
99.6,636.1166778117922,-10.250952294242813,-0.3054399614687613,-1.416968268619083,660.4999388,0,0,0,10.352927874914293,284.0152415942233,93912.89879912756,1.1519298913804514,337.8419824999115
99.7,635.354034555715,-11.26041629725358,-1.0901373380461703,-0.8686519951327853,660.4999388,0,0,0,11.346362011319073,284.0201987753878,93921.51437453664,1.1520154623099226,337.84493082161987
99.8,632.8253643277266,-11.667530180612902,-1.748267940291416,-2.1715510503567153,656.2000118,0,0,0,11.995971626794933,284.03663513186973,93950.08532320213,1.1522992217154269,337.8547062872508
99.9,631.7934384198378,-9.273024877030329,0.11795378580048832,-1.7449840660459066,656.2000118,0,0,0,9.436518047265215,284.04334265027103,93961.74687335496,1.1524150365512047,337.8586954791373
100.0,632.7918994899372,-10.97582959583983,-1.1714116190446684,-4.0777915441964225,652.1000368,0,0,0,11.767303190453887,284.0368526533154,93950.46348301659,1.152302977392554,337.8548356554748
100.1,630.7133448797574,-10.443927921179888,-0.7838855859386434,-2.4261584080451897,652.1000368,0,0,0,10.75064424374519,284.05036325828155,93973.95400990716,1.1525362668621424,337.8628708257325
100.2,626.0323671851413,-10.998136108609378,-1.1609054980098972,-2.4832550346890025,647.9999388,0,0,0,11.334604316257154,284.08078961329653,94026.87291385027,1.1530617752219077,337.88096561051714
100.3,622.8934093924614,-11.146562116424288,-0.8368294306676453,-1.5012854604353276,647.9999388,0,0,0,11.278297236065875,284.101192838949,94062.37264812198,1.1534142719075506,337.89309902125615
100.4,620.9084475897256,-10.222910112307561,-0.14614719602244072,-0.6563838117683833,643.8999638,0,0,0,10.245003166206295,284.11409509066675,94084.82697914095,1.1536372204308483,337.9007715204069
100.5,618.2624061636212,-11.251384671214186,-0.7234479014034684,-1.2730596902504292,643.8999638,0,0,0,11.346264357074498,284.1312943599364,94114.76633966122,1.1539344718884048,337.91099902848333
100.6,616.9608108234567,-9.711589950580564,-0.6429955147528529,-1.6995626430184785,639.8999638,0,0,0,9.880128328000282,284.1397547296475,94129.49642714718,1.1540807122286896,337.91602985535246
100.7,614.3222586853412,-9.96215184576215,1.0628964776415508,-0.6728923822496455,639.8999638,0,0,0,10.041264983969631,284.1569053185453,94159.36251381833,1.1543772094386635,337.9262279556942
100.8,611.6080277395255,-10.58243070965792,-0.2677761304746722,-1.1455143539524066,635.7999878,0,0,0,10.647616959483189,284.1745478196931,94190.09322394835,1.1546822715683676,337.9367182362699
100.9,610.8297981284254,-11.351104133554786,-0.5180097770919336,-1.3629353492973821,635.7999878,0,0,0,11.444365073971197,284.1796063121652,94198.905891266,1.154769750955338,337.9397259699869
101.0,610.0839140801353,-11.697233827515992,-1.153711048839016,-3.032234916744363,635.7999878,0,0,0,12.138812832815297,284.1844545584791,94207.3529042287,1.1548535991943747,337.94260866812283
101.1,609.1172087917671,-11.610827440533786,-1.011523168771048,-1.5299629439955977,635.7999878,0,0,0,11.754798151598038,284.1907381428535,94218.30159364761,1.1549622778896278,337.94634476121877
101.2,604.5334077760813,-9.850581805396747,-0.5760880334668566,-1.6703897054038443,627.7999878,0,0,0,10.007799013521218,284.2205328494554,94270.23073267327,1.1554777033101524,337.9640595332744
101.3,600.3035278084863,-8.797043140915155,0.21002758392385362,-1.1713847231958172,623.7999878,0,0,0,8.877174200097,284.2480270692448,94318.1709157522,1.155953488183995,337.98040570174686
101.4,599.8517864203923,-9.810648344574444,0.13158273447793412,-0.7494367447765293,623.7999878,0,0,0,9.840111299743272,284.25096338826745,94323.29198282679,1.1560043097637138,337.9821513879735
101.5,596.3095923617036,-10.851076072994646,-0.37235826622073603,-0.6397813133116184,619.7999878,0,0,0,10.876296370971259,284.2739876496489,94363.45509297022,1.1564028711309762,337.99583934830383
101.6,594.6920533336862,-10.778722551598792,-0.017816013344080728,-1.3253998687158466,619.7999878,0,0,0,10.85991998435844,284.284501653331,94381.80013814886,1.1565849087016002,338.00208975600157
101.7,593.619277047996,-11.0864165973825,-0.057266688588095416,-0.3648852240085873,619.7999878,0,0,0,11.09256749679892,284.29147469918803,94393.96844154985,1.1567056508552254,338.00623505693306
101.8,591.6426534662708,-8.577245799629843,1.8768625184329693,0.9712335484123547,619.7999878,0,0,0,8.83374513023372,284.3043227524692,94416.39224464259,1.1569281472711126,338.0138727693507
101.9,589.7542411491702,-11.785358045363912,-1.4214844980062185,-2.5387550230594824,611.7999878,0,0,0,12.139215769670034,284.3165974325304,94437.81936394068,1.1571407448662654,338.0211694705096
102.0,587.4018957418464,-10.178587499293618,0.8382576666865307,-0.19862188479009657,611.7999878,0,0,0,10.214977731236257,284.33188767767797,94464.51606842356,1.1574056138842015,338.0302585583552
102.1,584.7460335506291,-9.80476531783208,1.3810649588900592,-0.0265974663703632,607.8999638,0,0,0,9.901589305947512,284.3491507819209,94494.66472097936,1.1577047139803351,338.04052009297726
102.2,584.2318286325884,-9.378836885864173,1.4723044272057693,-0.7770023144833732,607.8999638,0,0,0,9.525439320825502,284.35249311388816,94500.50274081503,1.1577626299692905,338.0425068059907
102.3,582.3751041756325,-10.480365602897113,0.4897215436769473,-1.5225138390398576,603.8999638,0,0,0,10.601695088560046,284.3645618228584,94521.58547266867,1.1579717752294503,338.0496804609525
102.4,579.7568123853191,-9.362750101689066,0.5163166379724826,-1.683771133487159,603.8999638,0,0,0,9.526949016725684,284.3815807194954,94551.32212009822,1.1582667541168215,338.05979625466205
102.5,581.1790889568975,-9.091283901264998,-0.09241632665684912,-2.08578444678572,599.9999388,0,0,0,9.32794085043886,284.3723359217801,94535.16800103209,1.158106512147705,338.05430131398384
102.6,577.582974836116,-9.986547439497787,-1.5290884932304671,-3.643863386384066,599.9999388,0,0,0,10.739971217843184,284.39571066356524,94576.01673575307,1.1585117041012782,338.06819466546534
102.7,574.3949794962896,-9.594319192373554,-0.8152963333041896,-2.7184296714251386,596.1000368,0,0,0,10.005275046430826,284.4164326332741,94612.24154579463,1.1588710019780453,338.080510799327
102.8,573.2104234983061,-9.168394992780708,0.14875522857747703,-0.801170818246034,596.1000368,0,0,0,9.20453527027218,284.424132247261,94625.70437654782,1.1590045271730944,338.08508696215335
102.9,570.676932126477,-10.075043879963083,-1.1934815094293978,0.07636780124347828,592.2000118,0,0,0,10.145774457260432,284.4405999411779,94654.5034652298,1.1592901461959757,338.09487410837977
103.0,568.8233567573748,-10.115961181428235,-0.4542782167573348,-1.17615637828818,592.2000118,0,0,0,10.194232837667144,284.45264818107705,94675.57820473662,1.1594991474200416,338.10203448741544
103.1,567.0008665736432,-9.729562650380833,-1.434526298164408,-2.354920960795164,588.2999878,0,0,0,10.112759653002902,284.4644943672713,94696.3032169125,1.1597046717155,338.1090746362412
103.2,565.0649864975794,-10.375486788539659,-1.0123988722517208,-1.6112296210529076,588.2999878,0,0,0,10.548542006716183,284.47707758776573,94718.32170084305,1.1599230136420526,338.11655264153427
103.3,563.3985056941456,-9.443547705394561,0.05899394360777721,-0.9581980115568304,584.3999638,0,0,0,9.492218759531237,284.487909712988,94737.27938772086,1.1601109960454423,338.12298986664376
103.4,560.2873118266785,-11.257092307835267,-1.078610194286889,-1.3985334694390557,584.3999638,0,0,0,11.394798069447514,284.5081324731266,94772.68018042791,1.160462007375419,338.1350073520566
103.5,559.6363881662647,-10.365410407864873,-0.5035703034166585,-1.5010746817922676,580.4999388,0,0,0,10.485634991466865,284.51236347691923,94780.08808541745,1.1605354562063828,338.13752159508937
103.6,556.5570144238194,-9.545568661971421,0.13580190003902753,-0.400684833847667,580.4999388,0,0,0,9.554939642537812,284.5323794062451,94815.13957733482,1.160882974351718,338.14941566116556
103.7,554.8174934696175,-10.821409142287266,-0.05804165731925193,-0.8020683567377817,576.6000368,0,0,0,10.851247776529796,284.5436862924475,94834.94460744101,1.1610793205878243,338.15613436746327
103.8,558.5374336191464,-9.543008025223248,0.6010208199535179,-1.3619956017815333,576.6000368,0,0,0,9.658429490075763,284.51950668147555,94792.5959169217,1.1606594679532587,338.1417663496844
103.9,551.4334063295098,-9.78038680503338,0.25618062497718425,-1.6157807015764094,572.7999878,0,0,0,9.916266527492668,284.56568285885817,94873.48317298596,1.1614613679483168,338.16920464538066
104.0,550.328347498772,-8.975053055684015,0.5685044020141612,-0.9597444830974531,572.7999878,0,0,0,9.044107699507368,284.57286574125794,94886.0705190214,1.1615861446678009,338.17347257796456
104.1,554.729658160053,-9.708114673446172,0.3817733070469602,-3.286680275157941,572.7999878,0,0,0,10.256486172265173,284.54425722195964,94835.94473076645,1.1610892355614972,338.1564736180411
104.2,550.5707362524007,-9.387042176990244,0.43542275641200645,-1.210951646975135,572.7999878,0,0,0,9.474838135857887,284.57129021435935,94883.30943611269,1.1615587746827085,338.1725364343542
104.3,545.4036297730216,-9.676638412140003,0.06215428163360792,-1.3619144636115565,564.9999388,0,0,0,9.772205744877825,284.60487640647534,94942.18273211834,1.1621423394135344,338.19249205366793
104.4,542.7257959663536,-9.970782288402134,-1.1671499488418933,-1.7184023650634548,564.9999388,0,0,0,10.184873348945043,284.6222823262187,94972.70523473917,1.1624448579011062,338.2028335162754
104.5,540.3885618228904,-9.635679873507948,-1.0075951819313416,-1.2963464444886248,561.2000118,0,0,0,9.774563354928736,284.6374743481512,94999.3520055566,1.1627089476219714,338.2118593667164
104.6,538.8533396705743,-10.278322563824744,-1.3073457419246406,-2.8577431546486647,561.2000118,0,0,0,10.748012074467475,284.6474532921412,95016.85834392114,1.1628824410493277,338.21778790376004
104.7,536.7984642258089,-10.243967127050672,-1.6355700235658657,-3.2351864065193903,557.2999878,0,0,0,10.866479783582625,284.6608099825322,95040.29444466102,1.1631146908032164,338.2257230130202
104.8,534.7271329807576,-10.013952109646269,-0.9839125327185114,-2.378449893770921,557.2999878,0,0,0,10.339455721821551,284.67427363562507,95063.92296267675,1.163348836365157,338.23372147961334
104.9,533.3694115552674,-10.879128827963624,-1.1386955078429395,-2.2370987600329952,553.6000368,0,0,0,11.164975699801234,284.68309882489075,95079.41362392428,1.1635023342523814,338.23896423203354
105.0,531.1595689529563,-9.954361272350253,-0.5010385956324694,-2.377921815612667,553.6000368,0,0,0,10.246699965156907,284.6974628018058,95104.63076836431,1.163752202265415,338.2474972208393
105.1,529.9550631446505,-10.695275751076682,-0.7128491785570568,-2.2468402815716133,553.6000368,0,0,0,10.951957295106258,284.70529208955975,95118.37800805393,1.1638884136271752,338.2521481558268
105.2,527.6480311753031,-9.867850208248509,0.5058671403477754,-1.6991425245384704,549.7999878,0,0,0,10.025839347147388,284.7202877973605,95144.71306791378,1.1641493380496042,338.26105607522317
105.3,525.8359972428116,-9.353403053013565,1.6248872520115736,-0.8959441067462438,549.7999878,0,0,0,9.53567633135094,284.7320660179217,95165.40180248383,1.1643543097619107,338.268052542096
105.4,523.6157326087829,-9.780154389233953,-0.039721077333487564,-1.138944643724607,545.9999388,0,0,0,9.8463288865803,284.7464977380429,95190.75644042964,1.1646054969163266,338.2766250363558
105.5,523.9518359579826,-9.565592153251037,1.0706263490095267,-1.5100880933623926,545.9999388,0,0,0,9.74305701878246,284.7443130662731,95186.91790758644,1.1645674695775188,338.27532734732983
105.6,515.6779991543135,-9.325436297796756,0.8710927744137669,-1.5636054041672731,545.9999388,0,0,0,9.495653038408799,284.7980930054969,95281.44729185886,1.1655038625663243,338.30727103643375
105.7,513.9238058358953,-10.141750337511539,0.9193918919136499,-0.45381725469988604,534.7000118,0,0,0,10.193445514642992,284.80949526206666,95301.49888321731,1.165702467701198,338.314043251188
105.8,512.7168230104807,-9.972369770287306,0.39642567460710126,-1.6986616325097523,534.7000118,0,0,0,10.123772196794459,284.81734065043185,95315.29748047353,1.1658391341442969,338.31870283386496
105.9,511.63351958972316,-8.629149442845296,0.9144080158804082,-1.3857583141650882,530.9999388,0,0,0,8.787416470825843,284.8243821226668,95327.68351446003,1.1659618068290396,338.3228848949419
106.0,507.2084408977471,-9.510548293130578,-0.15566353734877464,-0.7380879661652194,530.9999388,0,0,0,9.540415809524593,284.8531451341646,95378.29153202963,1.1664630028685414,338.33996724458484
106.1,504.49727309641304,-10.629548476773818,-1.1811476934826401,-0.6495828643253515,530.9999388,0,0,0,10.714680050824153,284.8707677248733,95409.30891956862,1.1667701582731835,338.350432873367
106.2,503.1351715266296,-10.026753073196705,-1.4355826028701777,-1.6390209984242197,530.9999388,0,0,0,10.260753599702051,284.87962138507686,95424.8952616819,1.1669244977302053,338.35569072504285
106.3,501.26204488642077,-10.507885288971544,-2.141481428637931,-3.490901408961654,523.4999388,0,0,0,11.277765230863611,284.89179670823825,95446.33256095056,1.1671367668431594,338.36292105243996
106.4,499.71721353433844,-9.62352515230835,-0.8002052267113631,-1.38098902712568,523.4999388,0,0,0,9.75498310890435,284.9018381120268,95464.01556612989,1.167311854638645,338.36888403350594
106.5,497.77971716655594,-10.314469664927962,-1.2155235317339583,-1.6749005385729978,519.7000118,0,0,0,10.520032021768293,284.9144318384174,95486.1969848522,1.1675314746291658,338.3763625357197
106.6,496.2589026265144,-8.797109408543232,0.4101184540180348,-0.4807448326401855,519.7000118,0,0,0,8.81977588639962,284.9243171329276,95503.61094688876,1.1677038848504797,338.38223258056803
106.7,494.2218850480891,-9.245978480335626,0.3960169096013317,-1.6564139583625006,515.8999638,0,0,0,9.401524060118009,284.9375577471874,95526.9396783493,1.1679348459907903,338.39009490802505
106.8,492.64578299505905,-10.167293529511749,-0.9600656659229536,-3.073199931701952,515.8999638,0,0,0,10.664902325776286,284.9478024105321,95544.99298893992,1.1681135715840125,338.3961781030048
106.9,490.76253641144126,-9.041206020784616,0.6992273013911243,-1.1579683428276022,512.1000368,0,0,0,9.14183875444506,284.9600435133256,95566.56807987606,1.1683271539497948,338.4034466235534
107.0,488.3245473827959,-9.700935579344364,0.9566111270797982,-0.915350198446268,512.1000368,0,0,0,9.790869315277265,284.9758904420118,95594.50434134582,1.168603695020987,338.4128559791003
107.1,486.2110201001357,-9.58272519204444,0.8270860636008598,-1.144953831813863,512.1000368,0,0,0,9.686258965143931,284.9896283693491,95618.72803360979,1.1688434729204964,338.4210128712316
107.2,484.5228245278478,-9.751090974865829,0.3847347098048013,-1.6471882579212214,512.1000368,0,0,0,9.896717898074693,285.00060164056896,95638.0804576991,1.1690350243312178,338.42752810800636
107.3,473.95705157029465,-9.900976517902988,1.6359490465662005,-2.186723960963242,512.1000368,0,0,0,10.270707228447222,285.06927916479304,95759.27196095414,1.1702344172036738,338.4683016442683
107.4,471.1256961924155,-8.822583821720908,1.6233213399458788,-2.427399542600956,512.1000368,0,0,0,9.293300059905228,285.08768297474927,95791.76928409829,1.1705559835199901,338.479227068756
107.5,468.23051407300073,-8.662450258981385,1.6505636928272607,-2.5051576540623617,512.1000368,0,0,0,9.167236217372905,285.1065016585255,95825.00842244273,1.1708848687476114,338.4903984184952
107.6,465.52284516694095,-9.26111135569907,0.944441190191124,-2.048892239613746,512.1000368,0,0,0,9.531952166997971,285.1241015064149,95856.10320157917,1.1711925169264983,338.5008458961114
107.7,462.7860758493179,-9.390901831099207,0.7859396540470437,-2.0244632917443957,480.9999388,0,0,0,9.638733835974856,285.1418905069794,95887.54047090591,1.1715035343621192,338.5114053293328
107.8,461.19448428153316,-8.733141410330633,1.4912784073952423,-1.1238893136235641,480.9999388,0,0,0,8.930554146886534,285.15223585217,95905.82692240017,1.1716844382637335,338.51754610641905
107.9,459.32066824723404,-9.027146208777468,0.762506082600242,-1.155392947103321,477.2000118,0,0,0,9.132673051350514,285.164415656393,95927.3595863449,1.1718974478282462,338.52477563663587
108.0,457.7186416258937,-8.939895482815139,0.5101459381259136,-1.5997070605735542,477.2000118,0,0,0,9.09621035385032,285.17482882943165,95945.77212873832,1.1720795847102605,338.5309564304034
108.1,455.89063668755614,-9.522873936726684,-0.7159603311144392,-2.771672465130275,473.3999638,0,0,0,9.943837059429283,285.18671086153086,95966.78539907312,1.1722874398695435,338.53800893536817
108.2,455.0243056557795,-9.201910565045669,-0.1751522449221678,-1.7173465074153318,473.3999638,0,0,0,9.362431061563658,285.1923420132374,95976.74534330133,1.172385956768465,338.54135121851766
108.3,452.69856089549404,-9.810121674087398,-1.0598098850097255,-1.3485611475670087,469.4999388,0,0,0,9.958930736855786,285.20745935417926,96003.48786286288,1.1726504657054952,338.55032371962665
108.4,451.9623470723042,-10.938806798248331,-2.507597974231872,-2.2992376852512257,469.4999388,0,0,0,11.455655184364407,285.21224474403,96011.9544567694,1.1727342054448258,338.5531639126761
108.5,450.3661559956791,-10.399907413219863,-2.466630446722175,-2.159832226530275,465.7000118,0,0,0,10.904458501503,285.22261998602806,96030.31302319712,1.1729157779550061,338.5593216761061
108.6,449.6048181899562,-11.25424038404512,-3.4554952701930866,-3.814793717418744,465.7000118,0,0,0,12.375420206629606,285.22756868176526,96039.070539099,1.1730023904602158,338.56225871490904
108.7,448.16300664467957,-9.448442604339931,-1.9179408517798437,-3.172204156669041,461.7999878,0,0,0,10.149603143474145,285.2369404568096,96055.6571797963,1.173166429493215,338.56782077063684
108.8,445.72489130966324,-9.670910290099739,-3.178108392942068,-2.991896641849107,461.7999878,0,0,0,10.61029331884627,285.25278820648714,96083.7106050573,1.173443860794721,338.57722604531597
108.9,443.6820814184214,-9.569767195460203,-2.3165322788992615,-2.792315615998317,457.9999388,0,0,0,10.234441483238667,285.26606647078023,96107.22067731057,1.1736763492307283,338.5851061884035
109.0,443.1388769592385,-8.840476128369712,-1.7160308424413722,-2.7143555257702983,457.9999388,0,0,0,9.405663503908936,285.26959729976494,96113.47303468877,1.173738176261604,338.5872015697825
109.1,438.4659535840515,-9.17414227766118,-0.9988720721224082,-1.874969667198015,454.2000118,0,0,0,9.416907305487774,285.29997130170364,96167.27262469086,1.1742701470119519,338.60522657959024
109.2,435.9993224649,-10.076704899851235,-1.9342473342819477,-0.5315068137509311,454.2000118,0,0,0,10.274424260362542,285.3160044039781,96195.68089800402,1.1745510253874798,338.61474080409835
109.3,433.43643524898465,-10.076901904707167,-1.3069025193174755,-0.5284225515273333,450.4999388,0,0,0,10.175027104880456,285.3326631708816,96225.20495383891,1.1748429190084526,338.62462602191556
109.4,431.3753933855454,-9.61549036930304,-0.5214661295356403,-1.1727971156458585,450.4999388,0,0,0,9.700774971149452,285.3460599429939,96248.9531530451,1.175077696466497,338.63257538118063
109.5,431.36736904237125,-9.230654784179624,0.31454331219595505,1.7582996342301178,446.7999878,0,0,0,9.401890386708363,285.34611210122455,96249.04562220704,1.1750786106058386,338.6326063303992
109.6,435.1755841781527,-10.147748752424924,-0.2481741032778199,-4.113503548932757,443.1000368,0,0,0,10.952593600374376,285.32135870284196,96205.16943289955,1.1746448369455356,338.61791804615285
109.7,431.9812453838999,-11.435579411529721,-0.14638929064670192,-3.3464423820576177,443.1000368,0,0,0,11.916064069912093,285.3421219050046,96241.97177671513,1.1750086789124206,338.63023865266996
109.8,429.2666320829363,-10.433492835369872,0.6670245702389158,-3.4214308467315337,439.3999638,0,0,0,11.000403790860721,285.3597668914609,96273.25610764293,1.1753179468904118,338.6407085993522
109.9,427.5781020406693,-10.794394521641195,1.1772985712312125,-4.07354475049366,439.3999638,0,0,0,11.59735969300491,285.37074233673565,96292.71958258905,1.175510347607006,338.64722089936595
110.0,422.3014531121131,-11.044529494959011,0.810678708039998,-2.3639445794312297,435.6000368,0,0,0,11.323739033875306,285.40504055477123,96353.56339324698,1.1761117543042487,338.6675710010421
110.1,418.9976699499553,-9.274731717698455,0.5871083775020131,-0.678639353945323,435.6000368,0,0,0,9.318041428054402,285.42651514532525,96391.67439267997,1.1764884231995212,338.6803118598007
110.2,415.84885334668604,-10.06935573475896,0.7391291401854891,-1.2640827667965895,431.7999878,0,0,0,10.175271104020108,285.4469824532465,96428.00912542877,1.1768475100335545,338.6924546524268
110.3,414.1269227024679,-9.67768758180459,0.2054807370824963,-1.5778864553883256,431.7999878,0,0,0,9.807628914800187,285.45817500243396,96447.88346749707,1.1770439121610523,338.6990947555487
110.4,413.28476560032226,-8.220005125230538,0.7099558920838372,-0.49016655839700307,427.9999388,0,0,0,8.265154861373839,285.4636490235979,96457.60476375587,1.1771399771037192,338.7023422315135
110.5,410.5395323749518,-9.640284804013174,-0.9662624082590724,-1.7882191386510466,427.9999388,0,0,0,9.852232327342866,285.4814930395628,96489.29940203909,1.177453167770357,338.71292801989284
110.6,407.5788581903354,-8.801697429702926,-1.8347528330960747,-4.470428445104944,424.2999878,0,0,0,10.04096240832504,285.5007374217628,96523.49082954542,1.1777910085213816,338.7243441910897
110.7,407.7486845338192,-9.286631891368136,-2.012068750093046,-4.98981618541704,424.2999878,0,0,0,10.732577421343235,285.4996335505302,96521.52932013603,1.1777716277347903,338.7236893619216
110.8,409.1896832279708,-8.675353318696061,-2.0939572884831477,-5.188189602377738,420.6000368,0,0,0,10.322970680982433,285.49026705901815,96504.8869555653,1.1776071890484376,338.71813300000287
110.9,405.0259943666746,-9.234159176519093,-2.149909376865306,-3.5969469639239446,420.6000368,0,0,0,10.140504597272605,285.5173310366166,96552.98052398638,1.1780823738127648,338.7341875625859
111.0,401.80074740437675,-8.899165266026243,-1.8469077931684035,-2.125815267844951,416.9999388,0,0,0,9.334093495434724,285.5382951418715,96590.24775843156,1.178450558857713,338.7466231103476
111.1,399.55836974866224,-8.289107818340797,-1.1818891665982632,-0.9669663455136105,416.9999388,0,0,0,8.428593853043152,285.5528705966337,96616.16495209717,1.1787065942044699,338.7552687511578
111.2,398.4486564109074,-8.014800585064423,-1.596647453855721,-2.8377857037846526,413.2000118,0,0,0,8.650973310030354,285.56008373332907,96628.9929990033,1.1788333173434478,338.75954724540674
111.3,397.64254666766067,-9.4542777543558,-1.4906490935744034,-2.1370581759827436,413.2000118,0,0,0,9.806753806648551,285.56532344666016,96638.31231858915,1.1789253771628252,338.7626551636253
111.4,395.7134508725674,-8.387428277615857,-1.6608362875378526,-1.7297428448316257,409.3999638,0,0,0,8.723493600352949,285.5778625693283,96660.61727434752,1.1791457072265774,338.7700925860132
111.5,393.47207040646225,-9.9900647290861,-1.7573723917841655,-0.8779935409318305,409.3999638,0,0,0,10.181386137096135,285.592431542358,96686.5382222682,1.179401744185956,338.77873378346436
111.6,389.1848392621329,-9.666833144435056,-1.1634364929627097,-0.28241700446049917,405.7000118,0,0,0,9.740688213874519,285.6202985447961,96736.13454949913,1.1798916008629423,338.79526173811405
111.7,387.79703584494524,-9.349848084206249,-0.9235611505338086,-0.7750839348919898,405.7000118,0,0,0,9.427267870525279,285.6293192670078,96752.19360228011,1.180050203862604,338.8006117672051
111.8,388.9173817607265,-9.766023070337804,-0.8885622800571849,-1.4529397604867593,401.9999388,0,0,0,9.913414320178187,285.62203701855526,96739.22928255177,1.1799221655674312,338.79629280239595
111.9,389.4383626317347,-9.778075298234471,-1.097490370376362,-1.9719473278020936,401.9999388,0,0,0,10.035129192722822,285.6186506428937,96733.20112137387,1.1798626290925907,338.79428438782685
112.0,387.8524985987388,-10.676546162924257,-1.136269971278085,-4.094329809262532,398.4999998,0,0,0,11.491008833157197,285.6289587591082,96751.55177019683,1.1800438650733938,338.80039795803486
112.1,386.1324099425112,-9.753667185921538,-0.3151101905110964,-3.7965316992017524,398.4999998,0,0,0,10.471244956972894,285.64013933537365,96771.4587709982,1.1802404646125857,338.8070288448966
112.2,383.93142566025193,-9.024614833015354,0.7289435420655962,-2.737712272987391,394.8999638,0,0,0,9.458863571352833,285.6544457332083,96796.93612985355,1.1804920652229374,338.8155133797808
112.3,385.304068198665,-10.993618015201307,-0.33771193204163513,-3.6805000211914267,394.8999638,0,0,0,11.59826568152291,285.64552355670867,96781.04655284998,1.18033514983704,338.8102220295818
112.4,380.275752512962,-10.863868693460804,0.22516429175501274,-1.8354697469902286,391.2999878,0,0,0,11.020131176131963,285.67820760866573,96839.2641526367,1.1809100460197146,338.8296050992217
112.5,379.3526411612902,-10.092253614862184,0.778575282189447,-1.7512795615508432,391.2999878,0,0,0,10.272621018972758,285.6842078324516,96849.9549720835,1.1810156102341243,338.8331633734032
112.6,376.1619347759797,-10.70737598543588,-0.12857962315869986,-3.6854702099443335,387.7000118,0,0,0,11.32462466845448,285.7049474239561,96886.91482599401,1.1813805453420991,338.84546215238777
112.7,373.1051730199464,-10.56703603996211,0.0921513030843994,-1.935670084388556,387.7000118,0,0,0,10.743256545764654,285.7248163753703,96922.33383054777,1.181730241521258,338.8572442146841
112.8,370.37021719149215,-11.253869231208242,-0.28214144595677987,-1.999883357461106,383.9999998,0,0,0,11.433665637585877,285.74259358825526,96954.03292394431,1.1820431899438302,338.8677855525841
112.9,367.63447763442935,-10.162220875636097,-0.10432522091138396,-1.435698252848237,383.9999998,0,0,0,10.26366632106499,285.76037589537617,96985.749499001,1.1823562914708876,338.87832958316295
113.0,364.9091599817043,-9.729343099594287,0.23913809759884497,-1.8493866876892764,380.2999878,0,0,0,9.906439082735455,285.7780904601189,97017.3536014838,1.1826682633076426,338.88883311966475
113.1,363.000466073214,-9.47893084088001,-0.0846709119971889,-2.6801510367039754,380.2999878,0,0,0,9.850914101192336,285.7904969705241,97039.49270478309,1.1828867923023454,338.896189145798
113.2,360.8227216736673,-8.609903723948772,-0.7578380585866421,-3.1154265193677735,376.4999998,0,0,0,9.187526492821085,285.80465230912114,97064.7575439604,1.1831361629867612,338.90458188620954
113.3,359.66250305921216,-9.409644763900507,-0.9210138050383031,-3.7084478987409937,376.4999998,0,0,0,10.155898130128515,285.8121937301151,97078.21985495616,1.1832690345344408,338.90905313125137
113.4,357.48884122836347,-10.290082971566209,-0.7547286733466406,-2.136140980466311,372.8999634,0,0,0,10.536532694416888,285.82632253201564,97103.4454743836,1.1835179992205151,338.9174298202161
113.5,354.65337778845696,-8.06852777778262,0.7547921385666191,-1.6651403381565326,372.8999634,0,0,0,8.273061345055273,285.844753044375,97136.35936232717,1.183842824903799,338.92835659758975
113.6,352.9344893917602,-8.866600718955276,-0.543673610948222,-2.6748548251140902,369.0999756,0,0,0,9.277232218719968,285.85592581895355,97156.31651246229,1.1840397709245463,338.9349803559126
113.7,351.6042548667985,-9.333627954807735,-0.20350980901884852,-3.428992705396979,369.0999756,0,0,0,9.94565322212679,285.8645723433658,97171.7634764882,1.1841922031413563,338.94010634274076
113.8,350.3995279767645,-9.441168202095342,-1.2117571318729392,-2.4734032923149547,365.3999634,0,0,0,9.83472095248948,285.872403068151,97185.7547353788,1.1843302663323505,338.9447486257869
113.9,348.2696099901688,-9.111474093990338,-0.10112209385157928,-0.12080967988832458,365.3999634,0,0,0,9.112836047141235,285.8862475350639,97210.49481773346,1.1845743876978867,338.9529558757618
114.0,347.0879467567015,-9.626679288579139,-0.9887507998740511,-0.49984240884225645,361.7000122,0,0,0,9.690223150324629,285.8939283460814,97224.22263741898,1.184709841083989,338.95750911351666
114.1,345.8352272333537,-8.709643064537861,0.05953599637549167,0.11039559500712037,361.7000122,0,0,0,8.710546138670862,285.9020710229832,97238.77765850822,1.1848534525516339,338.9623360817633
114.2,342.3703440399729,-10.325485998847624,-1.6071665262906234,-1.502166073250637,357.8999634,0,0,0,10.557232036251387,285.9245927637402,97279.04442098431,1.1852507352975301,338.9756865823333
114.3,340.12658915054277,-9.539779596089186,-0.6508343792504293,-0.11926954906561324,357.8999634,0,0,0,9.562698644028691,285.9391771705215,97305.12717592467,1.1855080580994921,338.98433168734726
114.4,338.04141593615253,-10.420241871719423,-2.158838474701071,-0.8799656800732492,354.2999878,0,0,0,10.677844530760462,285.952730796415,97329.37155853097,1.185747232432413,338.99236558535546
114.5,337.0669818240152,-8.808203791158952,-5.800924992192752,-0.27855703182112734,354.2999878,0,0,0,10.550487136223163,285.9590646181439,97340.70301525074,1.1858590150009367,338.996119886487
114.6,335.17361677249295,-10.951330280939517,-1.6801177750616287,-2.785903873556755,350.5999756,0,0,0,11.424346416885273,285.97137149097875,97362.72355019063,1.1860762361216415,339.00341452716907
114.7,333.7259740265375,-9.951303732969114,-1.6579079988795402,-2.540568115783879,350.5999756,0,0,0,10.403441318597007,285.9807811688275,97379.56289103611,1.1862423411511147,339.00899181041893
114.8,331.1527409713428,-9.956169598537176,0.8227839004347368,-1.7710555968974488,346.7999878,0,0,0,10.145882137544882,285.99750718368625,97409.50120026503,1.1865376422884886,339.01890539010947
114.9,328.97475777388894,-9.608785056369644,1.1439183254890415,-2.7935989332363977,346.7999878,0,0,0,10.071816836831465,286.0116640744697,97434.84679388451,1.1867876289685533,339.02729601258824
115.0,327.1672947445253,-9.06196504174629,-5.536246457280266,-0.8817729314781129,343.0,0,0,0,10.655832147526896,286.02341258416055,97455.88463015934,1.1869951183158904,339.03425905827953
115.1,325.2439062661993,-8.135618688628464,-3.8256779184693532,-0.31308439821134193,343.0,0,0,0,8.995672560905499,286.0359146092697,97478.27581183254,1.187215945907751,339.0416685365196
115.2,323.49243080915835,-8.36617133797183,-0.9144199203109773,-1.181842968429387,339.2000122,0,0,0,8.498572788944557,286.04729919974045,97498.66928687195,1.1874170632053187,339.0484156125784
115.3,321.01203487921,-9.691964126707882,-8.925788899676942,-2.633964445194848,339.2000122,0,0,0,13.436578612635701,286.0634217732851,97527.55592893549,1.1877019251058696,339.05797042398234
115.4,319.0627115612579,-10.619279293157536,-20.20221192703931,-2.5736190314249026,335.2999878,0,0,0,22.96784653314294,286.0760923748518,97550.26257277039,1.1879258324810467,339.0654792848745
115.5,317.33504078345146,-9.559679595350133,-8.212720566877348,-0.9726107052766729,335.2999878,0,0,0,12.64049938330692,286.08732223490756,97570.39088069025,1.188124306917195,339.072134193511
115.6,316.1680708415148,-10.186725642619622,-2.0984089437890225,52.9530042297018,331.3999634,0,0,0,53.96474178909961,286.09490753953014,97583.98862058872,1.188258382519843,339.07662923432366
115.7,315.42742740468555,-9.785804779657395,0.6371315299206428,-0.1159186431775582,331.3999634,0,0,0,9.807209027231991,286.0997217218695,97592.61952470872,1.188343482588208,339.0794820810715
115.8,313.5737297654533,-8.705638176044818,1.3481558871240258,-0.07755348549573954,328.2000122,0,0,0,8.80974885517792,286.11177075652455,97614.22383877558,1.1885564932294876,339.08662213942404
115.9,295.20377566378403,-9.221272990479365,-1.1624876635111892,-5.982665040168493,328.2000122,0,0,0,11.053304217093377,286.23117545818536,97828.52980701762,1.1906689863566915,339.1573712620455
116.0,293.92335182563687,-9.237463661411807,-1.6528210451956151,-1.580633232125113,328.2000122,0,0,0,9.51635191225311,286.23949821313334,97843.48156780355,1.1908163385112291,339.16230207219655
116.1,287.1030998289694,-8.953651921391033,-3.1983141915478877,-10.323579801952567,328.2000122,0,0,0,14.034721098923518,286.2838298511117,97923.1541720313,1.1916014534067554,339.1885651113054
116.2,285.73998849339154,-8.599473553692771,-0.6785013310368675,-3.8596871506121015,306.2999878,0,0,0,9.45031715644932,286.2926900747929,97939.08402000983,1.191758415756154,339.19381385921093
116.3,286.7988702143035,-11.07564565147832,-2.7461560123947866,-6.132420854898664,306.2999878,0,0,0,12.95445425261592,286.285807343607,97926.70933546845,1.1916364840934512,339.18973657405286
116.4,281.9485293062158,-11.647320139276923,-5.572059131199026,-61.69316448997079,306.2999878,0,0,0,63.029790212049555,286.31733455950956,97983.4035189669,1.1921950856878163,339.20841268964733
116.5,281.92524240043406,-11.592107103268885,-7.551230010657841,-30.710394028177536,303.5999756,0,0,0,33.682730339647925,286.31748592439715,97983.67577673345,1.1921977680654468,339.2085023528117
116.6,235.05783174815227,-13.305577890440958,-7.03836292466996,-1.3158378358238245,303.5999756,0,0,0,15.109877063303507,286.622124093637,98532.86658636756,1.1976057056880525,339.38891114694644
116.7,233.12595757412808,-61.44700256495174,-9.70802578529947,-1.7870535626435686,288.5,0,0,0,62.23482505238512,286.6346812757681,98555.55759793712,1.197829022815028,339.39634553762204
116.8,232.76196654654706,-7.192479887762442,-10.980699612534888,-5.085908155114978,288.5,0,0,0,14.077428482462842,286.63704721744745,98559.83336279789,1.1978711023259245,339.39774625839163
116.9,231.83126980469277,-8.335164821269334,-4.325459749473393,-9.773999258097112,286.0999756,0,0,0,13.554174122362571,286.64309674626946,98570.76684398048,1.1979787015045065,339.40132776614666
117.0,231.1821431041305,-9.284552638062813,-4.237968014790244,-13.392695636959898,286.0999756,0,0,0,16.838277435877725,286.64731606982315,98578.39312578831,1.1980537523456922,339.4038257135294
117.1,230.50066289392666,-8.421943009269569,-5.34083575958299,-14.6350171165221,283.8999634,0,0,0,17.709810181453662,286.65174569118943,98586.40002771944,1.198132547710806,339.40644814281046
117.2,229.52169988754105,-12.95515730871326,-8.666544758130662,-18.62518216127789,283.8999634,0,0,0,24.286673495540157,286.65810895073093,98597.90305997379,1.1982457461202418,339.41021529121696
117.3,227.7682630473623,-11.820095351469515,-5.779287626148616,-4.481547558657585,284.0999756,0,0,0,13.89960748021668,286.66950629019215,98618.50904797524,1.1984485181160014,339.4169625885535
117.4,226.78561203025504,-10.862926158733492,-5.309386196042259,-6.352828269347618,284.0999756,0,0,0,13.65837375124296,286.67589352180335,98630.05846219143,1.1985621659123502,339.4207438115813
117.5,225.7376200314363,-43.2852164721148,-2.30714623585488,0.07177043936512531,284.0,0,0,0,43.346718904519456,286.6827054697956,98642.37705690156,1.1986833797581773,339.42477641908636
117.6,225.98434734639002,-41.89048042029288,-2.1855407689780595,-0.9632697806095349,284.0,0,0,0,41.95851316438706,286.6811017422484,98639.4767949715,1.1986548417051437,339.4238270321596
117.7,223.99137920797418,13.56784041192476,-1.6523044232493622,-3.2732490319445624,283.7999878,0,0,0,14.054556648136364,286.69405603514815,98662.90596669745,1.1988853759551208,339.43149573786604
117.8,222.64544697151564,10.002140216528218,-0.5356403545210913,-1.9416621421316387,283.7999878,0,0,0,10.202929548647774,286.7028045946851,98678.73118590511,1.1990410842746237,339.43667462792837
117.9,222.0496254288175,8.664626946121109,-6.439033007399834,-1.7845594713224076,282.7999878,0,0,0,10.941734720441683,286.7066774347127,98685.73740033664,1.1991100186665327,339.4389672101422
118.0,220.32256879059065,5.725677228872536,-8.9973560527086,-5.133667245731067,282.7999878,0,0,0,11.835976303555764,286.71790330286115,98706.04798722036,1.1993098499882342,339.4456124334513
118.1,219.76972719199054,7.314713703900383,-6.427221539840437,-6.1450327991118865,282.7000122,0,0,0,11.514149616640292,286.72149677325206,98712.55024784434,1.1993738226229664,339.44773958338095
118.2,218.90269018201676,6.573916477509093,-11.382802861983837,-7.8357560610238846,282.7000122,0,0,0,15.303060213432003,286.72713251381685,98722.74862437822,1.1994741579608446,339.4510756255275
118.3,217.7057738040586,9.286742227631516,-4.975273409460708,-9.003025439918794,282.5999756,0,0,0,13.858260849514492,286.73491247027357,98736.82855312373,1.1996126781805874,339.45568086928347
118.4,216.62162113320736,5.430450442386237,-1.8949722872452064,-8.805315076565233,282.5999756,0,0,0,10.517332626394737,286.74195946263416,98749.58338914198,1.1997381587167644,339.4598521905776
118.5,215.90477931808562,5.889890304464558,-0.38388720163066664,-7.432043094235438,282.5,0,0,0,9.490702910573805,286.74661893443243,98758.01762023006,1.1998211319697583,339.4626102403332
118.6,214.6856207005188,8.86010406335746,-2.207600699199264,-5.654568928215506,282.5,0,0,0,10.740069581923978,286.7545434654466,98772.36335956378,1.1999622576430042,339.4673009031342
118.7,213.66221640978293,8.21162007692742,0.7467436053338289,-4.2325750982948405,281.0999756,0,0,0,9.26838833145278,286.76119559333637,98784.40697651352,1.2000807332622614,339.4712383591489
118.8,212.1572698903419,7.905140866637369,-2.609670842047916,-6.283046318706949,281.0999756,0,0,0,10.42968384315806,286.77097774571274,98802.11963427784,1.2002549714478266,339.4770284226454
118.9,211.987887694455,10.343868451042038,0.18507392353040755,-3.480098393650018,278.8999634,0,0,0,10.915170714153728,286.772078729986,98804.11336038556,1.2002745832210884,339.4776800898985
119.0,210.800594818067,10.161872348324797,-0.6941908694745516,-0.8590743958533653,278.8999634,0,0,0,10.22171998268984,286.77979613368257,98818.08939661534,1.200412059797386,339.4822479486122
119.1,210.41859496580577,5.343844784390185,-4.1997126733079915,-1.3679815130776787,276.2999878,0,0,0,6.932938557215132,286.78227913272224,98822.58638972341,1.200456294100393,339.48371759933804
119.2,209.56529630586112,6.781135927320357,-9.685889374658112,-0.36381725987332114,276.2999878,0,0,0,11.829311917499325,286.7878255740119,98832.63222298927,1.2005551077301138,339.48700043363687
119.3,208.01102305739536,6.9215941640604655,-11.489580286789849,-1.9583275688233457,276.2999878,0,0,0,13.555588065641393,286.7979283501269,98850.93271236458,1.200735111558113,339.4929799952651
119.4,207.19425167148577,8.991605301946091,-8.343314434601849,-3.034228667940279,276.2999878,0,0,0,12.63591727062073,286.8032373641353,98860.55072864947,1.2008297119372124,339.49612221574057
119.5,206.1780870102979,9.203242593969998,-5.324555462838506,-2.1991511363490326,271.0999756,0,0,0,10.857570208882475,286.80984243443305,98872.51778873609,1.2009474144731154,339.50003148619237
119.6,205.02092787906142,8.511023120858093,-5.5803667616771016,-1.905350656615941,271.0999756,0,0,0,10.354147424258475,286.8173639687861,98886.14672592007,1.201081459171746,339.5044831193486
119.7,204.23329924657517,6.382722161341162,-2.391378804301598,-4.737482839552119,268.5,0,0,0,8.300697466453608,286.82248355489725,98895.42422948821,1.2011727042004923,339.5075131218845
119.8,203.2381423218383,6.208358573125643,0.546536881067146,-14.45540387108043,268.5,0,0,0,15.741700029250854,286.82895207490805,98907.14722345889,1.2012879985041869,339.5113414458246
119.9,202.51971174055322,8.493410372884236,3.673232997254458,-7.5733006803654295,266.0,0,0,0,11.957656275774111,286.83362187368635,98915.61106785634,1.2013712378287116,339.514105189134
120.0,201.48056220052757,11.390450909698735,3.3349468477550372,-8.423464074012921,266.0,0,0,0,14.5540025219798,286.84037634569654,98927.85434606147,1.201491644332518,339.5181026720741
120.1,200.9349063102906,12.610226404474139,6.243753180960491,-5.247234682413783,263.5,0,0,0,15.01784723484618,286.84392310898306,98934.28376470727,1.201554873306574,339.520201725622
120.2,199.50965670175148,10.272236784732254,4.087053421967548,-3.2088379327188883,263.5,0,0,0,11.511711215717613,286.8531872314386,98951.07896017555,1.201720038980667,339.5256843785139
120.3,198.90038489044142,7.838341249209794,1.9353466168983653,0.8722169565287334,261.0,0,0,0,8.12070948168077,286.8571474982121,98958.2593466989,1.2017906500102267,339.52802809945825
120.4,198.24808215705832,13.771946368131372,-0.41870176700882994,1.397478065431476,261.0,0,0,0,13.848998623718082,286.8613874659791,98965.94732864268,1.2018662515895286,339.53053733199465
120.5,197.42506148517054,11.84561741028474,-5.671412495048039,-0.9529543166815192,258.7999878,0,0,0,13.167827970075777,286.86673710034637,98975.64806706461,1.201961644488749,339.5337032438992
120.6,196.1300919014005,8.621738809929166,-6.613171714772515,-1.806119393075477,258.7999878,0,0,0,11.015011915461072,286.8751544026409,98990.91310787336,1.202111750748188,339.53868454093606
120.7,195.85519178768345,3.670659731388609,-7.3789980725059685,-1.101939311661543,256.3999634,0,0,0,8.314903827722231,286.87694125338004,98994.15386282913,1.2021436176104352,339.5397419765407
120.8,195.5262051533453,6.50271556577308,-5.984136038326929,-0.53067463422155,256.3999634,0,0,0,8.853067797207745,286.87907966650323,98998.0323483436,1.2021817551184375,339.5410074579765
120.9,195.31986939594665,12.203189043033378,-4.939776727601242,-1.8996852783902833,254.2000122,0,0,0,13.301429287692864,286.88042084892635,99000.46494231008,1.202205674895601,339.5418011476025
121.0,193.20845207061745,5.830037803846983,-4.033442929003359,-4.921024940361829,254.2000122,0,0,0,8.62986031865379,286.89414506154094,99025.3602639553,1.2024504649914478,339.54992280352747
121.1,192.05186334842784,8.269644873984173,-0.41422131889841163,-6.3237784627633,254.0999756,0,0,0,10.418674564883558,286.9016628882352,99038.99953124607,1.2025845718728498,339.55437158855
121.2,191.60578867784506,11.327383523522954,-4.053543276272408,-11.543029227329349,254.0999756,0,0,0,16.6728028334942,286.904562373594,99044.26034838903,1.2026362974499902,339.55608738627586
121.3,190.40722455669902,7.842865035581185,-4.903206457158627,-11.480500910201059,251.8999634,0,0,0,14.742925987638655,286.91235304038145,99058.39683059759,1.202775288039943,339.5606975436617
121.4,189.08632722583312,11.600317256085026,-2.471385035275783,-7.873986849997281,251.8999634,0,0,0,14.23638905580833,286.92093887303207,99073.97806604915,1.2029284791429842,339.56577817104215
121.5,188.57357682887064,9.432627046715279,-1.3709359348025663,-5.08368658353509,251.5999756,0,0,0,10.802675021464465,286.9242717506123,99080.02697744186,1.2029879494054871,339.56775036569445
121.6,187.77780723924164,7.549434142909702,-1.273885782687284,-7.268755814105962,251.5999756,0,0,0,10.557061710085945,286.9294442529449,99089.4152556617,1.2030802495002837,339.57081111593055
121.7,186.9781102236463,7.362581799706924,-0.9521421488215217,-2.491055145262682,250.0,0,0,0,7.830679483012812,286.9346422835463,99098.85059426689,1.2031730105890819,339.57388694434195
121.8,185.761642974508,5.868915635403557,-3.1397957270853283,0.33178199269706454,250.0,0,0,0,6.664275447037409,286.94254932066565,99113.20465055609,1.203314125554799,339.5785657185917
121.9,184.476769313332,4.308942411193483,-2.9246049183031864,3.306516148639017,247.7000122,0,0,0,6.1687395529683124,286.95090099946333,99128.36771621241,1.2034631896818455,339.5835075274627
122.0,183.4968794564152,7.635276763352641,-1.834452243625158,2.400019437136171,247.7000122,0,0,0,8.21113631513724,286.95727028353326,99139.93286600025,1.2035768807240517,339.58727627642867
122.1,182.85213529331958,8.395879389360497,-0.7079886393151636,-0.44712812330076046,245.5999756,0,0,0,8.4375329446903,286.9614611205934,99147.54305475114,1.2036516912009168,339.58975600057914
122.2,182.50547041518982,7.628117087077939,1.014728719793803,0.6587115386201492,245.5999756,0,0,0,7.723454250531696,286.96371444230124,99151.6350828455,1.2036919166336704,339.5910892867002
122.3,174.45466930199706,11.020644724325855,1.3556804792175656,-5.8401323168830155,233.5,0,0,0,12.545900732121398,287.016044649537,99246.70511640009,1.2046263846889722,339.62205149741004
122.4,173.66572425392243,10.0565796997482,-0.31385638279608086,-4.3957492779377985,233.5,0,0,0,10.979795662984813,287.0211727923495,99256.02555422124,1.2047179885242025,339.6250855135137
122.5,172.21506945138304,10.000162847022917,0.0989475694736851,-4.276618481651919,231.0,0,0,0,10.876695878164885,287.030602048566,99273.16514748811,1.2048864369053116,339.6306641710333
122.6,171.03036388194838,9.754999181106205,0.2426137349753832,-2.423413574399777,231.0,0,0,0,10.054441993485593,287.0383026347673,99287.16430871449,1.205024016930913,339.6352200226501
122.7,170.4071589092113,13.53913882593888,-3.728514988910108,-1.8335848102677659,228.3999634,0,0,0,14.162349290531484,287.0423534670901,99294.5290980839,1.2050963946364472,339.63761656774636
122.8,169.3561861329943,10.840033011936034,-9.567790811737297,-2.4704159478754955,228.3999634,0,0,0,14.668056847195038,287.04918479013554,99306.95007982553,1.205218459922063,339.6416580627467
122.9,169.49447054720173,10.565912595676851,-3.9733698815246283,-4.9889212093146345,225.7000122,0,0,0,12.34161707506918,287.04828594144317,99305.3156857062,1.2052023983314748,339.64112629551767
123.0,169.49812471622784,7.964824163413609,-2.131626338908255,-7.4374308508206255,225.7000122,0,0,0,11.103946706624772,287.0482621893445,99305.272497097,1.2052019739057713,339.64111224354434
123.1,166.354072392887,5.206947198026537,-3.5392630107980683,-9.330694646662701,223.0,0,0,0,11.256133633352963,287.06869852944624,99342.43766255387,1.2055671926735962,339.65320236680907
123.2,165.4378161978425,5.084017421932637,0.24907435369271697,-7.798226545689792,223.0,0,0,0,9.312443741472105,287.074654194714,99353.27064884856,1.205673642570859,339.65672565287105
123.3,164.32730084467966,5.752666251103573,1.3278812287209398,-5.1558971937295315,220.5,0,0,0,7.838348896705449,287.08187254450957,99366.4016623303,1.205802670977763,339.6609958759793
123.4,163.42121845396966,6.864708738118597,-1.0218102058904188,-1.9586111874783894,220.5,0,0,0,7.21141317217223,287.0877620800492,99377.11644993702,1.2059079545810008,339.6644799609011
123.5,162.76096076639112,7.82049318571439,-0.9585296733549744,-1.1406398441948689,218.0999756,0,0,0,7.961152683919088,287.0920537550184,99384.92485109808,1.2059846786433686,339.6670187735766
123.6,162.35939079966533,6.364605196745258,-0.6835506968870405,-1.4891011072942728,218.0999756,0,0,0,6.572127735626913,287.0946639598022,99389.67417832087,1.2060313441886585,339.668562874938
123.7,160.90845838303062,7.27041232446372,2.57000109448407,-0.8244669085259422,215.7000122,0,0,0,7.755227055129824,287.1040950205103,99406.83574030473,1.206199965304003,339.67414188585576
123.8,159.5164000047156,6.676743276983121,3.2773533702712294,1.7794561835534348,215.7000122,0,0,0,7.6476408263956825,287.1131433999693,99423.30319820186,1.20636176128496,339.67949443283396
123.9,159.034088061475,6.540746205146931,-1.8691344075132377,-3.0389051596002585,213.0999756,0,0,0,7.4505012531063235,287.1162784276004,99429.00925835394,1.2064178232477603,339.68134893117076
124.0,157.76082451943154,11.755967239391735,-4.566682440555842,-3.557693635622095,213.0999756,0,0,0,13.103989402143101,287.12455464062367,99444.07405811596,1.2065658317576864,339.6862446043811
124.1,157.0874337949779,13.798790323999198,-8.987950177976717,-4.5516807290359464,210.3999634,0,0,0,17.085305389912197,287.12893168033264,99452.04212400006,1.2066441146151683,339.6888337499119
124.2,155.70898811244595,16.157033837247628,-5.372982410043208,-7.390960000387681,210.3999634,0,0,0,18.561922640823855,287.1378915772691,99468.35454309444,1.2068043734710137,339.6941337264409
124.3,154.7603787869257,12.980789602016818,-3.889831218852568,-7.002110481134029,207.8999634,0,0,0,15.253236928370155,287.144057537885,99479.58157058645,1.2069146687730656,339.6977809800203
124.4,153.94795446975388,11.909627636609224,-3.459814738683054,-4.9150554862478275,207.8999634,0,0,0,13.340439231958953,287.14933829594656,99489.19763029493,1.2070091359034847,339.70090459254305
124.5,155.07194377397371,9.412084105766766,-2.498905602648334,-4.76133738799494,205.2000122,0,0,0,10.839842717830047,287.14203236546916,99475.89400825436,1.2068784420987297,339.696583065993
124.6,152.28023964609693,7.352168345307649,-0.5999758796678626,-1.7254495641997343,205.2000122,0,0,0,7.575719545529922,287.1601784423003,99508.93948312216,1.207203072286192,339.7073165397049
124.7,150.60146720953676,5.518082095516308,1.6297837977726226,-3.2773470835377982,202.5999756,0,0,0,6.621663623766577,287.171090463138,99528.81543587249,1.2073983186200368,339.71377087839886
124.8,149.88042430331524,6.110393605534397,3.032567611624548,-5.867862021497071,202.5999756,0,0,0,8.998065405238927,287.1757772420284,99537.35326450643,1.2074821855162512,339.71654301822565
124.9,148.87384174432324,9.97862643455858,1.0355403633114677,-3.781355756541581,200.0,0,0,0,10.721193064302529,287.1823200286619,99549.2731439848,1.2075992719316129,339.72041291320477
125.0,147.61323428585015,13.062658255446028,2.5511278004824156,-2.764520499310691,200.0,0,0,0,13.593522992369401,287.19051397714196,99564.20279853386,1.2077459189582578,339.7252593670274
125.1,146.92598663772756,6.963896138824938,1.2594180178886942,-0.47308958622577335,197.3999634,0,0,0,7.09265795965933,287.19498108685474,99572.34278891044,1.2078258725211024,339.727901487903
125.2,146.27640594658317,7.4473883964496155,2.0546303901594034,-0.6688190509789198,197.3999634,0,0,0,7.754509584151102,287.1992033613472,99580.03713466035,1.2079014476780083,339.73039877942125
125.3,145.0888556607755,10.241349386044888,-0.5261196925340513,-3.2233190145040953,195.2999878,0,0,0,10.749503460494246,287.2069224382049,99594.10502663301,1.2080396220043281,339.7349642298264
125.4,144.29902660909605,11.386385465385645,-2.318635549912404,-3.1676627126461945,195.2999878,0,0,0,12.044082855940179,287.21205632704084,99603.46234655441,1.2081315272058055,339.73800063600174
125.5,143.08591888744036,13.14307701976603,-1.3437052406769645,-5.615911467164711,192.5999756,0,0,0,14.355642755667779,287.21994152723164,99617.83575055569,1.2082726959017878,339.7426642350774
125.6,142.42184520556555,13.185634387417245,-2.188729875136475,-4.887569835783921,192.5999756,0,0,0,14.231648940464346,287.2242580061638,99625.70468260099,1.2083499791452244,339.74521713327624
125.7,141.68084493059297,8.03861278866902,-4.225112833840201,-3.1537800139919603,189.7999878,0,0,0,9.613386624987546,287.2290745079511,99634.48574940313,1.2084362193783535,339.74806573770263
125.8,140.0008628146917,9.946732998735458,-4.52036166128541,-2.9912924619727312,189.7999878,0,0,0,11.32779755689546,287.2399943917045,99654.39634275388,1.2086317590791926,339.7545239525065
125.9,139.26247209159723,14.440101367287847,-1.3116082990986186,-3.2918513539919485,189.7999878,0,0,0,14.868528143854432,287.2447939314046,99663.14852497794,1.2087177109258187,339.7573624473995
126.0,137.780295196696,15.532048254635525,-0.5658347999062221,-3.2482684405689266,187.0999756,0,0,0,15.878159209023803,287.2544280812215,99680.71872058931,1.2088902567866584,339.76306010659914
126.1,136.46613144302913,10.65860199279115,-1.7134053549752257,-5.15052979713826,187.0999756,0,0,0,11.961166813584633,287.2629701456203,99696.29933283212,1.20904325935752,339.7681118239621
126.2,137.73336546625768,7.852385951950312,0.9354806408015527,-2.659144490682971,185.0,0,0,0,8.343029341314262,287.2547331244693,99681.27508148021,1.2088957203631727,339.76324050834353
126.3,135.015849906598,10.305132408350548,0.10204081431129497,-3.8190701244294014,182.2999878,0,0,0,10.99051695311605,287.2723969756071,99713.4960346588,1.2092121267459395,339.7736866983481
126.4,133.9893852718723,6.819195882520673,-0.4061482874973889,-5.223044397075163,182.2999878,0,0,0,8.599219830277757,287.2790689957328,99725.66878246945,1.2093316567905161,339.7776323675753
126.5,133.5612030115363,4.945991457297926,-1.9659919706995042,-8.621216451632797,182.2999878,0,0,0,10.131797916975199,287.281852180425,99730.74691137475,1.2093815205513592,339.7792782612668
126.6,132.14296817998317,8.262800934536,-4.101003257861879,-7.1903136670270635,179.5,0,0,0,11.695841895092414,287.2910707068301,99747.56829853044,1.2095466916451179,339.7847297701205
126.7,130.9210349918322,11.528187225065981,-5.463840381158462,-5.572122100250453,179.5,0,0,0,13.92124983997672,287.29901327255305,99762.06323525614,1.2096890148094226,339.7894266510377
126.8,129.65565975203657,7.5861739389050875,-4.997064811931043,-6.305058824403341,176.8999634,0,0,0,11.057778192075865,287.3072382116117,99777.07529216196,1.2098364113359605,339.7942904465883
126.9,128.7807844333798,8.01872079245465,-2.6257008610643013,-2.8537487360816924,176.8999634,0,0,0,8.907192038337682,287.312924901183,99787.45563705055,1.209938328731323,339.7976532144365
127.0,126.85756344322725,7.210743552144406,-4.2064158594819645,-3.8093828778326912,174.0,0,0,0,9.176064236240851,287.325425837619,99810.27761654036,1.2101623948016509,339.80504540304275
127.1,126.38167096492705,7.722649391537195,-0.8217630593832436,-2.270441285119285,174.0,0,0,0,8.091323240332871,287.3285191387279,99815.92546608606,1.210217843853008,339.80687454240916
127.2,124.77145626837222,9.257509933521971,-1.002183478079381,-2.4664477095991,171.0999756,0,0,0,9.632716449536959,287.3389855342556,99835.03726986809,1.2104054739191743,339.81306348734046
127.3,123.65029017307428,7.604236222617488,-0.4586506835762266,-2.1624472166714757,171.0999756,0,0,0,7.919024368178383,287.346273113875,99848.34625529623,1.2105361308001006,339.8173726816699
127.4,123.25255103370066,6.341575331098499,-2.1142429877942233,-3.357842189574094,168.2000122,0,0,0,7.480688822663179,287.34885841828094,99853.06802799173,1.2105824845584525,339.81890137623975
127.5,118.82133425882672,7.180379007879085,-2.3065766435597945,-4.660063525115386,168.2000122,0,0,0,8.865344356961948,287.3776613273176,99905.68558656021,1.2110990042091188,339.83593211667466
127.6,117.82929960957198,11.235914692480684,-1.2763667135039585,-2.708638608979983,162.7000122,0,0,0,11.62805289281491,287.3841095525378,99917.46837012755,1.2112146626730629,339.8397447413683
127.7,116.22752968658635,7.497197978317329,-2.590229049297338,-5.590125012233742,162.7000122,0,0,0,9.703955982294568,287.39452105703714,99936.49559324559,1.2114014262535795,339.845900633201
127.8,115.2174720600031,6.14849217204102,-5.393355290992411,-5.979060985860859,161.8999634,0,0,0,10.131209580162132,287.40108643160994,99948.49544885817,1.211519208538119,339.8497824102159
127.9,114.22418194318578,7.950266182264188,-6.653000943391548,-2.932867457601701,161.8999634,0,0,0,10.773618957689262,287.4075428173693,99960.29723811417,1.2116350441160622,339.8535997043671
128.0,114.50409094891327,9.950367147999321,-6.857909652817936,-2.1841586980795697,160.7999878,0,0,0,12.280524435242747,287.40572340883205,99956.97138149252,1.21160240081022,339.8525239957875
128.1,112.20514996364918,9.065503700200368,-6.348235740592006,-2.4747031344309347,160.7999878,0,0,0,11.340529527320962,287.42066652523624,99984.28987044793,1.2118705258472413,339.86135887519885
128.2,111.49293402601003,9.951573608255622,5.006708183273839,-2.7551227206309177,159.5999756,0,0,0,11.475698031872735,287.4252959288309,99992.7544125943,1.2119536006617777,339.8640958896942
128.3,109.84349129883931,11.969370837810562,5.0754343684752765,-0.4912306584239693,159.5999756,0,0,0,13.010272089449382,287.4360173065575,100012.35993332749,1.2121460129006867,339.8704345408501
128.4,108.84995305026645,10.36378122461465,1.8505407903992048,-0.1756399696991499,158.5,0,0,0,10.529164823838705,287.4424753051732,100024.17077825997,1.2122619232729015,339.87425255657416
128.5,107.60553054452691,10.906955020811193,-1.4355209520101753,-0.264929876474343,158.5,0,0,0,11.004207198572162,287.45056405146056,100038.9656431392,1.2124071148246023,339.8790346216731
128.6,106.65321562354185,10.465786851311442,-3.6403687279440007,-1.7175477935110322,156.8999634,0,0,0,11.213159649067283,287.45675409844694,100050.28885523177,1.2125182340484104,339.88269413069986
128.7,105.41851146850344,10.903295037148192,-0.8042562849606123,-1.8304717148324186,156.8999634,0,0,0,11.085093483493974,287.4647796754547,100064.97127598661,1.212662314972061,339.887438732553
128.8,104.41029681031614,8.48594750666971,2.071075640485485,-3.531683293462776,155.7000122,0,0,0,9.421966157861654,287.4713330707329,100076.96170252735,1.212779975945849,339.89131295332544
128.9,103.3587756525455,11.517633685884881,2.7878297949899618,-6.902564241727685,155.7000122,0,0,0,13.713980961020823,287.47816795825844,100089.46840106703,1.2129027001923547,339.89535353897577
129.0,102.27357973039452,12.178514816304673,1.4586240816081635,-7.307273722500935,153.0,0,0,0,14.277256620161745,287.4852217317524,100102.37695125387,1.2130293646212444,339.89952347324544
129.1,101.48680964318146,10.596659982230024,-4.517664078510353,-5.506965287132081,153.0,0,0,0,12.76813056711654,287.4903357373193,100111.73652928503,1.213121203015216,339.9025466552972
129.2,101.02665473297951,9.302323253042786,-8.307812524753892,-0.5312159385142696,150.3999634,0,0,0,12.483395260260318,287.4933267442356,100117.21095471641,1.2131749186155256,339.9043147986003
129.3,99.66738072537773,9.325872685189232,-6.647322331303312,4.650891249901522,150.3999634,0,0,0,12.36080842562544,287.50216202528503,100133.38354232577,1.2133336023705936,339.9095377495332
129.4,89.84830696243154,14.022034916773919,-7.921420640371149,-0.6780295116909417,146.5,0,0,0,16.1191219422042,287.56598600474416,100250.27333380801,1.2144803679755347,339.94726472752586
129.5,89.08068824173439,10.774769499579241,0.7783975568707561,-0.5029361803602578,146.5,0,0,0,10.814550629920822,287.5709755264287,100259.41599797335,1.2145700527834975,339.95021390610407
129.6,88.52121901664673,10.433629974616347,-0.4265348111057388,0.050889154395445294,146.0999756,0,0,0,10.442468869876166,287.57461207639176,100266.07993881687,1.2146354216169561,339.9523633616033
129.7,87.70240900830515,9.549577834080342,-2.2744583686541144,2.12735780163977,146.0999756,0,0,0,10.044563151083123,287.579934341446,100275.833582003,1.2147310968879022,339.9555091681806
129.8,88.48173250364272,11.208744210039708,-1.9745557608992046,7.017749281604937,146.0999756,0,0,0,13.370999296928614,287.5748687387263,100266.5502834858,1.2146400353545226,339.95251506648975
129.9,85.8767717282072,8.365545763854186,-1.0475814368643155,6.927531640199944,146.0999756,0,0,0,10.911941963737378,287.59180098376663,100297.58329122963,1.214944437390027,339.96252302473914
130.0,86.03350535803371,10.357898257021604,-0.970667019494466,2.622317474340183,145.8999634,0,0,0,10.728690493334932,287.59078221517274,100295.71589700895,1.214926120671255,339.96192088057666
130.1,85.16766200698524,12.750802085829509,-0.3676929193715008,0.18848139027666463,145.8999634,0,0,0,12.757494940207922,287.5964101969546,100306.03229187401,1.2150273103328388,339.9652472913226
130.2,84.3512806502547,11.869155789049383,-2.3764535239479887,-6.359908486850924,144.5,0,0,0,13.67380073195919,287.60171667577333,100315.76014143234,1.2151227253596082,339.9683836483814
130.3,83.65193578669425,14.091145269446566,-4.544795795506772,-9.563489672236459,144.5,0,0,0,17.62600007200941,287.60626241738646,100324.09401322965,1.2152044662393386,339.97107035404514
130.4,82.66051763024483,16.283536707349853,-6.847736555406747,-6.371953218307691,142.7000122,0,0,0,18.7788937759434,287.6127066354034,100335.90939089509,1.2153203524607588,339.9748790948672
130.5,82.0345684823372,22.51907677169196,3.1268042768361646,-0.53508677326473,142.7000122,0,0,0,22.74141687516238,287.6167753048648,100343.36981596144,1.2153935236022135,339.97728378785257
130.6,81.48244794727597,12.552075691901704,3.942037944601858,3.230003571979276,142.5,0,0,0,13.547220763201187,287.6203640883427,100349.95068161632,1.2154580672491795,339.9794048412084
130.7,74.8470140592937,13.057037523946834,-1.3641194421718101,1.0492505127226095,142.5,0,0,0,13.169964973101312,287.66349440861455,100429.06745490614,1.2162339637073105,340.0048948147511
130.8,74.19710114671187,13.518070044919968,-1.821840948234612,0.8409050961160724,141.0,0,0,0,13.666178820749453,287.6677188425464,100436.81932596039,1.2163099798796504,340.0073913479737
130.9,73.9872600269402,12.910615163405687,1.0734539087935484,1.1997825865476828,141.0,0,0,0,13.01060204013819,287.6690828098249,100439.32232061849,1.2163345244346162,340.00819741409816
131.0,73.65466611248249,11.30009967343859,3.106782514375311,-0.5222958957560992,140.5,0,0,0,11.731033339991782,287.67124467026883,100443.28961980536,1.216373427832153,340.0094750086252
131.1,72.79505127922228,8.298349905245637,-0.7497366293167371,-2.4871661176100615,140.5,0,0,0,8.695441993355887,287.676832166685,100453.54400083922,1.216473981097697,340.01277702878417
131.2,72.5348696019195,6.67866779805045,-0.7714429809330001,-2.05441735581389,139.8999634,0,0,0,7.029961486481713,287.6785233475875,100456.64788598096,1.2165044170486825,340.01377645280047
131.3,71.46851107537363,8.213581873373847,-0.38333081485562237,-1.8320090405916638,139.8999634,0,0,0,8.424139530482796,287.68545467801005,100469.37001742815,1.2166291653394903,340.01787257650426
131.4,71.15303172651647,9.061576345778928,-2.7772255382628646,-2.92816370678315,139.5999756,0,0,0,9.919641639418314,287.68750529377763,100473.13407642694,1.216666073667193,340.0190843944063
131.5,69.72657515747308,10.618494378705154,-6.019156677830344,-2.0816394191049055,139.5999756,0,0,0,12.382079496354155,287.6967772614764,100490.1548938095,1.2168329673167495,340.0245636392605
131.6,70.08483918890776,9.606368631203846,-5.658073278718118,2.3564149704196327,139.2999878,0,0,0,11.395121895738502,287.69444854527205,100485.87978304815,1.2167910492224714,340.02318749886524
131.7,64.86343530668428,9.403881430274652,-0.9255388415187389,0.22782557928073832,139.2999878,0,0,0,9.452063933152319,287.72838767050655,100548.20057921942,1.217402080289717,340.04324306350577
131.8,64.37651791753093,8.337678216867918,0.9220207062560819,0.10170461454151014,137.5999756,0,0,0,8.389120577236794,287.731552633536,100554.01384481548,1.2174590734137467,340.0451132671062
131.9,63.856378400039574,9.102302091073323,2.115669908429727,-1.299306005093369,137.5999756,0,0,0,9.434837497989275,287.7349335403997,100560.22404723195,1.217519957404802,340.04711106239444
132.0,63.69100552935224,8.777166566891067,1.5255722787322532,-5.107503664313355,137.3999634,0,0,0,10.26901248424409,287.7360084640592,100562.1985806222,1.2175393153152818,340.04774623786506
132.1,62.8565175370987,11.517235250886529,0.4921869274828269,-7.376285068139318,137.3999634,0,0,0,13.685705579264203,287.7414326360088,100572.1627518699,1.2176370008533537,340.0509513785145
132.2,62.576598737976134,14.060956800836287,1.9842632467036756,-3.774355749191475,137.2000122,0,0,0,14.693317124075762,287.74325210820314,100575.5052904016,1.2176697696162562,340.0520264970106
132.3,63.03452871820034,13.663956512662452,-1.1017332049891242,-0.8179038368859725,137.2000122,0,0,0,13.732679648244149,287.7402755633317,100570.0371492448,1.2176161622816957,340.0502676673496
132.4,61.05419212676195,11.026948593472012,-2.506626348957832,-2.2605315255535703,136.7000122,0,0,0,11.531989148207936,287.753147751176,100593.68607592548,1.2178480023327158,340.0578737314652
132.5,60.12803105555022,9.63163249580257,-2.760882756311723,-2.453264221918759,136.7000122,0,0,0,10.31548949254693,287.7591677981389,100604.74771847972,1.2179564405559151,340.06143086659813
132.6,60.48610326705238,9.508465185199624,-2.0842418764654354,5.810480228049715,136.7000122,0,0,0,11.336518639261444,287.75684032876416,100600.47095162577,1.2179145153155286,340.0600556121234
132.7,58.114934551485675,8.583705670236434,-2.306810816962054,5.061268350794885,136.7000122,0,0,0,10.22828512006095,287.77225292541533,100628.79461589173,1.2181921665119522,340.06916249953724
132.8,58.75070236304207,9.870721610830428,-1.4578436687682268,1.6117791656630147,134.2000122,0,0,0,10.107140315635665,287.7681204346402,100621.19972143641,1.21811771674498,340.06672074619246
132.9,57.83025143310575,9.587831115159544,-2.4314403226228185,-0.45775978853069316,134.2000122,0,0,0,9.90191655990361,287.77410336568477,100632.19559633824,1.2182255046407606,340.070255858356
133.0,56.26195017335184,14.134382765749296,-1.2596690797585857,0.35963489025921214,134.0,0,0,0,14.194959655226299,287.7842973238732,100650.93305085329,1.2184091747940056,340.07627903978386
133.1,55.120480905377974,9.984786042978364,-1.7834686697529114,-1.3372167075988637,134.0,0,0,0,10.2305846041723,287.791716874115,100664.57265876277,1.2185428702333037,340.08066287309043
133.2,53.28060397401011,12.761024347963744,2.249493904302936,1.622772398683594,134.0,0,0,0,13.05899519460624,287.8036760741689,100686.5608075191,1.2187583908152495,340.08772883467327
133.3,52.92826875192623,12.860555120830185,1.3154263917447513,0.956127944519094,133.7000122,0,0,0,12.962962827004496,287.80596625311244,100690.77196719454,1.2187996661916671,340.0890819449197
133.4,52.192543276661226,12.33827046257371,2.4501802399847445,2.76518162068278,133.7000122,0,0,0,12.879539223566672,287.81074846870166,100699.56592044226,1.2188858584281825,340.09190741197756
133.5,50.62710175416098,4.58601503388867,-1.846903789930173,1.3867822556512912,133.5,0,0,0,5.134759247024209,287.82092383859793,100718.27934351747,1.219069269668824,340.0979192277091
133.6,50.383991006684475,6.801749568441947,-2.0018827711182934,1.573054774329485,133.5,0,0,0,7.262632659314476,287.8225040584565,100721.18576297161,1.2190977550565465,340.09885284424576
133.7,48.84323186948223,9.02870090913308,-2.6886942008564576,2.2758588111895985,133.2000122,0,0,0,9.691545281366073,287.83251899284835,100739.60731070749,1.2192782982878738,340.10476975140466
133.8,48.86554569067674,8.522845542034215,-4.948385376233387,1.1301568937864022,133.2000122,0,0,0,9.919811922091359,287.8323739530106,100739.34050384082,1.2192756834506913,340.10468406138773
